# gamma != 1 F2(D/N) calculation from CJ15 (with WBAREL: [default])


     X        Q2         W2       THEORY        error         DATA           ERROR        chi^2     _w    ITYPE
.1000E-03    10.000  0.100E+06   0.10000E+01   0.00000E+00   0.10000E+00    0.10000E+01    0.81         test_SK   
.1274E-03    10.000  0.785E+05   0.10000E+01   0.00000E+00   0.10000E+00    0.10000E+01    0.81         test_SK   
.1624E-03    10.000  0.616E+05   0.10000E+01   0.00000E+00   0.10000E+00    0.10000E+01    0.81         test_SK   
.2069E-03    10.000  0.483E+05   0.10000E+01   0.00000E+00   0.10000E+00    0.10000E+01    0.81         test_SK   
.2637E-03    10.000  0.379E+05   0.10000E+01   0.00000E+00   0.10000E+00    0.10000E+01    0.81         test_SK   
.3360E-03    10.000  0.298E+05   0.10000E+01   0.00000E+00   0.10000E+00    0.10000E+01    0.81         test_SK   
.4281E-03    10.000  0.233E+05   0.10000E+01   0.00000E+00   0.10000E+00    0.10000E+01    0.81         test_SK   
.5456E-03    10.000  0.183E+05   0.10000E+01   0.00000E+00   0.10000E+00    0.10000E+01    0.81         test_SK   
.6952E-03    10.000  0.144E+05   0.99999E+00   0.00000E+00   0.10000E+00    0.10000E+01    0.81         test_SK   
.8859E-03    10.000  0.113E+05   0.99996E+00   0.00000E+00   0.10000E+00    0.10000E+01    0.81         test_SK   
.1129E-02    10.000  0.885E+04   0.99993E+00   0.00000E+00   0.10000E+00    0.10000E+01    0.81         test_SK   
.1438E-02    10.000  0.694E+04   0.99988E+00   0.00000E+00   0.10000E+00    0.10000E+01    0.81         test_SK   
.1833E-02    10.000  0.545E+04   0.99985E+00   0.00000E+00   0.10000E+00    0.10000E+01    0.81         test_SK   
.2336E-02    10.000  0.427E+04   0.99983E+00   0.00000E+00   0.10000E+00    0.10000E+01    0.81         test_SK   
.2976E-02    10.000  0.335E+04   0.99987E+00   0.00000E+00   0.10000E+00    0.10000E+01    0.81         test_SK   
.3793E-02    10.000  0.263E+04   0.99992E+00   0.00000E+00   0.10000E+00    0.10000E+01    0.81         test_SK   
.4833E-02    10.000  0.206E+04   0.99986E+00   0.00000E+00   0.10000E+00    0.10000E+01    0.81         test_SK   
.6158E-02    10.000  0.161E+04   0.99973E+00   0.00000E+00   0.10000E+00    0.10000E+01    0.81         test_SK   
.7848E-02    10.000  0.127E+04   0.99983E+00   0.00000E+00   0.10000E+00    0.10000E+01    0.81         test_SK   
.1000E-01    10.000  0.991E+03   0.99958E+00   0.00000E+00   0.10000E+00    0.10000E+01    0.81         test_SK   
.2237E-01    10.000  0.438E+03   0.99880E+00   0.00000E+00   0.10000E+00    0.10000E+01    0.81         test_SK   
.3475E-01    10.000  0.279E+03   0.99845E+00   0.00000E+00   0.10000E+00    0.10000E+01    0.81         test_SK   
.4713E-01    10.000  0.203E+03   0.99827E+00   0.00000E+00   0.10000E+00    0.10000E+01    0.81         test_SK   
.5950E-01    10.000  0.159E+03   0.99769E+00   0.00000E+00   0.10000E+00    0.10000E+01    0.81         test_SK   
.7187E-01    10.000  0.130E+03   0.99737E+00   0.00000E+00   0.10000E+00    0.10000E+01    0.81         test_SK   
.8425E-01    10.000  0.110E+03   0.99652E+00   0.00000E+00   0.10000E+00    0.10000E+01    0.80         test_SK   
.9663E-01    10.000  0.944E+02   0.99626E+00   0.00000E+00   0.10000E+00    0.10000E+01    0.80         test_SK   
.1090E+00    10.000  0.826E+02   0.99617E+00   0.00000E+00   0.10000E+00    0.10000E+01    0.80         test_SK   
.1214E+00    10.000  0.733E+02   0.99559E+00   0.00000E+00   0.10000E+00    0.10000E+01    0.80         test_SK   
.1338E+00    10.000  0.656E+02   0.99519E+00   0.00000E+00   0.10000E+00    0.10000E+01    0.80         test_SK   
.1461E+00    10.000  0.593E+02   0.99445E+00   0.00000E+00   0.10000E+00    0.10000E+01    0.80         test_SK   
.1585E+00    10.000  0.540E+02   0.99435E+00   0.00000E+00   0.10000E+00    0.10000E+01    0.80         test_SK   
.1709E+00    10.000  0.494E+02   0.99406E+00   0.00000E+00   0.10000E+00    0.10000E+01    0.80         test_SK   
.1832E+00    10.000  0.455E+02   0.99384E+00   0.00000E+00   0.10000E+00    0.10000E+01    0.80         test_SK   
.1956E+00    10.000  0.420E+02   0.99306E+00   0.00000E+00   0.10000E+00    0.10000E+01    0.80         test_SK   
.2080E+00    10.000  0.390E+02   0.99271E+00   0.00000E+00   0.10000E+00    0.10000E+01    0.80         test_SK   
.2204E+00    10.000  0.363E+02   0.99272E+00   0.00000E+00   0.10000E+00    0.10000E+01    0.80         test_SK   
.2328E+00    10.000  0.338E+02   0.99240E+00   0.00000E+00   0.10000E+00    0.10000E+01    0.80         test_SK   
.2451E+00    10.000  0.317E+02   0.99172E+00   0.00000E+00   0.10000E+00    0.10000E+01    0.80         test_SK   
.2575E+00    10.000  0.297E+02   0.99131E+00   0.00000E+00   0.10000E+00    0.10000E+01    0.79         test_SK   
.2699E+00    10.000  0.279E+02   0.99146E+00   0.00000E+00   0.10000E+00    0.10000E+01    0.79         test_SK   
.2823E+00    10.000  0.263E+02   0.99124E+00   0.00000E+00   0.10000E+00    0.10000E+01    0.79         test_SK   
.2946E+00    10.000  0.248E+02   0.99056E+00   0.00000E+00   0.10000E+00    0.10000E+01    0.79         test_SK   
.3070E+00    10.000  0.235E+02   0.99031E+00   0.00000E+00   0.10000E+00    0.10000E+01    0.79         test_SK   
.3194E+00    10.000  0.222E+02   0.99056E+00   0.00000E+00   0.10000E+00    0.10000E+01    0.79         test_SK   
.3317E+00    10.000  0.210E+02   0.99012E+00   0.00000E+00   0.10000E+00    0.10000E+01    0.79         test_SK   
.3441E+00    10.000  0.199E+02   0.98966E+00   0.00000E+00   0.10000E+00    0.10000E+01    0.79         test_SK   
.3565E+00    10.000  0.189E+02   0.98974E+00   0.00000E+00   0.10000E+00    0.10000E+01    0.79         test_SK   
.3689E+00    10.000  0.180E+02   0.98977E+00   0.00000E+00   0.10000E+00    0.10000E+01    0.79         test_SK   
.3812E+00    10.000  0.171E+02   0.98941E+00   0.00000E+00   0.10000E+00    0.10000E+01    0.79         test_SK   
.3936E+00    10.000  0.163E+02   0.98935E+00   0.00000E+00   0.10000E+00    0.10000E+01    0.79         test_SK   
.4060E+00    10.000  0.155E+02   0.98979E+00   0.00000E+00   0.10000E+00    0.10000E+01    0.79         test_SK   
.4184E+00    10.000  0.148E+02   0.98955E+00   0.00000E+00   0.10000E+00    0.10000E+01    0.79         test_SK   
.4308E+00    10.000  0.141E+02   0.98944E+00   0.00000E+00   0.10000E+00    0.10000E+01    0.79         test_SK   
.4431E+00    10.000  0.134E+02   0.99000E+00   0.00000E+00   0.10000E+00    0.10000E+01    0.79         test_SK   
.4555E+00    10.000  0.128E+02   0.99005E+00   0.00000E+00   0.10000E+00    0.10000E+01    0.79         test_SK   
.4679E+00    10.000  0.123E+02   0.99020E+00   0.00000E+00   0.10000E+00    0.10000E+01    0.79         test_SK   
.4803E+00    10.000  0.117E+02   0.99094E+00   0.00000E+00   0.10000E+00    0.10000E+01    0.79         test_SK   
.4926E+00    10.000  0.112E+02   0.99116E+00   0.00000E+00   0.10000E+00    0.10000E+01    0.79         test_SK   
.5050E+00    10.000  0.107E+02   0.99181E+00   0.00000E+00   0.10000E+00    0.10000E+01    0.80         test_SK   
.5174E+00    10.000  0.102E+02   0.99287E+00   0.00000E+00   0.10000E+00    0.10000E+01    0.80         test_SK   
.5298E+00    10.000  0.976E+01   0.99344E+00   0.00000E+00   0.10000E+00    0.10000E+01    0.80         test_SK   
.5421E+00    10.000  0.933E+01   0.99450E+00   0.00000E+00   0.10000E+00    0.10000E+01    0.80         test_SK   
.5545E+00    10.000  0.892E+01   0.99584E+00   0.00000E+00   0.10000E+00    0.10000E+01    0.80         test_SK   
.5669E+00    10.000  0.852E+01   0.99703E+00   0.00000E+00   0.10000E+00    0.10000E+01    0.80         test_SK   
.5793E+00    10.000  0.815E+01   0.99902E+00   0.00000E+00   0.10000E+00    0.10000E+01    0.81         test_SK   
.5916E+00    10.000  0.778E+01   0.10007E+01   0.00000E+00   0.10000E+00    0.10000E+01    0.81         test_SK   
.6040E+00    10.000  0.744E+01   0.10030E+01   0.00000E+00   0.10000E+00    0.10000E+01    0.82         test_SK   
.6164E+00    10.000  0.711E+01   0.10056E+01   0.00000E+00   0.10000E+00    0.10000E+01    0.82         test_SK   
.6288E+00    10.000  0.679E+01   0.10085E+01   0.00000E+00   0.10000E+00    0.10000E+01    0.83         test_SK   
.6411E+00    10.000  0.648E+01   0.10122E+01   0.00000E+00   0.10000E+00    0.10000E+01    0.83         test_SK   
.6535E+00    10.000  0.618E+01   0.10161E+01   0.00000E+00   0.10000E+00    0.10000E+01    0.84         test_SK   
.6659E+00    10.000  0.590E+01   0.10211E+01   0.00000E+00   0.10000E+00    0.10000E+01    0.85         test_SK   
.6783E+00    10.000  0.563E+01   0.10263E+01   0.00000E+00   0.10000E+00    0.10000E+01    0.86         test_SK   
.6906E+00    10.000  0.536E+01   0.10329E+01   0.00000E+00   0.10000E+00    0.10000E+01    0.87         test_SK   
.7030E+00    10.000  0.511E+01   0.10402E+01   0.00000E+00   0.10000E+00    0.10000E+01    0.88         test_SK   
.7154E+00    10.000  0.486E+01   0.10490E+01   0.00000E+00   0.10000E+00    0.10000E+01    0.90         test_SK   
.7278E+00    10.000  0.462E+01   0.10593E+01   0.00000E+00   0.10000E+00    0.10000E+01    0.92         test_SK   
.7401E+00    10.000  0.439E+01   0.10715E+01   0.00000E+00   0.10000E+00    0.10000E+01    0.94         test_SK   
.7525E+00    10.000  0.417E+01   0.10861E+01   0.00000E+00   0.10000E+00    0.10000E+01    0.97         test_SK   
.7649E+00    10.000  0.396E+01   0.11030E+01   0.00000E+00   0.10000E+00    0.10000E+01    1.01         test_SK   
.7772E+00    10.000  0.375E+01   0.11240E+01   0.00000E+00   0.10000E+00    0.10000E+01    1.05         test_SK   
.7896E+00    10.000  0.355E+01   0.11493E+01   0.00000E+00   0.10000E+00    0.10000E+01    1.10         test_SK   
.8020E+00    10.000  0.335E+01   0.11800E+01   0.00000E+00   0.10000E+00    0.10000E+01    1.17         test_SK   
.8144E+00    10.000  0.316E+01   0.12182E+01   0.00000E+00   0.10000E+00    0.10000E+01    1.25         test_SK   
.8267E+00    10.000  0.298E+01   0.12660E+01   0.00000E+00   0.10000E+00    0.10000E+01    1.36         test_SK   
.8391E+00    10.000  0.280E+01   0.13265E+01   0.00000E+00   0.10000E+00    0.10000E+01    1.50         test_SK   
.8515E+00    10.000  0.263E+01   0.14048E+01   0.00000E+00   0.10000E+00    0.10000E+01    1.70         test_SK   
.8639E+00    10.000  0.246E+01   0.15081E+01   0.00000E+00   0.10000E+00    0.10000E+01    1.98         test_SK   
.8762E+00    10.000  0.229E+01   0.16477E+01   0.00000E+00   0.10000E+00    0.10000E+01    2.40         test_SK   
.8886E+00    10.000  0.214E+01   0.18424E+01   0.00000E+00   0.10000E+00    0.10000E+01    3.04         test_SK   
.9010E+00    10.000  0.198E+01   0.21244E+01   0.00000E+00   0.10000E+00    0.10000E+01    4.10         test_SK   
.9134E+00    10.000  0.183E+01   0.25538E+01   0.00000E+00   0.10000E+00    0.10000E+01    6.02         test_SK   
.9257E+00    10.000  0.168E+01   0.32528E+01   0.00000E+00   0.10000E+00    0.10000E+01    9.94         test_SK   
.9381E+00    10.000  0.154E+01   0.44987E+01   0.00000E+00   0.10000E+00    0.10000E+01   19.35         test_SK   
.9505E+00    10.000  0.140E+01   0.70346E+01   0.00000E+00   0.10000E+00    0.10000E+01   48.09         test_SK   
.9629E+00    10.000  0.127E+01   0.13391E+02   0.00000E+00   0.10000E+00    0.10000E+01  176.64         test_SK   
.9752E+00    10.000  0.114E+01   0.36500E+02   0.00000E+00   0.10000E+00    0.10000E+01 1324.99         test_SK   
.9876E+00    10.000  0.101E+01   0.23775E+03   0.00000E+00   0.10000E+00    0.10000E+01 *******         test_SK   
.1000E-03  1000.000  0.100E+08   0.10000E+01   0.00000E+00   0.10000E+00    0.10000E+01    0.81         test_SK   
.1274E-03  1000.000  0.785E+07   0.10000E+01   0.00000E+00   0.10000E+00    0.10000E+01    0.81         test_SK   
.1624E-03  1000.000  0.616E+07   0.10000E+01   0.00000E+00   0.10000E+00    0.10000E+01    0.81         test_SK   
.2069E-03  1000.000  0.483E+07   0.10000E+01   0.00000E+00   0.10000E+00    0.10000E+01    0.81         test_SK   
.2637E-03  1000.000  0.379E+07   0.10000E+01   0.00000E+00   0.10000E+00    0.10000E+01    0.81         test_SK   
.3360E-03  1000.000  0.298E+07   0.10000E+01   0.00000E+00   0.10000E+00    0.10000E+01    0.81         test_SK   
.4281E-03  1000.000  0.233E+07   0.10000E+01   0.00000E+00   0.10000E+00    0.10000E+01    0.81         test_SK   
.5456E-03  1000.000  0.183E+07   0.10000E+01   0.00000E+00   0.10000E+00    0.10000E+01    0.81         test_SK   
.6952E-03  1000.000  0.144E+07   0.99999E+00   0.00000E+00   0.10000E+00    0.10000E+01    0.81         test_SK   
.8859E-03  1000.000  0.113E+07   0.99996E+00   0.00000E+00   0.10000E+00    0.10000E+01    0.81         test_SK   
.1129E-02  1000.000  0.885E+06   0.99993E+00   0.00000E+00   0.10000E+00    0.10000E+01    0.81         test_SK   
.1438E-02  1000.000  0.694E+06   0.99988E+00   0.00000E+00   0.10000E+00    0.10000E+01    0.81         test_SK   
.1833E-02  1000.000  0.545E+06   0.99985E+00   0.00000E+00   0.10000E+00    0.10000E+01    0.81         test_SK   
.2336E-02  1000.000  0.427E+06   0.99983E+00   0.00000E+00   0.10000E+00    0.10000E+01    0.81         test_SK   
.2976E-02  1000.000  0.335E+06   0.99987E+00   0.00000E+00   0.10000E+00    0.10000E+01    0.81         test_SK   
.3793E-02  1000.000  0.263E+06   0.99992E+00   0.00000E+00   0.10000E+00    0.10000E+01    0.81         test_SK   
.4833E-02  1000.000  0.206E+06   0.99986E+00   0.00000E+00   0.10000E+00    0.10000E+01    0.81         test_SK   
.6158E-02  1000.000  0.161E+06   0.99973E+00   0.00000E+00   0.10000E+00    0.10000E+01    0.81         test_SK   
.7848E-02  1000.000  0.126E+06   0.99983E+00   0.00000E+00   0.10000E+00    0.10000E+01    0.81         test_SK   
.1000E-01  1000.000  0.990E+05   0.99958E+00   0.00000E+00   0.10000E+00    0.10000E+01    0.81         test_SK   
.2237E-01  1000.000  0.437E+05   0.99880E+00   0.00000E+00   0.10000E+00    0.10000E+01    0.81         test_SK   
.3475E-01  1000.000  0.278E+05   0.99844E+00   0.00000E+00   0.10000E+00    0.10000E+01    0.81         test_SK   
.4713E-01  1000.000  0.202E+05   0.99826E+00   0.00000E+00   0.10000E+00    0.10000E+01    0.81         test_SK   
.5950E-01  1000.000  0.158E+05   0.99767E+00   0.00000E+00   0.10000E+00    0.10000E+01    0.81         test_SK   
.7187E-01  1000.000  0.129E+05   0.99736E+00   0.00000E+00   0.10000E+00    0.10000E+01    0.81         test_SK   
.8425E-01  1000.000  0.109E+05   0.99649E+00   0.00000E+00   0.10000E+00    0.10000E+01    0.80         test_SK   
.9663E-01  1000.000  0.935E+04   0.99623E+00   0.00000E+00   0.10000E+00    0.10000E+01    0.80         test_SK   
.1090E+00  1000.000  0.818E+04   0.99613E+00   0.00000E+00   0.10000E+00    0.10000E+01    0.80         test_SK   
.1214E+00  1000.000  0.724E+04   0.99555E+00   0.00000E+00   0.10000E+00    0.10000E+01    0.80         test_SK   
.1338E+00  1000.000  0.648E+04   0.99515E+00   0.00000E+00   0.10000E+00    0.10000E+01    0.80         test_SK   
.1461E+00  1000.000  0.584E+04   0.99441E+00   0.00000E+00   0.10000E+00    0.10000E+01    0.80         test_SK   
.1585E+00  1000.000  0.531E+04   0.99430E+00   0.00000E+00   0.10000E+00    0.10000E+01    0.80         test_SK   
.1709E+00  1000.000  0.485E+04   0.99400E+00   0.00000E+00   0.10000E+00    0.10000E+01    0.80         test_SK   
.1832E+00  1000.000  0.446E+04   0.99379E+00   0.00000E+00   0.10000E+00    0.10000E+01    0.80         test_SK   
.1956E+00  1000.000  0.411E+04   0.99300E+00   0.00000E+00   0.10000E+00    0.10000E+01    0.80         test_SK   
.2080E+00  1000.000  0.381E+04   0.99265E+00   0.00000E+00   0.10000E+00    0.10000E+01    0.80         test_SK   
.2204E+00  1000.000  0.354E+04   0.99266E+00   0.00000E+00   0.10000E+00    0.10000E+01    0.80         test_SK   
.2328E+00  1000.000  0.330E+04   0.99234E+00   0.00000E+00   0.10000E+00    0.10000E+01    0.80         test_SK   
.2451E+00  1000.000  0.308E+04   0.99165E+00   0.00000E+00   0.10000E+00    0.10000E+01    0.80         test_SK   
.2575E+00  1000.000  0.288E+04   0.99124E+00   0.00000E+00   0.10000E+00    0.10000E+01    0.79         test_SK   
.2699E+00  1000.000  0.271E+04   0.99139E+00   0.00000E+00   0.10000E+00    0.10000E+01    0.79         test_SK   
.2823E+00  1000.000  0.254E+04   0.99118E+00   0.00000E+00   0.10000E+00    0.10000E+01    0.79         test_SK   
.2946E+00  1000.000  0.240E+04   0.99050E+00   0.00000E+00   0.10000E+00    0.10000E+01    0.79         test_SK   
.3070E+00  1000.000  0.226E+04   0.99025E+00   0.00000E+00   0.10000E+00    0.10000E+01    0.79         test_SK   
.3194E+00  1000.000  0.213E+04   0.99052E+00   0.00000E+00   0.10000E+00    0.10000E+01    0.79         test_SK   
.3317E+00  1000.000  0.202E+04   0.99008E+00   0.00000E+00   0.10000E+00    0.10000E+01    0.79         test_SK   
.3441E+00  1000.000  0.191E+04   0.98958E+00   0.00000E+00   0.10000E+00    0.10000E+01    0.79         test_SK   
.3565E+00  1000.000  0.181E+04   0.98967E+00   0.00000E+00   0.10000E+00    0.10000E+01    0.79         test_SK   
.3689E+00  1000.000  0.171E+04   0.98968E+00   0.00000E+00   0.10000E+00    0.10000E+01    0.79         test_SK   
.3812E+00  1000.000  0.162E+04   0.98932E+00   0.00000E+00   0.10000E+00    0.10000E+01    0.79         test_SK   
.3936E+00  1000.000  0.154E+04   0.98928E+00   0.00000E+00   0.10000E+00    0.10000E+01    0.79         test_SK   
.4060E+00  1000.000  0.146E+04   0.98973E+00   0.00000E+00   0.10000E+00    0.10000E+01    0.79         test_SK   
.4184E+00  1000.000  0.139E+04   0.98947E+00   0.00000E+00   0.10000E+00    0.10000E+01    0.79         test_SK   
.4308E+00  1000.000  0.132E+04   0.98932E+00   0.00000E+00   0.10000E+00    0.10000E+01    0.79         test_SK   
.4431E+00  1000.000  0.126E+04   0.98986E+00   0.00000E+00   0.10000E+00    0.10000E+01    0.79         test_SK   
.4555E+00  1000.000  0.120E+04   0.98988E+00   0.00000E+00   0.10000E+00    0.10000E+01    0.79         test_SK   
.4679E+00  1000.000  0.114E+04   0.98995E+00   0.00000E+00   0.10000E+00    0.10000E+01    0.79         test_SK   
.4803E+00  1000.000  0.108E+04   0.99065E+00   0.00000E+00   0.10000E+00    0.10000E+01    0.79         test_SK   
.4926E+00  1000.000  0.103E+04   0.99077E+00   0.00000E+00   0.10000E+00    0.10000E+01    0.79         test_SK   
.5050E+00  1000.000  0.981E+03   0.99137E+00   0.00000E+00   0.10000E+00    0.10000E+01    0.79         test_SK   
.5174E+00  1000.000  0.934E+03   0.99235E+00   0.00000E+00   0.10000E+00    0.10000E+01    0.80         test_SK   
.5298E+00  1000.000  0.889E+03   0.99271E+00   0.00000E+00   0.10000E+00    0.10000E+01    0.80         test_SK   
.5421E+00  1000.000  0.845E+03   0.99366E+00   0.00000E+00   0.10000E+00    0.10000E+01    0.80         test_SK   
.5545E+00  1000.000  0.804E+03   0.99485E+00   0.00000E+00   0.10000E+00    0.10000E+01    0.80         test_SK   
.5669E+00  1000.000  0.765E+03   0.99578E+00   0.00000E+00   0.10000E+00    0.10000E+01    0.80         test_SK   
.5793E+00  1000.000  0.727E+03   0.99752E+00   0.00000E+00   0.10000E+00    0.10000E+01    0.81         test_SK   
.5916E+00  1000.000  0.691E+03   0.99889E+00   0.00000E+00   0.10000E+00    0.10000E+01    0.81         test_SK   
.6040E+00  1000.000  0.657E+03   0.10009E+01   0.00000E+00   0.10000E+00    0.10000E+01    0.81         test_SK   
.6164E+00  1000.000  0.623E+03   0.10031E+01   0.00000E+00   0.10000E+00    0.10000E+01    0.82         test_SK   
.6288E+00  1000.000  0.591E+03   0.10055E+01   0.00000E+00   0.10000E+00    0.10000E+01    0.82         test_SK   
.6411E+00  1000.000  0.561E+03   0.10086E+01   0.00000E+00   0.10000E+00    0.10000E+01    0.83         test_SK   
.6535E+00  1000.000  0.531E+03   0.10117E+01   0.00000E+00   0.10000E+00    0.10000E+01    0.83         test_SK   
.6659E+00  1000.000  0.503E+03   0.10160E+01   0.00000E+00   0.10000E+00    0.10000E+01    0.84         test_SK   
.6783E+00  1000.000  0.475E+03   0.10202E+01   0.00000E+00   0.10000E+00    0.10000E+01    0.85         test_SK   
.6906E+00  1000.000  0.449E+03   0.10258E+01   0.00000E+00   0.10000E+00    0.10000E+01    0.86         test_SK   
.7030E+00  1000.000  0.423E+03   0.10318E+01   0.00000E+00   0.10000E+00    0.10000E+01    0.87         test_SK   
.7154E+00  1000.000  0.399E+03   0.10389E+01   0.00000E+00   0.10000E+00    0.10000E+01    0.88         test_SK   
.7278E+00  1000.000  0.375E+03   0.10473E+01   0.00000E+00   0.10000E+00    0.10000E+01    0.90         test_SK   
.7401E+00  1000.000  0.352E+03   0.10570E+01   0.00000E+00   0.10000E+00    0.10000E+01    0.92         test_SK   
.7525E+00  1000.000  0.330E+03   0.10690E+01   0.00000E+00   0.10000E+00    0.10000E+01    0.94         test_SK   
.7649E+00  1000.000  0.308E+03   0.10827E+01   0.00000E+00   0.10000E+00    0.10000E+01    0.97         test_SK   
.7772E+00  1000.000  0.287E+03   0.10995E+01   0.00000E+00   0.10000E+00    0.10000E+01    1.00         test_SK   
.7896E+00  1000.000  0.267E+03   0.11197E+01   0.00000E+00   0.10000E+00    0.10000E+01    1.04         test_SK   
.8020E+00  1000.000  0.248E+03   0.11440E+01   0.00000E+00   0.10000E+00    0.10000E+01    1.09         test_SK   
.8144E+00  1000.000  0.229E+03   0.11744E+01   0.00000E+00   0.10000E+00    0.10000E+01    1.15         test_SK   
.8267E+00  1000.000  0.210E+03   0.12121E+01   0.00000E+00   0.10000E+00    0.10000E+01    1.24         test_SK   
.8391E+00  1000.000  0.193E+03   0.12597E+01   0.00000E+00   0.10000E+00    0.10000E+01    1.34         test_SK   
.8515E+00  1000.000  0.175E+03   0.13208E+01   0.00000E+00   0.10000E+00    0.10000E+01    1.49         test_SK   
.8639E+00  1000.000  0.158E+03   0.14010E+01   0.00000E+00   0.10000E+00    0.10000E+01    1.69         test_SK   
.8762E+00  1000.000  0.142E+03   0.15089E+01   0.00000E+00   0.10000E+00    0.10000E+01    1.98         test_SK   
.8886E+00  1000.000  0.126E+03   0.16581E+01   0.00000E+00   0.10000E+00    0.10000E+01    2.43         test_SK   
.9010E+00  1000.000  0.111E+03   0.18726E+01   0.00000E+00   0.10000E+00    0.10000E+01    3.14         test_SK   
.9134E+00  1000.000  0.957E+02   0.21961E+01   0.00000E+00   0.10000E+00    0.10000E+01    4.39         test_SK   
.9257E+00  1000.000  0.811E+02   0.27171E+01   0.00000E+00   0.10000E+00    0.10000E+01    6.85         test_SK   
.9381E+00  1000.000  0.668E+02   0.36337E+01   0.00000E+00   0.10000E+00    0.10000E+01   12.49         test_SK   
.9505E+00  1000.000  0.530E+02   0.54696E+01   0.00000E+00   0.10000E+00    0.10000E+01   28.83         test_SK   
.9629E+00  1000.000  0.394E+02   0.99850E+01   0.00000E+00   0.10000E+00    0.10000E+01   97.71         test_SK   
.9752E+00  1000.000  0.263E+02   0.26032E+02   0.00000E+00   0.10000E+00    0.10000E+01  672.49         test_SK   
.9876E+00  1000.000  0.134E+02   0.16196E+03   0.00000E+00   0.10000E+00    0.10000E+01 *******         test_SK   
