% F2 test grid for summary plots of F2 at fixded target experiment
% Exp data and errors are dummy numbers
%
0.000 : Normalization Uncertainty
   x       Q**2       F2        i      stat        sys         dummy       dummy
 0.005     1.700   1.000e-01     1   2.600e-03   4.300e-03   1.000e+00   1.000e+00
 0.005     1.909   1.000e-01     2   2.600e-03   4.300e-03   1.000e+00   1.000e+00
 0.005     2.144   1.000e-01     3   2.600e-03   4.300e-03   1.000e+00   1.000e+00
 0.005     2.408   1.000e-01     4   2.600e-03   4.300e-03   1.000e+00   1.000e+00
 0.005     2.704   1.000e-01     5   2.600e-03   4.300e-03   1.000e+00   1.000e+00
 0.005     3.036   1.000e-01     6   2.600e-03   4.300e-03   1.000e+00   1.000e+00
 0.005     3.410   1.000e-01     7   2.600e-03   4.300e-03   1.000e+00   1.000e+00
 0.005     3.829   1.000e-01     8   2.600e-03   4.300e-03   1.000e+00   1.000e+00
 0.005     4.300   1.000e-01     9   2.600e-03   4.300e-03   1.000e+00   1.000e+00
 0.005     4.829   1.000e-01    10   2.600e-03   4.300e-03   1.000e+00   1.000e+00
 0.005     5.423   1.000e-01    11   2.600e-03   4.300e-03   1.000e+00   1.000e+00
 0.005     6.090   1.000e-01    12   2.600e-03   4.300e-03   1.000e+00   1.000e+00
 0.005     6.839   1.000e-01    13   2.600e-03   4.300e-03   1.000e+00   1.000e+00
 0.005     7.680   1.000e-01    14   2.600e-03   4.300e-03   1.000e+00   1.000e+00
 0.005     8.625   1.000e-01    15   2.600e-03   4.300e-03   1.000e+00   1.000e+00
 0.005     9.685   1.000e-01    16   2.600e-03   4.300e-03   1.000e+00   1.000e+00
 0.005    10.877   1.000e-01    17   2.600e-03   4.300e-03   1.000e+00   1.000e+00
 0.005    12.214   1.000e-01    18   2.600e-03   4.300e-03   1.000e+00   1.000e+00
 0.005    13.717   1.000e-01    19   2.600e-03   4.300e-03   1.000e+00   1.000e+00
 0.005    15.404   1.000e-01    20   2.600e-03   4.300e-03   1.000e+00   1.000e+00
 0.005    17.299   1.000e-01    21   2.600e-03   4.300e-03   1.000e+00   1.000e+00
 0.005    19.426   1.000e-01    22   2.600e-03   4.300e-03   1.000e+00   1.000e+00
 0.005    21.815   1.000e-01    23   2.600e-03   4.300e-03   1.000e+00   1.000e+00
 0.005    24.499   1.000e-01    24   2.600e-03   4.300e-03   1.000e+00   1.000e+00
 0.005    27.512   1.000e-01    25   2.600e-03   4.300e-03   1.000e+00   1.000e+00
 0.005    30.896   1.000e-01    26   2.600e-03   4.300e-03   1.000e+00   1.000e+00
 0.005    34.696   1.000e-01    27   2.600e-03   4.300e-03   1.000e+00   1.000e+00
 0.005    38.963   1.000e-01    28   2.600e-03   4.300e-03   1.000e+00   1.000e+00
 0.005    43.755   1.000e-01    29   2.600e-03   4.300e-03   1.000e+00   1.000e+00
 0.005    49.137   1.000e-01    30   2.600e-03   4.300e-03   1.000e+00   1.000e+00
 0.005    55.181   1.000e-01    31   2.600e-03   4.300e-03   1.000e+00   1.000e+00
 0.005    61.968   1.000e-01    32   2.600e-03   4.300e-03   1.000e+00   1.000e+00
 0.005    69.590   1.000e-01    33   2.600e-03   4.300e-03   1.000e+00   1.000e+00
 0.005    78.149   1.000e-01    34   2.600e-03   4.300e-03   1.000e+00   1.000e+00
 0.005    87.761   1.000e-01    35   2.600e-03   4.300e-03   1.000e+00   1.000e+00
 0.005    98.555   1.000e-01    36   2.600e-03   4.300e-03   1.000e+00   1.000e+00
 0.005   110.677   1.000e-01    37   2.600e-03   4.300e-03   1.000e+00   1.000e+00
 0.005   124.289   1.000e-01    38   2.600e-03   4.300e-03   1.000e+00   1.000e+00
 0.005   139.576   1.000e-01    39   2.600e-03   4.300e-03   1.000e+00   1.000e+00
 0.005   156.744   1.000e-01    40   2.600e-03   4.300e-03   1.000e+00   1.000e+00
 0.005   176.022   1.000e-01    41   2.600e-03   4.300e-03   1.000e+00   1.000e+00
 0.005   197.672   1.000e-01    42   2.600e-03   4.300e-03   1.000e+00   1.000e+00
 0.005   221.985   1.000e-01    43   2.600e-03   4.300e-03   1.000e+00   1.000e+00
 0.005   249.288   1.000e-01    44   2.600e-03   4.300e-03   1.000e+00   1.000e+00
 0.005   279.950   1.000e-01    45   2.600e-03   4.300e-03   1.000e+00   1.000e+00
 0.005   314.382   1.000e-01    46   2.600e-03   4.300e-03   1.000e+00   1.000e+00
 0.005   353.050   1.000e-01    47   2.600e-03   4.300e-03   1.000e+00   1.000e+00
 0.005   396.473   1.000e-01    48   2.600e-03   4.300e-03   1.000e+00   1.000e+00
 0.005   445.238   1.000e-01    49   2.600e-03   4.300e-03   1.000e+00   1.000e+00
 0.005   500.000   1.000e-01    50   2.600e-03   4.300e-03   1.000e+00   1.000e+00
 0.008     1.700   1.000e-01    51   2.600e-03   4.300e-03   1.000e+00   1.000e+00
 0.008     1.909   1.000e-01    52   2.600e-03   4.300e-03   1.000e+00   1.000e+00
 0.008     2.144   1.000e-01    53   2.600e-03   4.300e-03   1.000e+00   1.000e+00
 0.008     2.408   1.000e-01    54   2.600e-03   4.300e-03   1.000e+00   1.000e+00
 0.008     2.704   1.000e-01    55   2.600e-03   4.300e-03   1.000e+00   1.000e+00
 0.008     3.036   1.000e-01    56   2.600e-03   4.300e-03   1.000e+00   1.000e+00
 0.008     3.410   1.000e-01    57   2.600e-03   4.300e-03   1.000e+00   1.000e+00
 0.008     3.829   1.000e-01    58   2.600e-03   4.300e-03   1.000e+00   1.000e+00
 0.008     4.300   1.000e-01    59   2.600e-03   4.300e-03   1.000e+00   1.000e+00
 0.008     4.829   1.000e-01    60   2.600e-03   4.300e-03   1.000e+00   1.000e+00
 0.008     5.423   1.000e-01    61   2.600e-03   4.300e-03   1.000e+00   1.000e+00
 0.008     6.090   1.000e-01    62   2.600e-03   4.300e-03   1.000e+00   1.000e+00
 0.008     6.839   1.000e-01    63   2.600e-03   4.300e-03   1.000e+00   1.000e+00
 0.008     7.680   1.000e-01    64   2.600e-03   4.300e-03   1.000e+00   1.000e+00
 0.008     8.625   1.000e-01    65   2.600e-03   4.300e-03   1.000e+00   1.000e+00
 0.008     9.685   1.000e-01    66   2.600e-03   4.300e-03   1.000e+00   1.000e+00
 0.008    10.877   1.000e-01    67   2.600e-03   4.300e-03   1.000e+00   1.000e+00
 0.008    12.214   1.000e-01    68   2.600e-03   4.300e-03   1.000e+00   1.000e+00
 0.008    13.717   1.000e-01    69   2.600e-03   4.300e-03   1.000e+00   1.000e+00
 0.008    15.404   1.000e-01    70   2.600e-03   4.300e-03   1.000e+00   1.000e+00
 0.008    17.299   1.000e-01    71   2.600e-03   4.300e-03   1.000e+00   1.000e+00
 0.008    19.426   1.000e-01    72   2.600e-03   4.300e-03   1.000e+00   1.000e+00
 0.008    21.815   1.000e-01    73   2.600e-03   4.300e-03   1.000e+00   1.000e+00
 0.008    24.499   1.000e-01    74   2.600e-03   4.300e-03   1.000e+00   1.000e+00
 0.008    27.512   1.000e-01    75   2.600e-03   4.300e-03   1.000e+00   1.000e+00
 0.008    30.896   1.000e-01    76   2.600e-03   4.300e-03   1.000e+00   1.000e+00
 0.008    34.696   1.000e-01    77   2.600e-03   4.300e-03   1.000e+00   1.000e+00
 0.008    38.963   1.000e-01    78   2.600e-03   4.300e-03   1.000e+00   1.000e+00
 0.008    43.755   1.000e-01    79   2.600e-03   4.300e-03   1.000e+00   1.000e+00
 0.008    49.137   1.000e-01    80   2.600e-03   4.300e-03   1.000e+00   1.000e+00
 0.008    55.181   1.000e-01    81   2.600e-03   4.300e-03   1.000e+00   1.000e+00
 0.008    61.968   1.000e-01    82   2.600e-03   4.300e-03   1.000e+00   1.000e+00
 0.008    69.590   1.000e-01    83   2.600e-03   4.300e-03   1.000e+00   1.000e+00
 0.008    78.149   1.000e-01    84   2.600e-03   4.300e-03   1.000e+00   1.000e+00
 0.008    87.761   1.000e-01    85   2.600e-03   4.300e-03   1.000e+00   1.000e+00
 0.008    98.555   1.000e-01    86   2.600e-03   4.300e-03   1.000e+00   1.000e+00
 0.008   110.677   1.000e-01    87   2.600e-03   4.300e-03   1.000e+00   1.000e+00
 0.008   124.289   1.000e-01    88   2.600e-03   4.300e-03   1.000e+00   1.000e+00
 0.008   139.576   1.000e-01    89   2.600e-03   4.300e-03   1.000e+00   1.000e+00
 0.008   156.744   1.000e-01    90   2.600e-03   4.300e-03   1.000e+00   1.000e+00
 0.008   176.022   1.000e-01    91   2.600e-03   4.300e-03   1.000e+00   1.000e+00
 0.008   197.672   1.000e-01    92   2.600e-03   4.300e-03   1.000e+00   1.000e+00
 0.008   221.985   1.000e-01    93   2.600e-03   4.300e-03   1.000e+00   1.000e+00
 0.008   249.288   1.000e-01    94   2.600e-03   4.300e-03   1.000e+00   1.000e+00
 0.008   279.950   1.000e-01    95   2.600e-03   4.300e-03   1.000e+00   1.000e+00
 0.008   314.382   1.000e-01    96   2.600e-03   4.300e-03   1.000e+00   1.000e+00
 0.008   353.050   1.000e-01    97   2.600e-03   4.300e-03   1.000e+00   1.000e+00
 0.008   396.473   1.000e-01    98   2.600e-03   4.300e-03   1.000e+00   1.000e+00
 0.008   445.238   1.000e-01    99   2.600e-03   4.300e-03   1.000e+00   1.000e+00
 0.008   500.000   1.000e-01   100   2.600e-03   4.300e-03   1.000e+00   1.000e+00
 0.013     1.700   1.000e-01   101   2.600e-03   4.300e-03   1.000e+00   1.000e+00
 0.013     1.909   1.000e-01   102   2.600e-03   4.300e-03   1.000e+00   1.000e+00
 0.013     2.144   1.000e-01   103   2.600e-03   4.300e-03   1.000e+00   1.000e+00
 0.013     2.408   1.000e-01   104   2.600e-03   4.300e-03   1.000e+00   1.000e+00
 0.013     2.704   1.000e-01   105   2.600e-03   4.300e-03   1.000e+00   1.000e+00
 0.013     3.036   1.000e-01   106   2.600e-03   4.300e-03   1.000e+00   1.000e+00
 0.013     3.410   1.000e-01   107   2.600e-03   4.300e-03   1.000e+00   1.000e+00
 0.013     3.829   1.000e-01   108   2.600e-03   4.300e-03   1.000e+00   1.000e+00
 0.013     4.300   1.000e-01   109   2.600e-03   4.300e-03   1.000e+00   1.000e+00
 0.013     4.829   1.000e-01   110   2.600e-03   4.300e-03   1.000e+00   1.000e+00
 0.013     5.423   1.000e-01   111   2.600e-03   4.300e-03   1.000e+00   1.000e+00
 0.013     6.090   1.000e-01   112   2.600e-03   4.300e-03   1.000e+00   1.000e+00
 0.013     6.839   1.000e-01   113   2.600e-03   4.300e-03   1.000e+00   1.000e+00
 0.013     7.680   1.000e-01   114   2.600e-03   4.300e-03   1.000e+00   1.000e+00
 0.013     8.625   1.000e-01   115   2.600e-03   4.300e-03   1.000e+00   1.000e+00
 0.013     9.685   1.000e-01   116   2.600e-03   4.300e-03   1.000e+00   1.000e+00
 0.013    10.877   1.000e-01   117   2.600e-03   4.300e-03   1.000e+00   1.000e+00
 0.013    12.214   1.000e-01   118   2.600e-03   4.300e-03   1.000e+00   1.000e+00
 0.013    13.717   1.000e-01   119   2.600e-03   4.300e-03   1.000e+00   1.000e+00
 0.013    15.404   1.000e-01   120   2.600e-03   4.300e-03   1.000e+00   1.000e+00
 0.013    17.299   1.000e-01   121   2.600e-03   4.300e-03   1.000e+00   1.000e+00
 0.013    19.426   1.000e-01   122   2.600e-03   4.300e-03   1.000e+00   1.000e+00
 0.013    21.815   1.000e-01   123   2.600e-03   4.300e-03   1.000e+00   1.000e+00
 0.013    24.499   1.000e-01   124   2.600e-03   4.300e-03   1.000e+00   1.000e+00
 0.013    27.512   1.000e-01   125   2.600e-03   4.300e-03   1.000e+00   1.000e+00
 0.013    30.896   1.000e-01   126   2.600e-03   4.300e-03   1.000e+00   1.000e+00
 0.013    34.696   1.000e-01   127   2.600e-03   4.300e-03   1.000e+00   1.000e+00
 0.013    38.963   1.000e-01   128   2.600e-03   4.300e-03   1.000e+00   1.000e+00
 0.013    43.755   1.000e-01   129   2.600e-03   4.300e-03   1.000e+00   1.000e+00
 0.013    49.137   1.000e-01   130   2.600e-03   4.300e-03   1.000e+00   1.000e+00
 0.013    55.181   1.000e-01   131   2.600e-03   4.300e-03   1.000e+00   1.000e+00
 0.013    61.968   1.000e-01   132   2.600e-03   4.300e-03   1.000e+00   1.000e+00
 0.013    69.590   1.000e-01   133   2.600e-03   4.300e-03   1.000e+00   1.000e+00
 0.013    78.149   1.000e-01   134   2.600e-03   4.300e-03   1.000e+00   1.000e+00
 0.013    87.761   1.000e-01   135   2.600e-03   4.300e-03   1.000e+00   1.000e+00
 0.013    98.555   1.000e-01   136   2.600e-03   4.300e-03   1.000e+00   1.000e+00
 0.013   110.677   1.000e-01   137   2.600e-03   4.300e-03   1.000e+00   1.000e+00
 0.013   124.289   1.000e-01   138   2.600e-03   4.300e-03   1.000e+00   1.000e+00
 0.013   139.576   1.000e-01   139   2.600e-03   4.300e-03   1.000e+00   1.000e+00
 0.013   156.744   1.000e-01   140   2.600e-03   4.300e-03   1.000e+00   1.000e+00
 0.013   176.022   1.000e-01   141   2.600e-03   4.300e-03   1.000e+00   1.000e+00
 0.013   197.672   1.000e-01   142   2.600e-03   4.300e-03   1.000e+00   1.000e+00
 0.013   221.985   1.000e-01   143   2.600e-03   4.300e-03   1.000e+00   1.000e+00
 0.013   249.288   1.000e-01   144   2.600e-03   4.300e-03   1.000e+00   1.000e+00
 0.013   279.950   1.000e-01   145   2.600e-03   4.300e-03   1.000e+00   1.000e+00
 0.013   314.382   1.000e-01   146   2.600e-03   4.300e-03   1.000e+00   1.000e+00
 0.013   353.050   1.000e-01   147   2.600e-03   4.300e-03   1.000e+00   1.000e+00
 0.013   396.473   1.000e-01   148   2.600e-03   4.300e-03   1.000e+00   1.000e+00
 0.013   445.238   1.000e-01   149   2.600e-03   4.300e-03   1.000e+00   1.000e+00
 0.013   500.000   1.000e-01   150   2.600e-03   4.300e-03   1.000e+00   1.000e+00
 0.018     1.700   1.000e-01   151   2.600e-03   4.300e-03   1.000e+00   1.000e+00
 0.018     1.909   1.000e-01   152   2.600e-03   4.300e-03   1.000e+00   1.000e+00
 0.018     2.144   1.000e-01   153   2.600e-03   4.300e-03   1.000e+00   1.000e+00
 0.018     2.408   1.000e-01   154   2.600e-03   4.300e-03   1.000e+00   1.000e+00
 0.018     2.704   1.000e-01   155   2.600e-03   4.300e-03   1.000e+00   1.000e+00
 0.018     3.036   1.000e-01   156   2.600e-03   4.300e-03   1.000e+00   1.000e+00
 0.018     3.410   1.000e-01   157   2.600e-03   4.300e-03   1.000e+00   1.000e+00
 0.018     3.829   1.000e-01   158   2.600e-03   4.300e-03   1.000e+00   1.000e+00
 0.018     4.300   1.000e-01   159   2.600e-03   4.300e-03   1.000e+00   1.000e+00
 0.018     4.829   1.000e-01   160   2.600e-03   4.300e-03   1.000e+00   1.000e+00
 0.018     5.423   1.000e-01   161   2.600e-03   4.300e-03   1.000e+00   1.000e+00
 0.018     6.090   1.000e-01   162   2.600e-03   4.300e-03   1.000e+00   1.000e+00
 0.018     6.839   1.000e-01   163   2.600e-03   4.300e-03   1.000e+00   1.000e+00
 0.018     7.680   1.000e-01   164   2.600e-03   4.300e-03   1.000e+00   1.000e+00
 0.018     8.625   1.000e-01   165   2.600e-03   4.300e-03   1.000e+00   1.000e+00
 0.018     9.685   1.000e-01   166   2.600e-03   4.300e-03   1.000e+00   1.000e+00
 0.018    10.877   1.000e-01   167   2.600e-03   4.300e-03   1.000e+00   1.000e+00
 0.018    12.214   1.000e-01   168   2.600e-03   4.300e-03   1.000e+00   1.000e+00
 0.018    13.717   1.000e-01   169   2.600e-03   4.300e-03   1.000e+00   1.000e+00
 0.018    15.404   1.000e-01   170   2.600e-03   4.300e-03   1.000e+00   1.000e+00
 0.018    17.299   1.000e-01   171   2.600e-03   4.300e-03   1.000e+00   1.000e+00
 0.018    19.426   1.000e-01   172   2.600e-03   4.300e-03   1.000e+00   1.000e+00
 0.018    21.815   1.000e-01   173   2.600e-03   4.300e-03   1.000e+00   1.000e+00
 0.018    24.499   1.000e-01   174   2.600e-03   4.300e-03   1.000e+00   1.000e+00
 0.018    27.512   1.000e-01   175   2.600e-03   4.300e-03   1.000e+00   1.000e+00
 0.018    30.896   1.000e-01   176   2.600e-03   4.300e-03   1.000e+00   1.000e+00
 0.018    34.696   1.000e-01   177   2.600e-03   4.300e-03   1.000e+00   1.000e+00
 0.018    38.963   1.000e-01   178   2.600e-03   4.300e-03   1.000e+00   1.000e+00
 0.018    43.755   1.000e-01   179   2.600e-03   4.300e-03   1.000e+00   1.000e+00
 0.018    49.137   1.000e-01   180   2.600e-03   4.300e-03   1.000e+00   1.000e+00
 0.018    55.181   1.000e-01   181   2.600e-03   4.300e-03   1.000e+00   1.000e+00
 0.018    61.968   1.000e-01   182   2.600e-03   4.300e-03   1.000e+00   1.000e+00
 0.018    69.590   1.000e-01   183   2.600e-03   4.300e-03   1.000e+00   1.000e+00
 0.018    78.149   1.000e-01   184   2.600e-03   4.300e-03   1.000e+00   1.000e+00
 0.018    87.761   1.000e-01   185   2.600e-03   4.300e-03   1.000e+00   1.000e+00
 0.018    98.555   1.000e-01   186   2.600e-03   4.300e-03   1.000e+00   1.000e+00
 0.018   110.677   1.000e-01   187   2.600e-03   4.300e-03   1.000e+00   1.000e+00
 0.018   124.289   1.000e-01   188   2.600e-03   4.300e-03   1.000e+00   1.000e+00
 0.018   139.576   1.000e-01   189   2.600e-03   4.300e-03   1.000e+00   1.000e+00
 0.018   156.744   1.000e-01   190   2.600e-03   4.300e-03   1.000e+00   1.000e+00
 0.018   176.022   1.000e-01   191   2.600e-03   4.300e-03   1.000e+00   1.000e+00
 0.018   197.672   1.000e-01   192   2.600e-03   4.300e-03   1.000e+00   1.000e+00
 0.018   221.985   1.000e-01   193   2.600e-03   4.300e-03   1.000e+00   1.000e+00
 0.018   249.288   1.000e-01   194   2.600e-03   4.300e-03   1.000e+00   1.000e+00
 0.018   279.950   1.000e-01   195   2.600e-03   4.300e-03   1.000e+00   1.000e+00
 0.018   314.382   1.000e-01   196   2.600e-03   4.300e-03   1.000e+00   1.000e+00
 0.018   353.050   1.000e-01   197   2.600e-03   4.300e-03   1.000e+00   1.000e+00
 0.018   396.473   1.000e-01   198   2.600e-03   4.300e-03   1.000e+00   1.000e+00
 0.018   445.238   1.000e-01   199   2.600e-03   4.300e-03   1.000e+00   1.000e+00
 0.018   500.000   1.000e-01   200   2.600e-03   4.300e-03   1.000e+00   1.000e+00
 0.026     1.700   1.000e-01   201   2.600e-03   4.300e-03   1.000e+00   1.000e+00
 0.026     1.909   1.000e-01   202   2.600e-03   4.300e-03   1.000e+00   1.000e+00
 0.026     2.144   1.000e-01   203   2.600e-03   4.300e-03   1.000e+00   1.000e+00
 0.026     2.408   1.000e-01   204   2.600e-03   4.300e-03   1.000e+00   1.000e+00
 0.026     2.704   1.000e-01   205   2.600e-03   4.300e-03   1.000e+00   1.000e+00
 0.026     3.036   1.000e-01   206   2.600e-03   4.300e-03   1.000e+00   1.000e+00
 0.026     3.410   1.000e-01   207   2.600e-03   4.300e-03   1.000e+00   1.000e+00
 0.026     3.829   1.000e-01   208   2.600e-03   4.300e-03   1.000e+00   1.000e+00
 0.026     4.300   1.000e-01   209   2.600e-03   4.300e-03   1.000e+00   1.000e+00
 0.026     4.829   1.000e-01   210   2.600e-03   4.300e-03   1.000e+00   1.000e+00
 0.026     5.423   1.000e-01   211   2.600e-03   4.300e-03   1.000e+00   1.000e+00
 0.026     6.090   1.000e-01   212   2.600e-03   4.300e-03   1.000e+00   1.000e+00
 0.026     6.839   1.000e-01   213   2.600e-03   4.300e-03   1.000e+00   1.000e+00
 0.026     7.680   1.000e-01   214   2.600e-03   4.300e-03   1.000e+00   1.000e+00
 0.026     8.625   1.000e-01   215   2.600e-03   4.300e-03   1.000e+00   1.000e+00
 0.026     9.685   1.000e-01   216   2.600e-03   4.300e-03   1.000e+00   1.000e+00
 0.026    10.877   1.000e-01   217   2.600e-03   4.300e-03   1.000e+00   1.000e+00
 0.026    12.214   1.000e-01   218   2.600e-03   4.300e-03   1.000e+00   1.000e+00
 0.026    13.717   1.000e-01   219   2.600e-03   4.300e-03   1.000e+00   1.000e+00
 0.026    15.404   1.000e-01   220   2.600e-03   4.300e-03   1.000e+00   1.000e+00
 0.026    17.299   1.000e-01   221   2.600e-03   4.300e-03   1.000e+00   1.000e+00
 0.026    19.426   1.000e-01   222   2.600e-03   4.300e-03   1.000e+00   1.000e+00
 0.026    21.815   1.000e-01   223   2.600e-03   4.300e-03   1.000e+00   1.000e+00
 0.026    24.499   1.000e-01   224   2.600e-03   4.300e-03   1.000e+00   1.000e+00
 0.026    27.512   1.000e-01   225   2.600e-03   4.300e-03   1.000e+00   1.000e+00
 0.026    30.896   1.000e-01   226   2.600e-03   4.300e-03   1.000e+00   1.000e+00
 0.026    34.696   1.000e-01   227   2.600e-03   4.300e-03   1.000e+00   1.000e+00
 0.026    38.963   1.000e-01   228   2.600e-03   4.300e-03   1.000e+00   1.000e+00
 0.026    43.755   1.000e-01   229   2.600e-03   4.300e-03   1.000e+00   1.000e+00
 0.026    49.137   1.000e-01   230   2.600e-03   4.300e-03   1.000e+00   1.000e+00
 0.026    55.181   1.000e-01   231   2.600e-03   4.300e-03   1.000e+00   1.000e+00
 0.026    61.968   1.000e-01   232   2.600e-03   4.300e-03   1.000e+00   1.000e+00
 0.026    69.590   1.000e-01   233   2.600e-03   4.300e-03   1.000e+00   1.000e+00
 0.026    78.149   1.000e-01   234   2.600e-03   4.300e-03   1.000e+00   1.000e+00
 0.026    87.761   1.000e-01   235   2.600e-03   4.300e-03   1.000e+00   1.000e+00
 0.026    98.555   1.000e-01   236   2.600e-03   4.300e-03   1.000e+00   1.000e+00
 0.026   110.677   1.000e-01   237   2.600e-03   4.300e-03   1.000e+00   1.000e+00
 0.026   124.289   1.000e-01   238   2.600e-03   4.300e-03   1.000e+00   1.000e+00
 0.026   139.576   1.000e-01   239   2.600e-03   4.300e-03   1.000e+00   1.000e+00
 0.026   156.744   1.000e-01   240   2.600e-03   4.300e-03   1.000e+00   1.000e+00
 0.026   176.022   1.000e-01   241   2.600e-03   4.300e-03   1.000e+00   1.000e+00
 0.026   197.672   1.000e-01   242   2.600e-03   4.300e-03   1.000e+00   1.000e+00
 0.026   221.985   1.000e-01   243   2.600e-03   4.300e-03   1.000e+00   1.000e+00
 0.026   249.288   1.000e-01   244   2.600e-03   4.300e-03   1.000e+00   1.000e+00
 0.026   279.950   1.000e-01   245   2.600e-03   4.300e-03   1.000e+00   1.000e+00
 0.026   314.382   1.000e-01   246   2.600e-03   4.300e-03   1.000e+00   1.000e+00
 0.026   353.050   1.000e-01   247   2.600e-03   4.300e-03   1.000e+00   1.000e+00
 0.026   396.473   1.000e-01   248   2.600e-03   4.300e-03   1.000e+00   1.000e+00
 0.026   445.238   1.000e-01   249   2.600e-03   4.300e-03   1.000e+00   1.000e+00
 0.026   500.000   1.000e-01   250   2.600e-03   4.300e-03   1.000e+00   1.000e+00
 0.036     1.700   1.000e-01   251   2.600e-03   4.300e-03   1.000e+00   1.000e+00
 0.036     1.909   1.000e-01   252   2.600e-03   4.300e-03   1.000e+00   1.000e+00
 0.036     2.144   1.000e-01   253   2.600e-03   4.300e-03   1.000e+00   1.000e+00
 0.036     2.408   1.000e-01   254   2.600e-03   4.300e-03   1.000e+00   1.000e+00
 0.036     2.704   1.000e-01   255   2.600e-03   4.300e-03   1.000e+00   1.000e+00
 0.036     3.036   1.000e-01   256   2.600e-03   4.300e-03   1.000e+00   1.000e+00
 0.036     3.410   1.000e-01   257   2.600e-03   4.300e-03   1.000e+00   1.000e+00
 0.036     3.829   1.000e-01   258   2.600e-03   4.300e-03   1.000e+00   1.000e+00
 0.036     4.300   1.000e-01   259   2.600e-03   4.300e-03   1.000e+00   1.000e+00
 0.036     4.829   1.000e-01   260   2.600e-03   4.300e-03   1.000e+00   1.000e+00
 0.036     5.423   1.000e-01   261   2.600e-03   4.300e-03   1.000e+00   1.000e+00
 0.036     6.090   1.000e-01   262   2.600e-03   4.300e-03   1.000e+00   1.000e+00
 0.036     6.839   1.000e-01   263   2.600e-03   4.300e-03   1.000e+00   1.000e+00
 0.036     7.680   1.000e-01   264   2.600e-03   4.300e-03   1.000e+00   1.000e+00
 0.036     8.625   1.000e-01   265   2.600e-03   4.300e-03   1.000e+00   1.000e+00
 0.036     9.685   1.000e-01   266   2.600e-03   4.300e-03   1.000e+00   1.000e+00
 0.036    10.877   1.000e-01   267   2.600e-03   4.300e-03   1.000e+00   1.000e+00
 0.036    12.214   1.000e-01   268   2.600e-03   4.300e-03   1.000e+00   1.000e+00
 0.036    13.717   1.000e-01   269   2.600e-03   4.300e-03   1.000e+00   1.000e+00
 0.036    15.404   1.000e-01   270   2.600e-03   4.300e-03   1.000e+00   1.000e+00
 0.036    17.299   1.000e-01   271   2.600e-03   4.300e-03   1.000e+00   1.000e+00
 0.036    19.426   1.000e-01   272   2.600e-03   4.300e-03   1.000e+00   1.000e+00
 0.036    21.815   1.000e-01   273   2.600e-03   4.300e-03   1.000e+00   1.000e+00
 0.036    24.499   1.000e-01   274   2.600e-03   4.300e-03   1.000e+00   1.000e+00
 0.036    27.512   1.000e-01   275   2.600e-03   4.300e-03   1.000e+00   1.000e+00
 0.036    30.896   1.000e-01   276   2.600e-03   4.300e-03   1.000e+00   1.000e+00
 0.036    34.696   1.000e-01   277   2.600e-03   4.300e-03   1.000e+00   1.000e+00
 0.036    38.963   1.000e-01   278   2.600e-03   4.300e-03   1.000e+00   1.000e+00
 0.036    43.755   1.000e-01   279   2.600e-03   4.300e-03   1.000e+00   1.000e+00
 0.036    49.137   1.000e-01   280   2.600e-03   4.300e-03   1.000e+00   1.000e+00
 0.036    55.181   1.000e-01   281   2.600e-03   4.300e-03   1.000e+00   1.000e+00
 0.036    61.968   1.000e-01   282   2.600e-03   4.300e-03   1.000e+00   1.000e+00
 0.036    69.590   1.000e-01   283   2.600e-03   4.300e-03   1.000e+00   1.000e+00
 0.036    78.149   1.000e-01   284   2.600e-03   4.300e-03   1.000e+00   1.000e+00
 0.036    87.761   1.000e-01   285   2.600e-03   4.300e-03   1.000e+00   1.000e+00
 0.036    98.555   1.000e-01   286   2.600e-03   4.300e-03   1.000e+00   1.000e+00
 0.036   110.677   1.000e-01   287   2.600e-03   4.300e-03   1.000e+00   1.000e+00
 0.036   124.289   1.000e-01   288   2.600e-03   4.300e-03   1.000e+00   1.000e+00
 0.036   139.576   1.000e-01   289   2.600e-03   4.300e-03   1.000e+00   1.000e+00
 0.036   156.744   1.000e-01   290   2.600e-03   4.300e-03   1.000e+00   1.000e+00
 0.036   176.022   1.000e-01   291   2.600e-03   4.300e-03   1.000e+00   1.000e+00
 0.036   197.672   1.000e-01   292   2.600e-03   4.300e-03   1.000e+00   1.000e+00
 0.036   221.985   1.000e-01   293   2.600e-03   4.300e-03   1.000e+00   1.000e+00
 0.036   249.288   1.000e-01   294   2.600e-03   4.300e-03   1.000e+00   1.000e+00
 0.036   279.950   1.000e-01   295   2.600e-03   4.300e-03   1.000e+00   1.000e+00
 0.036   314.382   1.000e-01   296   2.600e-03   4.300e-03   1.000e+00   1.000e+00
 0.036   353.050   1.000e-01   297   2.600e-03   4.300e-03   1.000e+00   1.000e+00
 0.036   396.473   1.000e-01   298   2.600e-03   4.300e-03   1.000e+00   1.000e+00
 0.036   445.238   1.000e-01   299   2.600e-03   4.300e-03   1.000e+00   1.000e+00
 0.036   500.000   1.000e-01   300   2.600e-03   4.300e-03   1.000e+00   1.000e+00
  0.05     1.700   1.000e-01   301   2.600e-03   4.300e-03   1.000e+00   1.000e+00
  0.05     1.909   1.000e-01   302   2.600e-03   4.300e-03   1.000e+00   1.000e+00
  0.05     2.144   1.000e-01   303   2.600e-03   4.300e-03   1.000e+00   1.000e+00
  0.05     2.408   1.000e-01   304   2.600e-03   4.300e-03   1.000e+00   1.000e+00
  0.05     2.704   1.000e-01   305   2.600e-03   4.300e-03   1.000e+00   1.000e+00
  0.05     3.036   1.000e-01   306   2.600e-03   4.300e-03   1.000e+00   1.000e+00
  0.05     3.410   1.000e-01   307   2.600e-03   4.300e-03   1.000e+00   1.000e+00
  0.05     3.829   1.000e-01   308   2.600e-03   4.300e-03   1.000e+00   1.000e+00
  0.05     4.300   1.000e-01   309   2.600e-03   4.300e-03   1.000e+00   1.000e+00
  0.05     4.829   1.000e-01   310   2.600e-03   4.300e-03   1.000e+00   1.000e+00
  0.05     5.423   1.000e-01   311   2.600e-03   4.300e-03   1.000e+00   1.000e+00
  0.05     6.090   1.000e-01   312   2.600e-03   4.300e-03   1.000e+00   1.000e+00
  0.05     6.839   1.000e-01   313   2.600e-03   4.300e-03   1.000e+00   1.000e+00
  0.05     7.680   1.000e-01   314   2.600e-03   4.300e-03   1.000e+00   1.000e+00
  0.05     8.625   1.000e-01   315   2.600e-03   4.300e-03   1.000e+00   1.000e+00
  0.05     9.685   1.000e-01   316   2.600e-03   4.300e-03   1.000e+00   1.000e+00
  0.05    10.877   1.000e-01   317   2.600e-03   4.300e-03   1.000e+00   1.000e+00
  0.05    12.214   1.000e-01   318   2.600e-03   4.300e-03   1.000e+00   1.000e+00
  0.05    13.717   1.000e-01   319   2.600e-03   4.300e-03   1.000e+00   1.000e+00
  0.05    15.404   1.000e-01   320   2.600e-03   4.300e-03   1.000e+00   1.000e+00
  0.05    17.299   1.000e-01   321   2.600e-03   4.300e-03   1.000e+00   1.000e+00
  0.05    19.426   1.000e-01   322   2.600e-03   4.300e-03   1.000e+00   1.000e+00
  0.05    21.815   1.000e-01   323   2.600e-03   4.300e-03   1.000e+00   1.000e+00
  0.05    24.499   1.000e-01   324   2.600e-03   4.300e-03   1.000e+00   1.000e+00
  0.05    27.512   1.000e-01   325   2.600e-03   4.300e-03   1.000e+00   1.000e+00
  0.05    30.896   1.000e-01   326   2.600e-03   4.300e-03   1.000e+00   1.000e+00
  0.05    34.696   1.000e-01   327   2.600e-03   4.300e-03   1.000e+00   1.000e+00
  0.05    38.963   1.000e-01   328   2.600e-03   4.300e-03   1.000e+00   1.000e+00
  0.05    43.755   1.000e-01   329   2.600e-03   4.300e-03   1.000e+00   1.000e+00
  0.05    49.137   1.000e-01   330   2.600e-03   4.300e-03   1.000e+00   1.000e+00
  0.05    55.181   1.000e-01   331   2.600e-03   4.300e-03   1.000e+00   1.000e+00
  0.05    61.968   1.000e-01   332   2.600e-03   4.300e-03   1.000e+00   1.000e+00
  0.05    69.590   1.000e-01   333   2.600e-03   4.300e-03   1.000e+00   1.000e+00
  0.05    78.149   1.000e-01   334   2.600e-03   4.300e-03   1.000e+00   1.000e+00
  0.05    87.761   1.000e-01   335   2.600e-03   4.300e-03   1.000e+00   1.000e+00
  0.05    98.555   1.000e-01   336   2.600e-03   4.300e-03   1.000e+00   1.000e+00
  0.05   110.677   1.000e-01   337   2.600e-03   4.300e-03   1.000e+00   1.000e+00
  0.05   124.289   1.000e-01   338   2.600e-03   4.300e-03   1.000e+00   1.000e+00
  0.05   139.576   1.000e-01   339   2.600e-03   4.300e-03   1.000e+00   1.000e+00
  0.05   156.744   1.000e-01   340   2.600e-03   4.300e-03   1.000e+00   1.000e+00
  0.05   176.022   1.000e-01   341   2.600e-03   4.300e-03   1.000e+00   1.000e+00
  0.05   197.672   1.000e-01   342   2.600e-03   4.300e-03   1.000e+00   1.000e+00
  0.05   221.985   1.000e-01   343   2.600e-03   4.300e-03   1.000e+00   1.000e+00
  0.05   249.288   1.000e-01   344   2.600e-03   4.300e-03   1.000e+00   1.000e+00
  0.05   279.950   1.000e-01   345   2.600e-03   4.300e-03   1.000e+00   1.000e+00
  0.05   314.382   1.000e-01   346   2.600e-03   4.300e-03   1.000e+00   1.000e+00
  0.05   353.050   1.000e-01   347   2.600e-03   4.300e-03   1.000e+00   1.000e+00
  0.05   396.473   1.000e-01   348   2.600e-03   4.300e-03   1.000e+00   1.000e+00
  0.05   445.238   1.000e-01   349   2.600e-03   4.300e-03   1.000e+00   1.000e+00
  0.05   500.000   1.000e-01   350   2.600e-03   4.300e-03   1.000e+00   1.000e+00
  0.07     1.700   1.000e-01   351   2.600e-03   4.300e-03   1.000e+00   1.000e+00
  0.07     1.909   1.000e-01   352   2.600e-03   4.300e-03   1.000e+00   1.000e+00
  0.07     2.144   1.000e-01   353   2.600e-03   4.300e-03   1.000e+00   1.000e+00
  0.07     2.408   1.000e-01   354   2.600e-03   4.300e-03   1.000e+00   1.000e+00
  0.07     2.704   1.000e-01   355   2.600e-03   4.300e-03   1.000e+00   1.000e+00
  0.07     3.036   1.000e-01   356   2.600e-03   4.300e-03   1.000e+00   1.000e+00
  0.07     3.410   1.000e-01   357   2.600e-03   4.300e-03   1.000e+00   1.000e+00
  0.07     3.829   1.000e-01   358   2.600e-03   4.300e-03   1.000e+00   1.000e+00
  0.07     4.300   1.000e-01   359   2.600e-03   4.300e-03   1.000e+00   1.000e+00
  0.07     4.829   1.000e-01   360   2.600e-03   4.300e-03   1.000e+00   1.000e+00
  0.07     5.423   1.000e-01   361   2.600e-03   4.300e-03   1.000e+00   1.000e+00
  0.07     6.090   1.000e-01   362   2.600e-03   4.300e-03   1.000e+00   1.000e+00
  0.07     6.839   1.000e-01   363   2.600e-03   4.300e-03   1.000e+00   1.000e+00
  0.07     7.680   1.000e-01   364   2.600e-03   4.300e-03   1.000e+00   1.000e+00
  0.07     8.625   1.000e-01   365   2.600e-03   4.300e-03   1.000e+00   1.000e+00
  0.07     9.685   1.000e-01   366   2.600e-03   4.300e-03   1.000e+00   1.000e+00
  0.07    10.877   1.000e-01   367   2.600e-03   4.300e-03   1.000e+00   1.000e+00
  0.07    12.214   1.000e-01   368   2.600e-03   4.300e-03   1.000e+00   1.000e+00
  0.07    13.717   1.000e-01   369   2.600e-03   4.300e-03   1.000e+00   1.000e+00
  0.07    15.404   1.000e-01   370   2.600e-03   4.300e-03   1.000e+00   1.000e+00
  0.07    17.299   1.000e-01   371   2.600e-03   4.300e-03   1.000e+00   1.000e+00
  0.07    19.426   1.000e-01   372   2.600e-03   4.300e-03   1.000e+00   1.000e+00
  0.07    21.815   1.000e-01   373   2.600e-03   4.300e-03   1.000e+00   1.000e+00
  0.07    24.499   1.000e-01   374   2.600e-03   4.300e-03   1.000e+00   1.000e+00
  0.07    27.512   1.000e-01   375   2.600e-03   4.300e-03   1.000e+00   1.000e+00
  0.07    30.896   1.000e-01   376   2.600e-03   4.300e-03   1.000e+00   1.000e+00
  0.07    34.696   1.000e-01   377   2.600e-03   4.300e-03   1.000e+00   1.000e+00
  0.07    38.963   1.000e-01   378   2.600e-03   4.300e-03   1.000e+00   1.000e+00
  0.07    43.755   1.000e-01   379   2.600e-03   4.300e-03   1.000e+00   1.000e+00
  0.07    49.137   1.000e-01   380   2.600e-03   4.300e-03   1.000e+00   1.000e+00
  0.07    55.181   1.000e-01   381   2.600e-03   4.300e-03   1.000e+00   1.000e+00
  0.07    61.968   1.000e-01   382   2.600e-03   4.300e-03   1.000e+00   1.000e+00
  0.07    69.590   1.000e-01   383   2.600e-03   4.300e-03   1.000e+00   1.000e+00
  0.07    78.149   1.000e-01   384   2.600e-03   4.300e-03   1.000e+00   1.000e+00
  0.07    87.761   1.000e-01   385   2.600e-03   4.300e-03   1.000e+00   1.000e+00
  0.07    98.555   1.000e-01   386   2.600e-03   4.300e-03   1.000e+00   1.000e+00
  0.07   110.677   1.000e-01   387   2.600e-03   4.300e-03   1.000e+00   1.000e+00
  0.07   124.289   1.000e-01   388   2.600e-03   4.300e-03   1.000e+00   1.000e+00
  0.07   139.576   1.000e-01   389   2.600e-03   4.300e-03   1.000e+00   1.000e+00
  0.07   156.744   1.000e-01   390   2.600e-03   4.300e-03   1.000e+00   1.000e+00
  0.07   176.022   1.000e-01   391   2.600e-03   4.300e-03   1.000e+00   1.000e+00
  0.07   197.672   1.000e-01   392   2.600e-03   4.300e-03   1.000e+00   1.000e+00
  0.07   221.985   1.000e-01   393   2.600e-03   4.300e-03   1.000e+00   1.000e+00
  0.07   249.288   1.000e-01   394   2.600e-03   4.300e-03   1.000e+00   1.000e+00
  0.07   279.950   1.000e-01   395   2.600e-03   4.300e-03   1.000e+00   1.000e+00
  0.07   314.382   1.000e-01   396   2.600e-03   4.300e-03   1.000e+00   1.000e+00
  0.07   353.050   1.000e-01   397   2.600e-03   4.300e-03   1.000e+00   1.000e+00
  0.07   396.473   1.000e-01   398   2.600e-03   4.300e-03   1.000e+00   1.000e+00
  0.07   445.238   1.000e-01   399   2.600e-03   4.300e-03   1.000e+00   1.000e+00
  0.07   500.000   1.000e-01   400   2.600e-03   4.300e-03   1.000e+00   1.000e+00
  0.09     1.700   1.000e-01   401   2.600e-03   4.300e-03   1.000e+00   1.000e+00
  0.09     1.909   1.000e-01   402   2.600e-03   4.300e-03   1.000e+00   1.000e+00
  0.09     2.144   1.000e-01   403   2.600e-03   4.300e-03   1.000e+00   1.000e+00
  0.09     2.408   1.000e-01   404   2.600e-03   4.300e-03   1.000e+00   1.000e+00
  0.09     2.704   1.000e-01   405   2.600e-03   4.300e-03   1.000e+00   1.000e+00
  0.09     3.036   1.000e-01   406   2.600e-03   4.300e-03   1.000e+00   1.000e+00
  0.09     3.410   1.000e-01   407   2.600e-03   4.300e-03   1.000e+00   1.000e+00
  0.09     3.829   1.000e-01   408   2.600e-03   4.300e-03   1.000e+00   1.000e+00
  0.09     4.300   1.000e-01   409   2.600e-03   4.300e-03   1.000e+00   1.000e+00
  0.09     4.829   1.000e-01   410   2.600e-03   4.300e-03   1.000e+00   1.000e+00
  0.09     5.423   1.000e-01   411   2.600e-03   4.300e-03   1.000e+00   1.000e+00
  0.09     6.090   1.000e-01   412   2.600e-03   4.300e-03   1.000e+00   1.000e+00
  0.09     6.839   1.000e-01   413   2.600e-03   4.300e-03   1.000e+00   1.000e+00
  0.09     7.680   1.000e-01   414   2.600e-03   4.300e-03   1.000e+00   1.000e+00
  0.09     8.625   1.000e-01   415   2.600e-03   4.300e-03   1.000e+00   1.000e+00
  0.09     9.685   1.000e-01   416   2.600e-03   4.300e-03   1.000e+00   1.000e+00
  0.09    10.877   1.000e-01   417   2.600e-03   4.300e-03   1.000e+00   1.000e+00
  0.09    12.214   1.000e-01   418   2.600e-03   4.300e-03   1.000e+00   1.000e+00
  0.09    13.717   1.000e-01   419   2.600e-03   4.300e-03   1.000e+00   1.000e+00
  0.09    15.404   1.000e-01   420   2.600e-03   4.300e-03   1.000e+00   1.000e+00
  0.09    17.299   1.000e-01   421   2.600e-03   4.300e-03   1.000e+00   1.000e+00
  0.09    19.426   1.000e-01   422   2.600e-03   4.300e-03   1.000e+00   1.000e+00
  0.09    21.815   1.000e-01   423   2.600e-03   4.300e-03   1.000e+00   1.000e+00
  0.09    24.499   1.000e-01   424   2.600e-03   4.300e-03   1.000e+00   1.000e+00
  0.09    27.512   1.000e-01   425   2.600e-03   4.300e-03   1.000e+00   1.000e+00
  0.09    30.896   1.000e-01   426   2.600e-03   4.300e-03   1.000e+00   1.000e+00
  0.09    34.696   1.000e-01   427   2.600e-03   4.300e-03   1.000e+00   1.000e+00
  0.09    38.963   1.000e-01   428   2.600e-03   4.300e-03   1.000e+00   1.000e+00
  0.09    43.755   1.000e-01   429   2.600e-03   4.300e-03   1.000e+00   1.000e+00
  0.09    49.137   1.000e-01   430   2.600e-03   4.300e-03   1.000e+00   1.000e+00
  0.09    55.181   1.000e-01   431   2.600e-03   4.300e-03   1.000e+00   1.000e+00
  0.09    61.968   1.000e-01   432   2.600e-03   4.300e-03   1.000e+00   1.000e+00
  0.09    69.590   1.000e-01   433   2.600e-03   4.300e-03   1.000e+00   1.000e+00
  0.09    78.149   1.000e-01   434   2.600e-03   4.300e-03   1.000e+00   1.000e+00
  0.09    87.761   1.000e-01   435   2.600e-03   4.300e-03   1.000e+00   1.000e+00
  0.09    98.555   1.000e-01   436   2.600e-03   4.300e-03   1.000e+00   1.000e+00
  0.09   110.677   1.000e-01   437   2.600e-03   4.300e-03   1.000e+00   1.000e+00
  0.09   124.289   1.000e-01   438   2.600e-03   4.300e-03   1.000e+00   1.000e+00
  0.09   139.576   1.000e-01   439   2.600e-03   4.300e-03   1.000e+00   1.000e+00
  0.09   156.744   1.000e-01   440   2.600e-03   4.300e-03   1.000e+00   1.000e+00
  0.09   176.022   1.000e-01   441   2.600e-03   4.300e-03   1.000e+00   1.000e+00
  0.09   197.672   1.000e-01   442   2.600e-03   4.300e-03   1.000e+00   1.000e+00
  0.09   221.985   1.000e-01   443   2.600e-03   4.300e-03   1.000e+00   1.000e+00
  0.09   249.288   1.000e-01   444   2.600e-03   4.300e-03   1.000e+00   1.000e+00
  0.09   279.950   1.000e-01   445   2.600e-03   4.300e-03   1.000e+00   1.000e+00
  0.09   314.382   1.000e-01   446   2.600e-03   4.300e-03   1.000e+00   1.000e+00
  0.09   353.050   1.000e-01   447   2.600e-03   4.300e-03   1.000e+00   1.000e+00
  0.09   396.473   1.000e-01   448   2.600e-03   4.300e-03   1.000e+00   1.000e+00
  0.09   445.238   1.000e-01   449   2.600e-03   4.300e-03   1.000e+00   1.000e+00
  0.09   500.000   1.000e-01   450   2.600e-03   4.300e-03   1.000e+00   1.000e+00
   0.1     1.700   1.000e-01   451   2.600e-03   4.300e-03   1.000e+00   1.000e+00
   0.1     1.909   1.000e-01   452   2.600e-03   4.300e-03   1.000e+00   1.000e+00
   0.1     2.144   1.000e-01   453   2.600e-03   4.300e-03   1.000e+00   1.000e+00
   0.1     2.408   1.000e-01   454   2.600e-03   4.300e-03   1.000e+00   1.000e+00
   0.1     2.704   1.000e-01   455   2.600e-03   4.300e-03   1.000e+00   1.000e+00
   0.1     3.036   1.000e-01   456   2.600e-03   4.300e-03   1.000e+00   1.000e+00
   0.1     3.410   1.000e-01   457   2.600e-03   4.300e-03   1.000e+00   1.000e+00
   0.1     3.829   1.000e-01   458   2.600e-03   4.300e-03   1.000e+00   1.000e+00
   0.1     4.300   1.000e-01   459   2.600e-03   4.300e-03   1.000e+00   1.000e+00
   0.1     4.829   1.000e-01   460   2.600e-03   4.300e-03   1.000e+00   1.000e+00
   0.1     5.423   1.000e-01   461   2.600e-03   4.300e-03   1.000e+00   1.000e+00
   0.1     6.090   1.000e-01   462   2.600e-03   4.300e-03   1.000e+00   1.000e+00
   0.1     6.839   1.000e-01   463   2.600e-03   4.300e-03   1.000e+00   1.000e+00
   0.1     7.680   1.000e-01   464   2.600e-03   4.300e-03   1.000e+00   1.000e+00
   0.1     8.625   1.000e-01   465   2.600e-03   4.300e-03   1.000e+00   1.000e+00
   0.1     9.685   1.000e-01   466   2.600e-03   4.300e-03   1.000e+00   1.000e+00
   0.1    10.877   1.000e-01   467   2.600e-03   4.300e-03   1.000e+00   1.000e+00
   0.1    12.214   1.000e-01   468   2.600e-03   4.300e-03   1.000e+00   1.000e+00
   0.1    13.717   1.000e-01   469   2.600e-03   4.300e-03   1.000e+00   1.000e+00
   0.1    15.404   1.000e-01   470   2.600e-03   4.300e-03   1.000e+00   1.000e+00
   0.1    17.299   1.000e-01   471   2.600e-03   4.300e-03   1.000e+00   1.000e+00
   0.1    19.426   1.000e-01   472   2.600e-03   4.300e-03   1.000e+00   1.000e+00
   0.1    21.815   1.000e-01   473   2.600e-03   4.300e-03   1.000e+00   1.000e+00
   0.1    24.499   1.000e-01   474   2.600e-03   4.300e-03   1.000e+00   1.000e+00
   0.1    27.512   1.000e-01   475   2.600e-03   4.300e-03   1.000e+00   1.000e+00
   0.1    30.896   1.000e-01   476   2.600e-03   4.300e-03   1.000e+00   1.000e+00
   0.1    34.696   1.000e-01   477   2.600e-03   4.300e-03   1.000e+00   1.000e+00
   0.1    38.963   1.000e-01   478   2.600e-03   4.300e-03   1.000e+00   1.000e+00
   0.1    43.755   1.000e-01   479   2.600e-03   4.300e-03   1.000e+00   1.000e+00
   0.1    49.137   1.000e-01   480   2.600e-03   4.300e-03   1.000e+00   1.000e+00
   0.1    55.181   1.000e-01   481   2.600e-03   4.300e-03   1.000e+00   1.000e+00
   0.1    61.968   1.000e-01   482   2.600e-03   4.300e-03   1.000e+00   1.000e+00
   0.1    69.590   1.000e-01   483   2.600e-03   4.300e-03   1.000e+00   1.000e+00
   0.1    78.149   1.000e-01   484   2.600e-03   4.300e-03   1.000e+00   1.000e+00
   0.1    87.761   1.000e-01   485   2.600e-03   4.300e-03   1.000e+00   1.000e+00
   0.1    98.555   1.000e-01   486   2.600e-03   4.300e-03   1.000e+00   1.000e+00
   0.1   110.677   1.000e-01   487   2.600e-03   4.300e-03   1.000e+00   1.000e+00
   0.1   124.289   1.000e-01   488   2.600e-03   4.300e-03   1.000e+00   1.000e+00
   0.1   139.576   1.000e-01   489   2.600e-03   4.300e-03   1.000e+00   1.000e+00
   0.1   156.744   1.000e-01   490   2.600e-03   4.300e-03   1.000e+00   1.000e+00
   0.1   176.022   1.000e-01   491   2.600e-03   4.300e-03   1.000e+00   1.000e+00
   0.1   197.672   1.000e-01   492   2.600e-03   4.300e-03   1.000e+00   1.000e+00
   0.1   221.985   1.000e-01   493   2.600e-03   4.300e-03   1.000e+00   1.000e+00
   0.1   249.288   1.000e-01   494   2.600e-03   4.300e-03   1.000e+00   1.000e+00
   0.1   279.950   1.000e-01   495   2.600e-03   4.300e-03   1.000e+00   1.000e+00
   0.1   314.382   1.000e-01   496   2.600e-03   4.300e-03   1.000e+00   1.000e+00
   0.1   353.050   1.000e-01   497   2.600e-03   4.300e-03   1.000e+00   1.000e+00
   0.1   396.473   1.000e-01   498   2.600e-03   4.300e-03   1.000e+00   1.000e+00
   0.1   445.238   1.000e-01   499   2.600e-03   4.300e-03   1.000e+00   1.000e+00
   0.1   500.000   1.000e-01   500   2.600e-03   4.300e-03   1.000e+00   1.000e+00
  0.11     1.700   1.000e-01   501   2.600e-03   4.300e-03   1.000e+00   1.000e+00
  0.11     1.909   1.000e-01   502   2.600e-03   4.300e-03   1.000e+00   1.000e+00
  0.11     2.144   1.000e-01   503   2.600e-03   4.300e-03   1.000e+00   1.000e+00
  0.11     2.408   1.000e-01   504   2.600e-03   4.300e-03   1.000e+00   1.000e+00
  0.11     2.704   1.000e-01   505   2.600e-03   4.300e-03   1.000e+00   1.000e+00
  0.11     3.036   1.000e-01   506   2.600e-03   4.300e-03   1.000e+00   1.000e+00
  0.11     3.410   1.000e-01   507   2.600e-03   4.300e-03   1.000e+00   1.000e+00
  0.11     3.829   1.000e-01   508   2.600e-03   4.300e-03   1.000e+00   1.000e+00
  0.11     4.300   1.000e-01   509   2.600e-03   4.300e-03   1.000e+00   1.000e+00
  0.11     4.829   1.000e-01   510   2.600e-03   4.300e-03   1.000e+00   1.000e+00
  0.11     5.423   1.000e-01   511   2.600e-03   4.300e-03   1.000e+00   1.000e+00
  0.11     6.090   1.000e-01   512   2.600e-03   4.300e-03   1.000e+00   1.000e+00
  0.11     6.839   1.000e-01   513   2.600e-03   4.300e-03   1.000e+00   1.000e+00
  0.11     7.680   1.000e-01   514   2.600e-03   4.300e-03   1.000e+00   1.000e+00
  0.11     8.625   1.000e-01   515   2.600e-03   4.300e-03   1.000e+00   1.000e+00
  0.11     9.685   1.000e-01   516   2.600e-03   4.300e-03   1.000e+00   1.000e+00
  0.11    10.877   1.000e-01   517   2.600e-03   4.300e-03   1.000e+00   1.000e+00
  0.11    12.214   1.000e-01   518   2.600e-03   4.300e-03   1.000e+00   1.000e+00
  0.11    13.717   1.000e-01   519   2.600e-03   4.300e-03   1.000e+00   1.000e+00
  0.11    15.404   1.000e-01   520   2.600e-03   4.300e-03   1.000e+00   1.000e+00
  0.11    17.299   1.000e-01   521   2.600e-03   4.300e-03   1.000e+00   1.000e+00
  0.11    19.426   1.000e-01   522   2.600e-03   4.300e-03   1.000e+00   1.000e+00
  0.11    21.815   1.000e-01   523   2.600e-03   4.300e-03   1.000e+00   1.000e+00
  0.11    24.499   1.000e-01   524   2.600e-03   4.300e-03   1.000e+00   1.000e+00
  0.11    27.512   1.000e-01   525   2.600e-03   4.300e-03   1.000e+00   1.000e+00
  0.11    30.896   1.000e-01   526   2.600e-03   4.300e-03   1.000e+00   1.000e+00
  0.11    34.696   1.000e-01   527   2.600e-03   4.300e-03   1.000e+00   1.000e+00
  0.11    38.963   1.000e-01   528   2.600e-03   4.300e-03   1.000e+00   1.000e+00
  0.11    43.755   1.000e-01   529   2.600e-03   4.300e-03   1.000e+00   1.000e+00
  0.11    49.137   1.000e-01   530   2.600e-03   4.300e-03   1.000e+00   1.000e+00
  0.11    55.181   1.000e-01   531   2.600e-03   4.300e-03   1.000e+00   1.000e+00
  0.11    61.968   1.000e-01   532   2.600e-03   4.300e-03   1.000e+00   1.000e+00
  0.11    69.590   1.000e-01   533   2.600e-03   4.300e-03   1.000e+00   1.000e+00
  0.11    78.149   1.000e-01   534   2.600e-03   4.300e-03   1.000e+00   1.000e+00
  0.11    87.761   1.000e-01   535   2.600e-03   4.300e-03   1.000e+00   1.000e+00
  0.11    98.555   1.000e-01   536   2.600e-03   4.300e-03   1.000e+00   1.000e+00
  0.11   110.677   1.000e-01   537   2.600e-03   4.300e-03   1.000e+00   1.000e+00
  0.11   124.289   1.000e-01   538   2.600e-03   4.300e-03   1.000e+00   1.000e+00
  0.11   139.576   1.000e-01   539   2.600e-03   4.300e-03   1.000e+00   1.000e+00
  0.11   156.744   1.000e-01   540   2.600e-03   4.300e-03   1.000e+00   1.000e+00
  0.11   176.022   1.000e-01   541   2.600e-03   4.300e-03   1.000e+00   1.000e+00
  0.11   197.672   1.000e-01   542   2.600e-03   4.300e-03   1.000e+00   1.000e+00
  0.11   221.985   1.000e-01   543   2.600e-03   4.300e-03   1.000e+00   1.000e+00
  0.11   249.288   1.000e-01   544   2.600e-03   4.300e-03   1.000e+00   1.000e+00
  0.11   279.950   1.000e-01   545   2.600e-03   4.300e-03   1.000e+00   1.000e+00
  0.11   314.382   1.000e-01   546   2.600e-03   4.300e-03   1.000e+00   1.000e+00
  0.11   353.050   1.000e-01   547   2.600e-03   4.300e-03   1.000e+00   1.000e+00
  0.11   396.473   1.000e-01   548   2.600e-03   4.300e-03   1.000e+00   1.000e+00
  0.11   445.238   1.000e-01   549   2.600e-03   4.300e-03   1.000e+00   1.000e+00
  0.11   500.000   1.000e-01   550   2.600e-03   4.300e-03   1.000e+00   1.000e+00
  0.14     1.700   1.000e-01   551   2.600e-03   4.300e-03   1.000e+00   1.000e+00
  0.14     1.909   1.000e-01   552   2.600e-03   4.300e-03   1.000e+00   1.000e+00
  0.14     2.144   1.000e-01   553   2.600e-03   4.300e-03   1.000e+00   1.000e+00
  0.14     2.408   1.000e-01   554   2.600e-03   4.300e-03   1.000e+00   1.000e+00
  0.14     2.704   1.000e-01   555   2.600e-03   4.300e-03   1.000e+00   1.000e+00
  0.14     3.036   1.000e-01   556   2.600e-03   4.300e-03   1.000e+00   1.000e+00
  0.14     3.410   1.000e-01   557   2.600e-03   4.300e-03   1.000e+00   1.000e+00
  0.14     3.829   1.000e-01   558   2.600e-03   4.300e-03   1.000e+00   1.000e+00
  0.14     4.300   1.000e-01   559   2.600e-03   4.300e-03   1.000e+00   1.000e+00
  0.14     4.829   1.000e-01   560   2.600e-03   4.300e-03   1.000e+00   1.000e+00
  0.14     5.423   1.000e-01   561   2.600e-03   4.300e-03   1.000e+00   1.000e+00
  0.14     6.090   1.000e-01   562   2.600e-03   4.300e-03   1.000e+00   1.000e+00
  0.14     6.839   1.000e-01   563   2.600e-03   4.300e-03   1.000e+00   1.000e+00
  0.14     7.680   1.000e-01   564   2.600e-03   4.300e-03   1.000e+00   1.000e+00
  0.14     8.625   1.000e-01   565   2.600e-03   4.300e-03   1.000e+00   1.000e+00
  0.14     9.685   1.000e-01   566   2.600e-03   4.300e-03   1.000e+00   1.000e+00
  0.14    10.877   1.000e-01   567   2.600e-03   4.300e-03   1.000e+00   1.000e+00
  0.14    12.214   1.000e-01   568   2.600e-03   4.300e-03   1.000e+00   1.000e+00
  0.14    13.717   1.000e-01   569   2.600e-03   4.300e-03   1.000e+00   1.000e+00
  0.14    15.404   1.000e-01   570   2.600e-03   4.300e-03   1.000e+00   1.000e+00
  0.14    17.299   1.000e-01   571   2.600e-03   4.300e-03   1.000e+00   1.000e+00
  0.14    19.426   1.000e-01   572   2.600e-03   4.300e-03   1.000e+00   1.000e+00
  0.14    21.815   1.000e-01   573   2.600e-03   4.300e-03   1.000e+00   1.000e+00
  0.14    24.499   1.000e-01   574   2.600e-03   4.300e-03   1.000e+00   1.000e+00
  0.14    27.512   1.000e-01   575   2.600e-03   4.300e-03   1.000e+00   1.000e+00
  0.14    30.896   1.000e-01   576   2.600e-03   4.300e-03   1.000e+00   1.000e+00
  0.14    34.696   1.000e-01   577   2.600e-03   4.300e-03   1.000e+00   1.000e+00
  0.14    38.963   1.000e-01   578   2.600e-03   4.300e-03   1.000e+00   1.000e+00
  0.14    43.755   1.000e-01   579   2.600e-03   4.300e-03   1.000e+00   1.000e+00
  0.14    49.137   1.000e-01   580   2.600e-03   4.300e-03   1.000e+00   1.000e+00
  0.14    55.181   1.000e-01   581   2.600e-03   4.300e-03   1.000e+00   1.000e+00
  0.14    61.968   1.000e-01   582   2.600e-03   4.300e-03   1.000e+00   1.000e+00
  0.14    69.590   1.000e-01   583   2.600e-03   4.300e-03   1.000e+00   1.000e+00
  0.14    78.149   1.000e-01   584   2.600e-03   4.300e-03   1.000e+00   1.000e+00
  0.14    87.761   1.000e-01   585   2.600e-03   4.300e-03   1.000e+00   1.000e+00
  0.14    98.555   1.000e-01   586   2.600e-03   4.300e-03   1.000e+00   1.000e+00
  0.14   110.677   1.000e-01   587   2.600e-03   4.300e-03   1.000e+00   1.000e+00
  0.14   124.289   1.000e-01   588   2.600e-03   4.300e-03   1.000e+00   1.000e+00
  0.14   139.576   1.000e-01   589   2.600e-03   4.300e-03   1.000e+00   1.000e+00
  0.14   156.744   1.000e-01   590   2.600e-03   4.300e-03   1.000e+00   1.000e+00
  0.14   176.022   1.000e-01   591   2.600e-03   4.300e-03   1.000e+00   1.000e+00
  0.14   197.672   1.000e-01   592   2.600e-03   4.300e-03   1.000e+00   1.000e+00
  0.14   221.985   1.000e-01   593   2.600e-03   4.300e-03   1.000e+00   1.000e+00
  0.14   249.288   1.000e-01   594   2.600e-03   4.300e-03   1.000e+00   1.000e+00
  0.14   279.950   1.000e-01   595   2.600e-03   4.300e-03   1.000e+00   1.000e+00
  0.14   314.382   1.000e-01   596   2.600e-03   4.300e-03   1.000e+00   1.000e+00
  0.14   353.050   1.000e-01   597   2.600e-03   4.300e-03   1.000e+00   1.000e+00
  0.14   396.473   1.000e-01   598   2.600e-03   4.300e-03   1.000e+00   1.000e+00
  0.14   445.238   1.000e-01   599   2.600e-03   4.300e-03   1.000e+00   1.000e+00
  0.14   500.000   1.000e-01   600   2.600e-03   4.300e-03   1.000e+00   1.000e+00
  0.18     1.700   1.000e-01   601   2.600e-03   4.300e-03   1.000e+00   1.000e+00
  0.18     1.909   1.000e-01   602   2.600e-03   4.300e-03   1.000e+00   1.000e+00
  0.18     2.144   1.000e-01   603   2.600e-03   4.300e-03   1.000e+00   1.000e+00
  0.18     2.408   1.000e-01   604   2.600e-03   4.300e-03   1.000e+00   1.000e+00
  0.18     2.704   1.000e-01   605   2.600e-03   4.300e-03   1.000e+00   1.000e+00
  0.18     3.036   1.000e-01   606   2.600e-03   4.300e-03   1.000e+00   1.000e+00
  0.18     3.410   1.000e-01   607   2.600e-03   4.300e-03   1.000e+00   1.000e+00
  0.18     3.829   1.000e-01   608   2.600e-03   4.300e-03   1.000e+00   1.000e+00
  0.18     4.300   1.000e-01   609   2.600e-03   4.300e-03   1.000e+00   1.000e+00
  0.18     4.829   1.000e-01   610   2.600e-03   4.300e-03   1.000e+00   1.000e+00
  0.18     5.423   1.000e-01   611   2.600e-03   4.300e-03   1.000e+00   1.000e+00
  0.18     6.090   1.000e-01   612   2.600e-03   4.300e-03   1.000e+00   1.000e+00
  0.18     6.839   1.000e-01   613   2.600e-03   4.300e-03   1.000e+00   1.000e+00
  0.18     7.680   1.000e-01   614   2.600e-03   4.300e-03   1.000e+00   1.000e+00
  0.18     8.625   1.000e-01   615   2.600e-03   4.300e-03   1.000e+00   1.000e+00
  0.18     9.685   1.000e-01   616   2.600e-03   4.300e-03   1.000e+00   1.000e+00
  0.18    10.877   1.000e-01   617   2.600e-03   4.300e-03   1.000e+00   1.000e+00
  0.18    12.214   1.000e-01   618   2.600e-03   4.300e-03   1.000e+00   1.000e+00
  0.18    13.717   1.000e-01   619   2.600e-03   4.300e-03   1.000e+00   1.000e+00
  0.18    15.404   1.000e-01   620   2.600e-03   4.300e-03   1.000e+00   1.000e+00
  0.18    17.299   1.000e-01   621   2.600e-03   4.300e-03   1.000e+00   1.000e+00
  0.18    19.426   1.000e-01   622   2.600e-03   4.300e-03   1.000e+00   1.000e+00
  0.18    21.815   1.000e-01   623   2.600e-03   4.300e-03   1.000e+00   1.000e+00
  0.18    24.499   1.000e-01   624   2.600e-03   4.300e-03   1.000e+00   1.000e+00
  0.18    27.512   1.000e-01   625   2.600e-03   4.300e-03   1.000e+00   1.000e+00
  0.18    30.896   1.000e-01   626   2.600e-03   4.300e-03   1.000e+00   1.000e+00
  0.18    34.696   1.000e-01   627   2.600e-03   4.300e-03   1.000e+00   1.000e+00
  0.18    38.963   1.000e-01   628   2.600e-03   4.300e-03   1.000e+00   1.000e+00
  0.18    43.755   1.000e-01   629   2.600e-03   4.300e-03   1.000e+00   1.000e+00
  0.18    49.137   1.000e-01   630   2.600e-03   4.300e-03   1.000e+00   1.000e+00
  0.18    55.181   1.000e-01   631   2.600e-03   4.300e-03   1.000e+00   1.000e+00
  0.18    61.968   1.000e-01   632   2.600e-03   4.300e-03   1.000e+00   1.000e+00
  0.18    69.590   1.000e-01   633   2.600e-03   4.300e-03   1.000e+00   1.000e+00
  0.18    78.149   1.000e-01   634   2.600e-03   4.300e-03   1.000e+00   1.000e+00
  0.18    87.761   1.000e-01   635   2.600e-03   4.300e-03   1.000e+00   1.000e+00
  0.18    98.555   1.000e-01   636   2.600e-03   4.300e-03   1.000e+00   1.000e+00
  0.18   110.677   1.000e-01   637   2.600e-03   4.300e-03   1.000e+00   1.000e+00
  0.18   124.289   1.000e-01   638   2.600e-03   4.300e-03   1.000e+00   1.000e+00
  0.18   139.576   1.000e-01   639   2.600e-03   4.300e-03   1.000e+00   1.000e+00
  0.18   156.744   1.000e-01   640   2.600e-03   4.300e-03   1.000e+00   1.000e+00
  0.18   176.022   1.000e-01   641   2.600e-03   4.300e-03   1.000e+00   1.000e+00
  0.18   197.672   1.000e-01   642   2.600e-03   4.300e-03   1.000e+00   1.000e+00
  0.18   221.985   1.000e-01   643   2.600e-03   4.300e-03   1.000e+00   1.000e+00
  0.18   249.288   1.000e-01   644   2.600e-03   4.300e-03   1.000e+00   1.000e+00
  0.18   279.950   1.000e-01   645   2.600e-03   4.300e-03   1.000e+00   1.000e+00
  0.18   314.382   1.000e-01   646   2.600e-03   4.300e-03   1.000e+00   1.000e+00
  0.18   353.050   1.000e-01   647   2.600e-03   4.300e-03   1.000e+00   1.000e+00
  0.18   396.473   1.000e-01   648   2.600e-03   4.300e-03   1.000e+00   1.000e+00
  0.18   445.238   1.000e-01   649   2.600e-03   4.300e-03   1.000e+00   1.000e+00
  0.18   500.000   1.000e-01   650   2.600e-03   4.300e-03   1.000e+00   1.000e+00
  0.23     1.700   1.000e-01   651   2.600e-03   4.300e-03   1.000e+00   1.000e+00
  0.23     1.909   1.000e-01   652   2.600e-03   4.300e-03   1.000e+00   1.000e+00
  0.23     2.144   1.000e-01   653   2.600e-03   4.300e-03   1.000e+00   1.000e+00
  0.23     2.408   1.000e-01   654   2.600e-03   4.300e-03   1.000e+00   1.000e+00
  0.23     2.704   1.000e-01   655   2.600e-03   4.300e-03   1.000e+00   1.000e+00
  0.23     3.036   1.000e-01   656   2.600e-03   4.300e-03   1.000e+00   1.000e+00
  0.23     3.410   1.000e-01   657   2.600e-03   4.300e-03   1.000e+00   1.000e+00
  0.23     3.829   1.000e-01   658   2.600e-03   4.300e-03   1.000e+00   1.000e+00
  0.23     4.300   1.000e-01   659   2.600e-03   4.300e-03   1.000e+00   1.000e+00
  0.23     4.829   1.000e-01   660   2.600e-03   4.300e-03   1.000e+00   1.000e+00
  0.23     5.423   1.000e-01   661   2.600e-03   4.300e-03   1.000e+00   1.000e+00
  0.23     6.090   1.000e-01   662   2.600e-03   4.300e-03   1.000e+00   1.000e+00
  0.23     6.839   1.000e-01   663   2.600e-03   4.300e-03   1.000e+00   1.000e+00
  0.23     7.680   1.000e-01   664   2.600e-03   4.300e-03   1.000e+00   1.000e+00
  0.23     8.625   1.000e-01   665   2.600e-03   4.300e-03   1.000e+00   1.000e+00
  0.23     9.685   1.000e-01   666   2.600e-03   4.300e-03   1.000e+00   1.000e+00
  0.23    10.877   1.000e-01   667   2.600e-03   4.300e-03   1.000e+00   1.000e+00
  0.23    12.214   1.000e-01   668   2.600e-03   4.300e-03   1.000e+00   1.000e+00
  0.23    13.717   1.000e-01   669   2.600e-03   4.300e-03   1.000e+00   1.000e+00
  0.23    15.404   1.000e-01   670   2.600e-03   4.300e-03   1.000e+00   1.000e+00
  0.23    17.299   1.000e-01   671   2.600e-03   4.300e-03   1.000e+00   1.000e+00
  0.23    19.426   1.000e-01   672   2.600e-03   4.300e-03   1.000e+00   1.000e+00
  0.23    21.815   1.000e-01   673   2.600e-03   4.300e-03   1.000e+00   1.000e+00
  0.23    24.499   1.000e-01   674   2.600e-03   4.300e-03   1.000e+00   1.000e+00
  0.23    27.512   1.000e-01   675   2.600e-03   4.300e-03   1.000e+00   1.000e+00
  0.23    30.896   1.000e-01   676   2.600e-03   4.300e-03   1.000e+00   1.000e+00
  0.23    34.696   1.000e-01   677   2.600e-03   4.300e-03   1.000e+00   1.000e+00
  0.23    38.963   1.000e-01   678   2.600e-03   4.300e-03   1.000e+00   1.000e+00
  0.23    43.755   1.000e-01   679   2.600e-03   4.300e-03   1.000e+00   1.000e+00
  0.23    49.137   1.000e-01   680   2.600e-03   4.300e-03   1.000e+00   1.000e+00
  0.23    55.181   1.000e-01   681   2.600e-03   4.300e-03   1.000e+00   1.000e+00
  0.23    61.968   1.000e-01   682   2.600e-03   4.300e-03   1.000e+00   1.000e+00
  0.23    69.590   1.000e-01   683   2.600e-03   4.300e-03   1.000e+00   1.000e+00
  0.23    78.149   1.000e-01   684   2.600e-03   4.300e-03   1.000e+00   1.000e+00
  0.23    87.761   1.000e-01   685   2.600e-03   4.300e-03   1.000e+00   1.000e+00
  0.23    98.555   1.000e-01   686   2.600e-03   4.300e-03   1.000e+00   1.000e+00
  0.23   110.677   1.000e-01   687   2.600e-03   4.300e-03   1.000e+00   1.000e+00
  0.23   124.289   1.000e-01   688   2.600e-03   4.300e-03   1.000e+00   1.000e+00
  0.23   139.576   1.000e-01   689   2.600e-03   4.300e-03   1.000e+00   1.000e+00
  0.23   156.744   1.000e-01   690   2.600e-03   4.300e-03   1.000e+00   1.000e+00
  0.23   176.022   1.000e-01   691   2.600e-03   4.300e-03   1.000e+00   1.000e+00
  0.23   197.672   1.000e-01   692   2.600e-03   4.300e-03   1.000e+00   1.000e+00
  0.23   221.985   1.000e-01   693   2.600e-03   4.300e-03   1.000e+00   1.000e+00
  0.23   249.288   1.000e-01   694   2.600e-03   4.300e-03   1.000e+00   1.000e+00
  0.23   279.950   1.000e-01   695   2.600e-03   4.300e-03   1.000e+00   1.000e+00
  0.23   314.382   1.000e-01   696   2.600e-03   4.300e-03   1.000e+00   1.000e+00
  0.23   353.050   1.000e-01   697   2.600e-03   4.300e-03   1.000e+00   1.000e+00
  0.23   396.473   1.000e-01   698   2.600e-03   4.300e-03   1.000e+00   1.000e+00
  0.23   445.238   1.000e-01   699   2.600e-03   4.300e-03   1.000e+00   1.000e+00
  0.23   500.000   1.000e-01   700   2.600e-03   4.300e-03   1.000e+00   1.000e+00
  0.28     1.700   1.000e-01   701   2.600e-03   4.300e-03   1.000e+00   1.000e+00
  0.28     1.909   1.000e-01   702   2.600e-03   4.300e-03   1.000e+00   1.000e+00
  0.28     2.144   1.000e-01   703   2.600e-03   4.300e-03   1.000e+00   1.000e+00
  0.28     2.408   1.000e-01   704   2.600e-03   4.300e-03   1.000e+00   1.000e+00
  0.28     2.704   1.000e-01   705   2.600e-03   4.300e-03   1.000e+00   1.000e+00
  0.28     3.036   1.000e-01   706   2.600e-03   4.300e-03   1.000e+00   1.000e+00
  0.28     3.410   1.000e-01   707   2.600e-03   4.300e-03   1.000e+00   1.000e+00
  0.28     3.829   1.000e-01   708   2.600e-03   4.300e-03   1.000e+00   1.000e+00
  0.28     4.300   1.000e-01   709   2.600e-03   4.300e-03   1.000e+00   1.000e+00
  0.28     4.829   1.000e-01   710   2.600e-03   4.300e-03   1.000e+00   1.000e+00
  0.28     5.423   1.000e-01   711   2.600e-03   4.300e-03   1.000e+00   1.000e+00
  0.28     6.090   1.000e-01   712   2.600e-03   4.300e-03   1.000e+00   1.000e+00
  0.28     6.839   1.000e-01   713   2.600e-03   4.300e-03   1.000e+00   1.000e+00
  0.28     7.680   1.000e-01   714   2.600e-03   4.300e-03   1.000e+00   1.000e+00
  0.28     8.625   1.000e-01   715   2.600e-03   4.300e-03   1.000e+00   1.000e+00
  0.28     9.685   1.000e-01   716   2.600e-03   4.300e-03   1.000e+00   1.000e+00
  0.28    10.877   1.000e-01   717   2.600e-03   4.300e-03   1.000e+00   1.000e+00
  0.28    12.214   1.000e-01   718   2.600e-03   4.300e-03   1.000e+00   1.000e+00
  0.28    13.717   1.000e-01   719   2.600e-03   4.300e-03   1.000e+00   1.000e+00
  0.28    15.404   1.000e-01   720   2.600e-03   4.300e-03   1.000e+00   1.000e+00
  0.28    17.299   1.000e-01   721   2.600e-03   4.300e-03   1.000e+00   1.000e+00
  0.28    19.426   1.000e-01   722   2.600e-03   4.300e-03   1.000e+00   1.000e+00
  0.28    21.815   1.000e-01   723   2.600e-03   4.300e-03   1.000e+00   1.000e+00
  0.28    24.499   1.000e-01   724   2.600e-03   4.300e-03   1.000e+00   1.000e+00
  0.28    27.512   1.000e-01   725   2.600e-03   4.300e-03   1.000e+00   1.000e+00
  0.28    30.896   1.000e-01   726   2.600e-03   4.300e-03   1.000e+00   1.000e+00
  0.28    34.696   1.000e-01   727   2.600e-03   4.300e-03   1.000e+00   1.000e+00
  0.28    38.963   1.000e-01   728   2.600e-03   4.300e-03   1.000e+00   1.000e+00
  0.28    43.755   1.000e-01   729   2.600e-03   4.300e-03   1.000e+00   1.000e+00
  0.28    49.137   1.000e-01   730   2.600e-03   4.300e-03   1.000e+00   1.000e+00
  0.28    55.181   1.000e-01   731   2.600e-03   4.300e-03   1.000e+00   1.000e+00
  0.28    61.968   1.000e-01   732   2.600e-03   4.300e-03   1.000e+00   1.000e+00
  0.28    69.590   1.000e-01   733   2.600e-03   4.300e-03   1.000e+00   1.000e+00
  0.28    78.149   1.000e-01   734   2.600e-03   4.300e-03   1.000e+00   1.000e+00
  0.28    87.761   1.000e-01   735   2.600e-03   4.300e-03   1.000e+00   1.000e+00
  0.28    98.555   1.000e-01   736   2.600e-03   4.300e-03   1.000e+00   1.000e+00
  0.28   110.677   1.000e-01   737   2.600e-03   4.300e-03   1.000e+00   1.000e+00
  0.28   124.289   1.000e-01   738   2.600e-03   4.300e-03   1.000e+00   1.000e+00
  0.28   139.576   1.000e-01   739   2.600e-03   4.300e-03   1.000e+00   1.000e+00
  0.28   156.744   1.000e-01   740   2.600e-03   4.300e-03   1.000e+00   1.000e+00
  0.28   176.022   1.000e-01   741   2.600e-03   4.300e-03   1.000e+00   1.000e+00
  0.28   197.672   1.000e-01   742   2.600e-03   4.300e-03   1.000e+00   1.000e+00
  0.28   221.985   1.000e-01   743   2.600e-03   4.300e-03   1.000e+00   1.000e+00
  0.28   249.288   1.000e-01   744   2.600e-03   4.300e-03   1.000e+00   1.000e+00
  0.28   279.950   1.000e-01   745   2.600e-03   4.300e-03   1.000e+00   1.000e+00
  0.28   314.382   1.000e-01   746   2.600e-03   4.300e-03   1.000e+00   1.000e+00
  0.28   353.050   1.000e-01   747   2.600e-03   4.300e-03   1.000e+00   1.000e+00
  0.28   396.473   1.000e-01   748   2.600e-03   4.300e-03   1.000e+00   1.000e+00
  0.28   445.238   1.000e-01   749   2.600e-03   4.300e-03   1.000e+00   1.000e+00
  0.28   500.000   1.000e-01   750   2.600e-03   4.300e-03   1.000e+00   1.000e+00
  0.34     1.700   1.000e-01   751   2.600e-03   4.300e-03   1.000e+00   1.000e+00
  0.34     1.909   1.000e-01   752   2.600e-03   4.300e-03   1.000e+00   1.000e+00
  0.34     2.144   1.000e-01   753   2.600e-03   4.300e-03   1.000e+00   1.000e+00
  0.34     2.408   1.000e-01   754   2.600e-03   4.300e-03   1.000e+00   1.000e+00
  0.34     2.704   1.000e-01   755   2.600e-03   4.300e-03   1.000e+00   1.000e+00
  0.34     3.036   1.000e-01   756   2.600e-03   4.300e-03   1.000e+00   1.000e+00
  0.34     3.410   1.000e-01   757   2.600e-03   4.300e-03   1.000e+00   1.000e+00
  0.34     3.829   1.000e-01   758   2.600e-03   4.300e-03   1.000e+00   1.000e+00
  0.34     4.300   1.000e-01   759   2.600e-03   4.300e-03   1.000e+00   1.000e+00
  0.34     4.829   1.000e-01   760   2.600e-03   4.300e-03   1.000e+00   1.000e+00
  0.34     5.423   1.000e-01   761   2.600e-03   4.300e-03   1.000e+00   1.000e+00
  0.34     6.090   1.000e-01   762   2.600e-03   4.300e-03   1.000e+00   1.000e+00
  0.34     6.839   1.000e-01   763   2.600e-03   4.300e-03   1.000e+00   1.000e+00
  0.34     7.680   1.000e-01   764   2.600e-03   4.300e-03   1.000e+00   1.000e+00
  0.34     8.625   1.000e-01   765   2.600e-03   4.300e-03   1.000e+00   1.000e+00
  0.34     9.685   1.000e-01   766   2.600e-03   4.300e-03   1.000e+00   1.000e+00
  0.34    10.877   1.000e-01   767   2.600e-03   4.300e-03   1.000e+00   1.000e+00
  0.34    12.214   1.000e-01   768   2.600e-03   4.300e-03   1.000e+00   1.000e+00
  0.34    13.717   1.000e-01   769   2.600e-03   4.300e-03   1.000e+00   1.000e+00
  0.34    15.404   1.000e-01   770   2.600e-03   4.300e-03   1.000e+00   1.000e+00
  0.34    17.299   1.000e-01   771   2.600e-03   4.300e-03   1.000e+00   1.000e+00
  0.34    19.426   1.000e-01   772   2.600e-03   4.300e-03   1.000e+00   1.000e+00
  0.34    21.815   1.000e-01   773   2.600e-03   4.300e-03   1.000e+00   1.000e+00
  0.34    24.499   1.000e-01   774   2.600e-03   4.300e-03   1.000e+00   1.000e+00
  0.34    27.512   1.000e-01   775   2.600e-03   4.300e-03   1.000e+00   1.000e+00
  0.34    30.896   1.000e-01   776   2.600e-03   4.300e-03   1.000e+00   1.000e+00
  0.34    34.696   1.000e-01   777   2.600e-03   4.300e-03   1.000e+00   1.000e+00
  0.34    38.963   1.000e-01   778   2.600e-03   4.300e-03   1.000e+00   1.000e+00
  0.34    43.755   1.000e-01   779   2.600e-03   4.300e-03   1.000e+00   1.000e+00
  0.34    49.137   1.000e-01   780   2.600e-03   4.300e-03   1.000e+00   1.000e+00
  0.34    55.181   1.000e-01   781   2.600e-03   4.300e-03   1.000e+00   1.000e+00
  0.34    61.968   1.000e-01   782   2.600e-03   4.300e-03   1.000e+00   1.000e+00
  0.34    69.590   1.000e-01   783   2.600e-03   4.300e-03   1.000e+00   1.000e+00
  0.34    78.149   1.000e-01   784   2.600e-03   4.300e-03   1.000e+00   1.000e+00
  0.34    87.761   1.000e-01   785   2.600e-03   4.300e-03   1.000e+00   1.000e+00
  0.34    98.555   1.000e-01   786   2.600e-03   4.300e-03   1.000e+00   1.000e+00
  0.34   110.677   1.000e-01   787   2.600e-03   4.300e-03   1.000e+00   1.000e+00
  0.34   124.289   1.000e-01   788   2.600e-03   4.300e-03   1.000e+00   1.000e+00
  0.34   139.576   1.000e-01   789   2.600e-03   4.300e-03   1.000e+00   1.000e+00
  0.34   156.744   1.000e-01   790   2.600e-03   4.300e-03   1.000e+00   1.000e+00
  0.34   176.022   1.000e-01   791   2.600e-03   4.300e-03   1.000e+00   1.000e+00
  0.34   197.672   1.000e-01   792   2.600e-03   4.300e-03   1.000e+00   1.000e+00
  0.34   221.985   1.000e-01   793   2.600e-03   4.300e-03   1.000e+00   1.000e+00
  0.34   249.288   1.000e-01   794   2.600e-03   4.300e-03   1.000e+00   1.000e+00
  0.34   279.950   1.000e-01   795   2.600e-03   4.300e-03   1.000e+00   1.000e+00
  0.34   314.382   1.000e-01   796   2.600e-03   4.300e-03   1.000e+00   1.000e+00
  0.34   353.050   1.000e-01   797   2.600e-03   4.300e-03   1.000e+00   1.000e+00
  0.34   396.473   1.000e-01   798   2.600e-03   4.300e-03   1.000e+00   1.000e+00
  0.34   445.238   1.000e-01   799   2.600e-03   4.300e-03   1.000e+00   1.000e+00
  0.34   500.000   1.000e-01   800   2.600e-03   4.300e-03   1.000e+00   1.000e+00
  0.45     1.700   1.000e-01   801   2.600e-03   4.300e-03   1.000e+00   1.000e+00
  0.45     1.909   1.000e-01   802   2.600e-03   4.300e-03   1.000e+00   1.000e+00
  0.45     2.144   1.000e-01   803   2.600e-03   4.300e-03   1.000e+00   1.000e+00
  0.45     2.408   1.000e-01   804   2.600e-03   4.300e-03   1.000e+00   1.000e+00
  0.45     2.704   1.000e-01   805   2.600e-03   4.300e-03   1.000e+00   1.000e+00
  0.45     3.036   1.000e-01   806   2.600e-03   4.300e-03   1.000e+00   1.000e+00
  0.45     3.410   1.000e-01   807   2.600e-03   4.300e-03   1.000e+00   1.000e+00
  0.45     3.829   1.000e-01   808   2.600e-03   4.300e-03   1.000e+00   1.000e+00
  0.45     4.300   1.000e-01   809   2.600e-03   4.300e-03   1.000e+00   1.000e+00
  0.45     4.829   1.000e-01   810   2.600e-03   4.300e-03   1.000e+00   1.000e+00
  0.45     5.423   1.000e-01   811   2.600e-03   4.300e-03   1.000e+00   1.000e+00
  0.45     6.090   1.000e-01   812   2.600e-03   4.300e-03   1.000e+00   1.000e+00
  0.45     6.839   1.000e-01   813   2.600e-03   4.300e-03   1.000e+00   1.000e+00
  0.45     7.680   1.000e-01   814   2.600e-03   4.300e-03   1.000e+00   1.000e+00
  0.45     8.625   1.000e-01   815   2.600e-03   4.300e-03   1.000e+00   1.000e+00
  0.45     9.685   1.000e-01   816   2.600e-03   4.300e-03   1.000e+00   1.000e+00
  0.45    10.877   1.000e-01   817   2.600e-03   4.300e-03   1.000e+00   1.000e+00
  0.45    12.214   1.000e-01   818   2.600e-03   4.300e-03   1.000e+00   1.000e+00
  0.45    13.717   1.000e-01   819   2.600e-03   4.300e-03   1.000e+00   1.000e+00
  0.45    15.404   1.000e-01   820   2.600e-03   4.300e-03   1.000e+00   1.000e+00
  0.45    17.299   1.000e-01   821   2.600e-03   4.300e-03   1.000e+00   1.000e+00
  0.45    19.426   1.000e-01   822   2.600e-03   4.300e-03   1.000e+00   1.000e+00
  0.45    21.815   1.000e-01   823   2.600e-03   4.300e-03   1.000e+00   1.000e+00
  0.45    24.499   1.000e-01   824   2.600e-03   4.300e-03   1.000e+00   1.000e+00
  0.45    27.512   1.000e-01   825   2.600e-03   4.300e-03   1.000e+00   1.000e+00
  0.45    30.896   1.000e-01   826   2.600e-03   4.300e-03   1.000e+00   1.000e+00
  0.45    34.696   1.000e-01   827   2.600e-03   4.300e-03   1.000e+00   1.000e+00
  0.45    38.963   1.000e-01   828   2.600e-03   4.300e-03   1.000e+00   1.000e+00
  0.45    43.755   1.000e-01   829   2.600e-03   4.300e-03   1.000e+00   1.000e+00
  0.45    49.137   1.000e-01   830   2.600e-03   4.300e-03   1.000e+00   1.000e+00
  0.45    55.181   1.000e-01   831   2.600e-03   4.300e-03   1.000e+00   1.000e+00
  0.45    61.968   1.000e-01   832   2.600e-03   4.300e-03   1.000e+00   1.000e+00
  0.45    69.590   1.000e-01   833   2.600e-03   4.300e-03   1.000e+00   1.000e+00
  0.45    78.149   1.000e-01   834   2.600e-03   4.300e-03   1.000e+00   1.000e+00
  0.45    87.761   1.000e-01   835   2.600e-03   4.300e-03   1.000e+00   1.000e+00
  0.45    98.555   1.000e-01   836   2.600e-03   4.300e-03   1.000e+00   1.000e+00
  0.45   110.677   1.000e-01   837   2.600e-03   4.300e-03   1.000e+00   1.000e+00
  0.45   124.289   1.000e-01   838   2.600e-03   4.300e-03   1.000e+00   1.000e+00
  0.45   139.576   1.000e-01   839   2.600e-03   4.300e-03   1.000e+00   1.000e+00
  0.45   156.744   1.000e-01   840   2.600e-03   4.300e-03   1.000e+00   1.000e+00
  0.45   176.022   1.000e-01   841   2.600e-03   4.300e-03   1.000e+00   1.000e+00
  0.45   197.672   1.000e-01   842   2.600e-03   4.300e-03   1.000e+00   1.000e+00
  0.45   221.985   1.000e-01   843   2.600e-03   4.300e-03   1.000e+00   1.000e+00
  0.45   249.288   1.000e-01   844   2.600e-03   4.300e-03   1.000e+00   1.000e+00
  0.45   279.950   1.000e-01   845   2.600e-03   4.300e-03   1.000e+00   1.000e+00
  0.45   314.382   1.000e-01   846   2.600e-03   4.300e-03   1.000e+00   1.000e+00
  0.45   353.050   1.000e-01   847   2.600e-03   4.300e-03   1.000e+00   1.000e+00
  0.45   396.473   1.000e-01   848   2.600e-03   4.300e-03   1.000e+00   1.000e+00
  0.45   445.238   1.000e-01   849   2.600e-03   4.300e-03   1.000e+00   1.000e+00
  0.45   500.000   1.000e-01   850   2.600e-03   4.300e-03   1.000e+00   1.000e+00
  0.55     1.700   1.000e-01   851   2.600e-03   4.300e-03   1.000e+00   1.000e+00
  0.55     1.909   1.000e-01   852   2.600e-03   4.300e-03   1.000e+00   1.000e+00
  0.55     2.144   1.000e-01   853   2.600e-03   4.300e-03   1.000e+00   1.000e+00
  0.55     2.408   1.000e-01   854   2.600e-03   4.300e-03   1.000e+00   1.000e+00
  0.55     2.704   1.000e-01   855   2.600e-03   4.300e-03   1.000e+00   1.000e+00
  0.55     3.036   1.000e-01   856   2.600e-03   4.300e-03   1.000e+00   1.000e+00
  0.55     3.410   1.000e-01   857   2.600e-03   4.300e-03   1.000e+00   1.000e+00
  0.55     3.829   1.000e-01   858   2.600e-03   4.300e-03   1.000e+00   1.000e+00
  0.55     4.300   1.000e-01   859   2.600e-03   4.300e-03   1.000e+00   1.000e+00
  0.55     4.829   1.000e-01   860   2.600e-03   4.300e-03   1.000e+00   1.000e+00
  0.55     5.423   1.000e-01   861   2.600e-03   4.300e-03   1.000e+00   1.000e+00
  0.55     6.090   1.000e-01   862   2.600e-03   4.300e-03   1.000e+00   1.000e+00
  0.55     6.839   1.000e-01   863   2.600e-03   4.300e-03   1.000e+00   1.000e+00
  0.55     7.680   1.000e-01   864   2.600e-03   4.300e-03   1.000e+00   1.000e+00
  0.55     8.625   1.000e-01   865   2.600e-03   4.300e-03   1.000e+00   1.000e+00
  0.55     9.685   1.000e-01   866   2.600e-03   4.300e-03   1.000e+00   1.000e+00
  0.55    10.877   1.000e-01   867   2.600e-03   4.300e-03   1.000e+00   1.000e+00
  0.55    12.214   1.000e-01   868   2.600e-03   4.300e-03   1.000e+00   1.000e+00
  0.55    13.717   1.000e-01   869   2.600e-03   4.300e-03   1.000e+00   1.000e+00
  0.55    15.404   1.000e-01   870   2.600e-03   4.300e-03   1.000e+00   1.000e+00
  0.55    17.299   1.000e-01   871   2.600e-03   4.300e-03   1.000e+00   1.000e+00
  0.55    19.426   1.000e-01   872   2.600e-03   4.300e-03   1.000e+00   1.000e+00
  0.55    21.815   1.000e-01   873   2.600e-03   4.300e-03   1.000e+00   1.000e+00
  0.55    24.499   1.000e-01   874   2.600e-03   4.300e-03   1.000e+00   1.000e+00
  0.55    27.512   1.000e-01   875   2.600e-03   4.300e-03   1.000e+00   1.000e+00
  0.55    30.896   1.000e-01   876   2.600e-03   4.300e-03   1.000e+00   1.000e+00
  0.55    34.696   1.000e-01   877   2.600e-03   4.300e-03   1.000e+00   1.000e+00
  0.55    38.963   1.000e-01   878   2.600e-03   4.300e-03   1.000e+00   1.000e+00
  0.55    43.755   1.000e-01   879   2.600e-03   4.300e-03   1.000e+00   1.000e+00
  0.55    49.137   1.000e-01   880   2.600e-03   4.300e-03   1.000e+00   1.000e+00
  0.55    55.181   1.000e-01   881   2.600e-03   4.300e-03   1.000e+00   1.000e+00
  0.55    61.968   1.000e-01   882   2.600e-03   4.300e-03   1.000e+00   1.000e+00
  0.55    69.590   1.000e-01   883   2.600e-03   4.300e-03   1.000e+00   1.000e+00
  0.55    78.149   1.000e-01   884   2.600e-03   4.300e-03   1.000e+00   1.000e+00
  0.55    87.761   1.000e-01   885   2.600e-03   4.300e-03   1.000e+00   1.000e+00
  0.55    98.555   1.000e-01   886   2.600e-03   4.300e-03   1.000e+00   1.000e+00
  0.55   110.677   1.000e-01   887   2.600e-03   4.300e-03   1.000e+00   1.000e+00
  0.55   124.289   1.000e-01   888   2.600e-03   4.300e-03   1.000e+00   1.000e+00
  0.55   139.576   1.000e-01   889   2.600e-03   4.300e-03   1.000e+00   1.000e+00
  0.55   156.744   1.000e-01   890   2.600e-03   4.300e-03   1.000e+00   1.000e+00
  0.55   176.022   1.000e-01   891   2.600e-03   4.300e-03   1.000e+00   1.000e+00
  0.55   197.672   1.000e-01   892   2.600e-03   4.300e-03   1.000e+00   1.000e+00
  0.55   221.985   1.000e-01   893   2.600e-03   4.300e-03   1.000e+00   1.000e+00
  0.55   249.288   1.000e-01   894   2.600e-03   4.300e-03   1.000e+00   1.000e+00
  0.55   279.950   1.000e-01   895   2.600e-03   4.300e-03   1.000e+00   1.000e+00
  0.55   314.382   1.000e-01   896   2.600e-03   4.300e-03   1.000e+00   1.000e+00
  0.55   353.050   1.000e-01   897   2.600e-03   4.300e-03   1.000e+00   1.000e+00
  0.55   396.473   1.000e-01   898   2.600e-03   4.300e-03   1.000e+00   1.000e+00
  0.55   445.238   1.000e-01   899   2.600e-03   4.300e-03   1.000e+00   1.000e+00
  0.55   500.000   1.000e-01   900   2.600e-03   4.300e-03   1.000e+00   1.000e+00
  0.65     1.700   1.000e-01   901   2.600e-03   4.300e-03   1.000e+00   1.000e+00
  0.65     1.909   1.000e-01   902   2.600e-03   4.300e-03   1.000e+00   1.000e+00
  0.65     2.144   1.000e-01   903   2.600e-03   4.300e-03   1.000e+00   1.000e+00
  0.65     2.408   1.000e-01   904   2.600e-03   4.300e-03   1.000e+00   1.000e+00
  0.65     2.704   1.000e-01   905   2.600e-03   4.300e-03   1.000e+00   1.000e+00
  0.65     3.036   1.000e-01   906   2.600e-03   4.300e-03   1.000e+00   1.000e+00
  0.65     3.410   1.000e-01   907   2.600e-03   4.300e-03   1.000e+00   1.000e+00
  0.65     3.829   1.000e-01   908   2.600e-03   4.300e-03   1.000e+00   1.000e+00
  0.65     4.300   1.000e-01   909   2.600e-03   4.300e-03   1.000e+00   1.000e+00
  0.65     4.829   1.000e-01   910   2.600e-03   4.300e-03   1.000e+00   1.000e+00
  0.65     5.423   1.000e-01   911   2.600e-03   4.300e-03   1.000e+00   1.000e+00
  0.65     6.090   1.000e-01   912   2.600e-03   4.300e-03   1.000e+00   1.000e+00
  0.65     6.839   1.000e-01   913   2.600e-03   4.300e-03   1.000e+00   1.000e+00
  0.65     7.680   1.000e-01   914   2.600e-03   4.300e-03   1.000e+00   1.000e+00
  0.65     8.625   1.000e-01   915   2.600e-03   4.300e-03   1.000e+00   1.000e+00
  0.65     9.685   1.000e-01   916   2.600e-03   4.300e-03   1.000e+00   1.000e+00
  0.65    10.877   1.000e-01   917   2.600e-03   4.300e-03   1.000e+00   1.000e+00
  0.65    12.214   1.000e-01   918   2.600e-03   4.300e-03   1.000e+00   1.000e+00
  0.65    13.717   1.000e-01   919   2.600e-03   4.300e-03   1.000e+00   1.000e+00
  0.65    15.404   1.000e-01   920   2.600e-03   4.300e-03   1.000e+00   1.000e+00
  0.65    17.299   1.000e-01   921   2.600e-03   4.300e-03   1.000e+00   1.000e+00
  0.65    19.426   1.000e-01   922   2.600e-03   4.300e-03   1.000e+00   1.000e+00
  0.65    21.815   1.000e-01   923   2.600e-03   4.300e-03   1.000e+00   1.000e+00
  0.65    24.499   1.000e-01   924   2.600e-03   4.300e-03   1.000e+00   1.000e+00
  0.65    27.512   1.000e-01   925   2.600e-03   4.300e-03   1.000e+00   1.000e+00
  0.65    30.896   1.000e-01   926   2.600e-03   4.300e-03   1.000e+00   1.000e+00
  0.65    34.696   1.000e-01   927   2.600e-03   4.300e-03   1.000e+00   1.000e+00
  0.65    38.963   1.000e-01   928   2.600e-03   4.300e-03   1.000e+00   1.000e+00
  0.65    43.755   1.000e-01   929   2.600e-03   4.300e-03   1.000e+00   1.000e+00
  0.65    49.137   1.000e-01   930   2.600e-03   4.300e-03   1.000e+00   1.000e+00
  0.65    55.181   1.000e-01   931   2.600e-03   4.300e-03   1.000e+00   1.000e+00
  0.65    61.968   1.000e-01   932   2.600e-03   4.300e-03   1.000e+00   1.000e+00
  0.65    69.590   1.000e-01   933   2.600e-03   4.300e-03   1.000e+00   1.000e+00
  0.65    78.149   1.000e-01   934   2.600e-03   4.300e-03   1.000e+00   1.000e+00
  0.65    87.761   1.000e-01   935   2.600e-03   4.300e-03   1.000e+00   1.000e+00
  0.65    98.555   1.000e-01   936   2.600e-03   4.300e-03   1.000e+00   1.000e+00
  0.65   110.677   1.000e-01   937   2.600e-03   4.300e-03   1.000e+00   1.000e+00
  0.65   124.289   1.000e-01   938   2.600e-03   4.300e-03   1.000e+00   1.000e+00
  0.65   139.576   1.000e-01   939   2.600e-03   4.300e-03   1.000e+00   1.000e+00
  0.65   156.744   1.000e-01   940   2.600e-03   4.300e-03   1.000e+00   1.000e+00
  0.65   176.022   1.000e-01   941   2.600e-03   4.300e-03   1.000e+00   1.000e+00
  0.65   197.672   1.000e-01   942   2.600e-03   4.300e-03   1.000e+00   1.000e+00
  0.65   221.985   1.000e-01   943   2.600e-03   4.300e-03   1.000e+00   1.000e+00
  0.65   249.288   1.000e-01   944   2.600e-03   4.300e-03   1.000e+00   1.000e+00
  0.65   279.950   1.000e-01   945   2.600e-03   4.300e-03   1.000e+00   1.000e+00
  0.65   314.382   1.000e-01   946   2.600e-03   4.300e-03   1.000e+00   1.000e+00
  0.65   353.050   1.000e-01   947   2.600e-03   4.300e-03   1.000e+00   1.000e+00
  0.65   396.473   1.000e-01   948   2.600e-03   4.300e-03   1.000e+00   1.000e+00
  0.65   445.238   1.000e-01   949   2.600e-03   4.300e-03   1.000e+00   1.000e+00
  0.65   500.000   1.000e-01   950   2.600e-03   4.300e-03   1.000e+00   1.000e+00
  0.75     1.700   1.000e-01   951   2.600e-03   4.300e-03   1.000e+00   1.000e+00
  0.75     1.909   1.000e-01   952   2.600e-03   4.300e-03   1.000e+00   1.000e+00
  0.75     2.144   1.000e-01   953   2.600e-03   4.300e-03   1.000e+00   1.000e+00
  0.75     2.408   1.000e-01   954   2.600e-03   4.300e-03   1.000e+00   1.000e+00
  0.75     2.704   1.000e-01   955   2.600e-03   4.300e-03   1.000e+00   1.000e+00
  0.75     3.036   1.000e-01   956   2.600e-03   4.300e-03   1.000e+00   1.000e+00
  0.75     3.410   1.000e-01   957   2.600e-03   4.300e-03   1.000e+00   1.000e+00
  0.75     3.829   1.000e-01   958   2.600e-03   4.300e-03   1.000e+00   1.000e+00
  0.75     4.300   1.000e-01   959   2.600e-03   4.300e-03   1.000e+00   1.000e+00
  0.75     4.829   1.000e-01   960   2.600e-03   4.300e-03   1.000e+00   1.000e+00
  0.75     5.423   1.000e-01   961   2.600e-03   4.300e-03   1.000e+00   1.000e+00
  0.75     6.090   1.000e-01   962   2.600e-03   4.300e-03   1.000e+00   1.000e+00
  0.75     6.839   1.000e-01   963   2.600e-03   4.300e-03   1.000e+00   1.000e+00
  0.75     7.680   1.000e-01   964   2.600e-03   4.300e-03   1.000e+00   1.000e+00
  0.75     8.625   1.000e-01   965   2.600e-03   4.300e-03   1.000e+00   1.000e+00
  0.75     9.685   1.000e-01   966   2.600e-03   4.300e-03   1.000e+00   1.000e+00
  0.75    10.877   1.000e-01   967   2.600e-03   4.300e-03   1.000e+00   1.000e+00
  0.75    12.214   1.000e-01   968   2.600e-03   4.300e-03   1.000e+00   1.000e+00
  0.75    13.717   1.000e-01   969   2.600e-03   4.300e-03   1.000e+00   1.000e+00
  0.75    15.404   1.000e-01   970   2.600e-03   4.300e-03   1.000e+00   1.000e+00
  0.75    17.299   1.000e-01   971   2.600e-03   4.300e-03   1.000e+00   1.000e+00
  0.75    19.426   1.000e-01   972   2.600e-03   4.300e-03   1.000e+00   1.000e+00
  0.75    21.815   1.000e-01   973   2.600e-03   4.300e-03   1.000e+00   1.000e+00
  0.75    24.499   1.000e-01   974   2.600e-03   4.300e-03   1.000e+00   1.000e+00
  0.75    27.512   1.000e-01   975   2.600e-03   4.300e-03   1.000e+00   1.000e+00
  0.75    30.896   1.000e-01   976   2.600e-03   4.300e-03   1.000e+00   1.000e+00
  0.75    34.696   1.000e-01   977   2.600e-03   4.300e-03   1.000e+00   1.000e+00
  0.75    38.963   1.000e-01   978   2.600e-03   4.300e-03   1.000e+00   1.000e+00
  0.75    43.755   1.000e-01   979   2.600e-03   4.300e-03   1.000e+00   1.000e+00
  0.75    49.137   1.000e-01   980   2.600e-03   4.300e-03   1.000e+00   1.000e+00
  0.75    55.181   1.000e-01   981   2.600e-03   4.300e-03   1.000e+00   1.000e+00
  0.75    61.968   1.000e-01   982   2.600e-03   4.300e-03   1.000e+00   1.000e+00
  0.75    69.590   1.000e-01   983   2.600e-03   4.300e-03   1.000e+00   1.000e+00
  0.75    78.149   1.000e-01   984   2.600e-03   4.300e-03   1.000e+00   1.000e+00
  0.75    87.761   1.000e-01   985   2.600e-03   4.300e-03   1.000e+00   1.000e+00
  0.75    98.555   1.000e-01   986   2.600e-03   4.300e-03   1.000e+00   1.000e+00
  0.75   110.677   1.000e-01   987   2.600e-03   4.300e-03   1.000e+00   1.000e+00
  0.75   124.289   1.000e-01   988   2.600e-03   4.300e-03   1.000e+00   1.000e+00
  0.75   139.576   1.000e-01   989   2.600e-03   4.300e-03   1.000e+00   1.000e+00
  0.75   156.744   1.000e-01   990   2.600e-03   4.300e-03   1.000e+00   1.000e+00
  0.75   176.022   1.000e-01   991   2.600e-03   4.300e-03   1.000e+00   1.000e+00
  0.75   197.672   1.000e-01   992   2.600e-03   4.300e-03   1.000e+00   1.000e+00
  0.75   221.985   1.000e-01   993   2.600e-03   4.300e-03   1.000e+00   1.000e+00
  0.75   249.288   1.000e-01   994   2.600e-03   4.300e-03   1.000e+00   1.000e+00
  0.75   279.950   1.000e-01   995   2.600e-03   4.300e-03   1.000e+00   1.000e+00
  0.75   314.382   1.000e-01   996   2.600e-03   4.300e-03   1.000e+00   1.000e+00
  0.75   353.050   1.000e-01   997   2.600e-03   4.300e-03   1.000e+00   1.000e+00
  0.75   396.473   1.000e-01   998   2.600e-03   4.300e-03   1.000e+00   1.000e+00
  0.75   445.238   1.000e-01   999   2.600e-03   4.300e-03   1.000e+00   1.000e+00
  0.75   500.000   1.000e-01  1000   2.600e-03   4.300e-03   1.000e+00   1.000e+00
  0.85     1.700   1.000e-01  1001   2.600e-03   4.300e-03   1.000e+00   1.000e+00
  0.85     1.909   1.000e-01  1002   2.600e-03   4.300e-03   1.000e+00   1.000e+00
  0.85     2.144   1.000e-01  1003   2.600e-03   4.300e-03   1.000e+00   1.000e+00
  0.85     2.408   1.000e-01  1004   2.600e-03   4.300e-03   1.000e+00   1.000e+00
  0.85     2.704   1.000e-01  1005   2.600e-03   4.300e-03   1.000e+00   1.000e+00
  0.85     3.036   1.000e-01  1006   2.600e-03   4.300e-03   1.000e+00   1.000e+00
  0.85     3.410   1.000e-01  1007   2.600e-03   4.300e-03   1.000e+00   1.000e+00
  0.85     3.829   1.000e-01  1008   2.600e-03   4.300e-03   1.000e+00   1.000e+00
  0.85     4.300   1.000e-01  1009   2.600e-03   4.300e-03   1.000e+00   1.000e+00
  0.85     4.829   1.000e-01  1010   2.600e-03   4.300e-03   1.000e+00   1.000e+00
  0.85     5.423   1.000e-01  1011   2.600e-03   4.300e-03   1.000e+00   1.000e+00
  0.85     6.090   1.000e-01  1012   2.600e-03   4.300e-03   1.000e+00   1.000e+00
  0.85     6.839   1.000e-01  1013   2.600e-03   4.300e-03   1.000e+00   1.000e+00
  0.85     7.680   1.000e-01  1014   2.600e-03   4.300e-03   1.000e+00   1.000e+00
  0.85     8.625   1.000e-01  1015   2.600e-03   4.300e-03   1.000e+00   1.000e+00
  0.85     9.685   1.000e-01  1016   2.600e-03   4.300e-03   1.000e+00   1.000e+00
  0.85    10.877   1.000e-01  1017   2.600e-03   4.300e-03   1.000e+00   1.000e+00
  0.85    12.214   1.000e-01  1018   2.600e-03   4.300e-03   1.000e+00   1.000e+00
  0.85    13.717   1.000e-01  1019   2.600e-03   4.300e-03   1.000e+00   1.000e+00
  0.85    15.404   1.000e-01  1020   2.600e-03   4.300e-03   1.000e+00   1.000e+00
  0.85    17.299   1.000e-01  1021   2.600e-03   4.300e-03   1.000e+00   1.000e+00
  0.85    19.426   1.000e-01  1022   2.600e-03   4.300e-03   1.000e+00   1.000e+00
  0.85    21.815   1.000e-01  1023   2.600e-03   4.300e-03   1.000e+00   1.000e+00
  0.85    24.499   1.000e-01  1024   2.600e-03   4.300e-03   1.000e+00   1.000e+00
  0.85    27.512   1.000e-01  1025   2.600e-03   4.300e-03   1.000e+00   1.000e+00
  0.85    30.896   1.000e-01  1026   2.600e-03   4.300e-03   1.000e+00   1.000e+00
  0.85    34.696   1.000e-01  1027   2.600e-03   4.300e-03   1.000e+00   1.000e+00
  0.85    38.963   1.000e-01  1028   2.600e-03   4.300e-03   1.000e+00   1.000e+00
  0.85    43.755   1.000e-01  1029   2.600e-03   4.300e-03   1.000e+00   1.000e+00
  0.85    49.137   1.000e-01  1030   2.600e-03   4.300e-03   1.000e+00   1.000e+00
  0.85    55.181   1.000e-01  1031   2.600e-03   4.300e-03   1.000e+00   1.000e+00
  0.85    61.968   1.000e-01  1032   2.600e-03   4.300e-03   1.000e+00   1.000e+00
  0.85    69.590   1.000e-01  1033   2.600e-03   4.300e-03   1.000e+00   1.000e+00
  0.85    78.149   1.000e-01  1034   2.600e-03   4.300e-03   1.000e+00   1.000e+00
  0.85    87.761   1.000e-01  1035   2.600e-03   4.300e-03   1.000e+00   1.000e+00
  0.85    98.555   1.000e-01  1036   2.600e-03   4.300e-03   1.000e+00   1.000e+00
  0.85   110.677   1.000e-01  1037   2.600e-03   4.300e-03   1.000e+00   1.000e+00
  0.85   124.289   1.000e-01  1038   2.600e-03   4.300e-03   1.000e+00   1.000e+00
  0.85   139.576   1.000e-01  1039   2.600e-03   4.300e-03   1.000e+00   1.000e+00
  0.85   156.744   1.000e-01  1040   2.600e-03   4.300e-03   1.000e+00   1.000e+00
  0.85   176.022   1.000e-01  1041   2.600e-03   4.300e-03   1.000e+00   1.000e+00
  0.85   197.672   1.000e-01  1042   2.600e-03   4.300e-03   1.000e+00   1.000e+00
  0.85   221.985   1.000e-01  1043   2.600e-03   4.300e-03   1.000e+00   1.000e+00
  0.85   249.288   1.000e-01  1044   2.600e-03   4.300e-03   1.000e+00   1.000e+00
  0.85   279.950   1.000e-01  1045   2.600e-03   4.300e-03   1.000e+00   1.000e+00
  0.85   314.382   1.000e-01  1046   2.600e-03   4.300e-03   1.000e+00   1.000e+00
  0.85   353.050   1.000e-01  1047   2.600e-03   4.300e-03   1.000e+00   1.000e+00
  0.85   396.473   1.000e-01  1048   2.600e-03   4.300e-03   1.000e+00   1.000e+00
  0.85   445.238   1.000e-01  1049   2.600e-03   4.300e-03   1.000e+00   1.000e+00
  0.85   500.000   1.000e-01  1050   2.600e-03   4.300e-03   1.000e+00   1.000e+00