# DIS data original kinematics for GRS sum rule analysis
# Files sent Oct 1, 2015 by Ioana Niculescu
# The value of F2 indicates what experiment the x,Q^2 bin is from
0.0   : No normalization uncertainty
x    Q**2  F2  i  stat.  sys.  dummy dummy
0.1 11.8 1.0 0.0 0.0 0.0 0.0 0.0
0.14 11.8 1.0 0.0 0.0 0.0 0.0 0.0
0.18 11.8 1.0 0.0 0.0 0.0 0.0 0.0
0.225 11.8 1.0 0.0 0.0 0.0 0.0 0.0
0.275 11.8 1.0 0.0 0.0 0.0 0.0 0.0
0.35 11.8 1.0 0.0 0.0 0.0 0.0 0.0
0.45 11.8 1.0 0.0 0.0 0.0 0.0 0.0
0.55 11.8 1.0 0.0 0.0 0.0 0.0 0.0
0.1 11.8 1.0 0.0 0.0 0.0 0.0 0.0
0.14 11.8 1.0 0.0 0.0 0.0 0.0 0.0
0.18 11.8 1.0 0.0 0.0 0.0 0.0 0.0
0.225 11.8 1.0 0.0 0.0 0.0 0.0 0.0
0.45 11.6 2.0 0.0 0.0 0.0 0.0 0.0
0.55 11.869 2.0 0.0 0.0 0.0 0.0 0.0
0.65 11.488 2.0 0.0 0.0 0.0 0.0 0.0
0.75 11.59 2.0 0.0 0.0 0.0 0.0 0.0
0.85 11.069 2.0 0.0 0.0 0.0 0.0 0.0
0.45 11.612 2.0 0.0 0.0 0.0 0.0 0.0
0.55 11.858 2.0 0.0 0.0 0.0 0.0 0.0
0.65 11.531 2.0 0.0 0.0 0.0 0.0 0.0
0.75 11.568 2.0 0.0 0.0 0.0 0.0 0.0
0.85 11.076 2.0 0.0 0.0 0.0 0.0 0.0
0.025 11.5 3.0 0.0 0.0 0.0 0.0 0.0
0.035 11.5 3.0 0.0 0.0 0.0 0.0 0.0
0.05 11.5 3.0 0.0 0.0 0.0 0.0 0.0
0.07 11.5 3.0 0.0 0.0 0.0 0.0 0.0
0.09 11.5 3.0 0.0 0.0 0.0 0.0 0.0
0.11 11.5 3.0 0.0 0.0 0.0 0.0 0.0
0.14 11.5 3.0 0.0 0.0 0.0 0.0 0.0
0.18 11.5 3.0 0.0 0.0 0.0 0.0 0.0
0.225 11.5 3.0 0.0 0.0 0.0 0.0 0.0
0.275 11.5 3.0 0.0 0.0 0.0 0.0 0.0
0.35 11.5 3.0 0.0 0.0 0.0 0.0 0.0
0.5 11.5 3.0 0.0 0.0 0.0 0.0 0.0
0.025 11.5 3.0 0.0 0.0 0.0 0.0 0.0
0.035 11.5 3.0 0.0 0.0 0.0 0.0 0.0
0.05 11.5 3.0 0.0 0.0 0.0 0.0 0.0
0.07 11.5 3.0 0.0 0.0 0.0 0.0 0.0
0.09 11.5 3.0 0.0 0.0 0.0 0.0 0.0
0.11 11.5 3.0 0.0 0.0 0.0 0.0 0.0
0.14 11.5 3.0 0.0 0.0 0.0 0.0 0.0
0.18 11.5 3.0 0.0 0.0 0.0 0.0 0.0
0.225 11.5 3.0 0.0 0.0 0.0 0.0 0.0
0.275 11.5 3.0 0.0 0.0 0.0 0.0 0.0
0.35 11.5 3.0 0.0 0.0 0.0 0.0 0.0
0.5 11.5 3.0 0.0 0.0 0.0 0.0 0.0
0.1 2.38 2.0 0.0 0.0 0.0 0.0 0.0
0.14 2.366 2.0 0.0 0.0 0.0 0.0 0.0
0.14 2.582 2.0 0.0 0.0 0.0 0.0 0.0
0.18 2.562 2.0 0.0 0.0 0.0 0.0 0.0
0.18 2.721 2.0 0.0 0.0 0.0 0.0 0.0
0.225 2.286 2.0 0.0 0.0 0.0 0.0 0.0
0.225 2.499 2.0 0.0 0.0 0.0 0.0 0.0
0.275 2.342 2.0 0.0 0.0 0.0 0.0 0.0
0.275 2.529 2.0 0.0 0.0 0.0 0.0 0.0
0.275 2.712 2.0 0.0 0.0 0.0 0.0 0.0
0.35 2.494 2.0 0.0 0.0 0.0 0.0 0.0
0.35 2.788 2.0 0.0 0.0 0.0 0.0 0.0
0.45 2.293 2.0 0.0 0.0 0.0 0.0 0.0
0.45 2.443 2.0 0.0 0.0 0.0 0.0 0.0
0.45 2.654 2.0 0.0 0.0 0.0 0.0 0.0
0.55 2.472 2.0 0.0 0.0 0.0 0.0 0.0
0.55 2.765 2.0 0.0 0.0 0.0 0.0 0.0
0.1 2.368 2.0 0.0 0.0 0.0 0.0 0.0
0.14 2.368 2.0 0.0 0.0 0.0 0.0 0.0
0.14 2.577 2.0 0.0 0.0 0.0 0.0 0.0
0.14 2.796 2.0 0.0 0.0 0.0 0.0 0.0
0.18 2.571 2.0 0.0 0.0 0.0 0.0 0.0
0.18 2.74 2.0 0.0 0.0 0.0 0.0 0.0
0.225 2.218 2.0 0.0 0.0 0.0 0.0 0.0
0.225 2.5 2.0 0.0 0.0 0.0 0.0 0.0
0.275 2.348 2.0 0.0 0.0 0.0 0.0 0.0
0.275 2.531 2.0 0.0 0.0 0.0 0.0 0.0
0.35 2.5 2.0 0.0 0.0 0.0 0.0 0.0
0.35 2.788 2.0 0.0 0.0 0.0 0.0 0.0
0.45 2.291 2.0 0.0 0.0 0.0 0.0 0.0
0.45 2.444 2.0 0.0 0.0 0.0 0.0 0.0
0.45 2.654 2.0 0.0 0.0 0.0 0.0 0.0
0.55 2.494 2.0 0.0 0.0 0.0 0.0 0.0
0.55 2.767 2.0 0.0 0.0 0.0 0.0 0.0
0.0045 2.5 3.0 0.0 0.0 0.0 0.0 0.0
0.008 2.5 3.0 0.0 0.0 0.0 0.0 0.0
0.0125 2.5 3.0 0.0 0.0 0.0 0.0 0.0
0.0175 2.5 3.0 0.0 0.0 0.0 0.0 0.0
0.025 2.5 3.0 0.0 0.0 0.0 0.0 0.0
0.035 2.5 3.0 0.0 0.0 0.0 0.0 0.0
0.05 2.5 3.0 0.0 0.0 0.0 0.0 0.0
0.07 2.5 3.0 0.0 0.0 0.0 0.0 0.0
0.09 2.5 3.0 0.0 0.0 0.0 0.0 0.0
0.11 2.5 3.0 0.0 0.0 0.0 0.0 0.0
0.14 2.5 3.0 0.0 0.0 0.0 0.0 0.0
0.18 2.5 3.0 0.0 0.0 0.0 0.0 0.0
0.225 2.5 3.0 0.0 0.0 0.0 0.0 0.0
0.0045 2.5 3.0 0.0 0.0 0.0 0.0 0.0
0.008 2.5 3.0 0.0 0.0 0.0 0.0 0.0
0.0125 2.5 3.0 0.0 0.0 0.0 0.0 0.0
0.0175 2.5 3.0 0.0 0.0 0.0 0.0 0.0
0.025 2.5 3.0 0.0 0.0 0.0 0.0 0.0
0.035 2.5 3.0 0.0 0.0 0.0 0.0 0.0
0.05 2.5 3.0 0.0 0.0 0.0 0.0 0.0
0.07 2.5 3.0 0.0 0.0 0.0 0.0 0.0
0.09 2.5 3.0 0.0 0.0 0.0 0.0 0.0
0.11 2.5 3.0 0.0 0.0 0.0 0.0 0.0
0.14 2.5 3.0 0.0 0.0 0.0 0.0 0.0
0.18 2.5 3.0 0.0 0.0 0.0 0.0 0.0
0.225 2.5 3.0 0.0 0.0 0.0 0.0 0.0
0.1 3.341 2.0 0.0 0.0 0.0 0.0 0.0
0.14 3.313 2.0 0.0 0.0 0.0 0.0 0.0
0.14 3.774 2.0 0.0 0.0 0.0 0.0 0.0
0.18 3.248 2.0 0.0 0.0 0.0 0.0 0.0
0.18 3.535 2.0 0.0 0.0 0.0 0.0 0.0
0.225 3.296 2.0 0.0 0.0 0.0 0.0 0.0
0.225 3.615 2.0 0.0 0.0 0.0 0.0 0.0
0.275 3.478 2.0 0.0 0.0 0.0 0.0 0.0
0.275 3.699 2.0 0.0 0.0 0.0 0.0 0.0
0.35 3.357 2.0 0.0 0.0 0.0 0.0 0.0
0.35 3.74 2.0 0.0 0.0 0.0 0.0 0.0
0.45 3.388 2.0 0.0 0.0 0.0 0.0 0.0
0.45 3.75 2.0 0.0 0.0 0.0 0.0 0.0
0.55 3.47 2.0 0.0 0.0 0.0 0.0 0.0
0.55 3.74 2.0 0.0 0.0 0.0 0.0 0.0
0.1 3.341 2.0 0.0 0.0 0.0 0.0 0.0
0.14 3.311 2.0 0.0 0.0 0.0 0.0 0.0
0.14 3.766 2.0 0.0 0.0 0.0 0.0 0.0
0.18 3.254 2.0 0.0 0.0 0.0 0.0 0.0
0.18 3.542 2.0 0.0 0.0 0.0 0.0 0.0
0.225 3.287 2.0 0.0 0.0 0.0 0.0 0.0
0.225 3.615 2.0 0.0 0.0 0.0 0.0 0.0
0.275 3.319 2.0 0.0 0.0 0.0 0.0 0.0
0.275 3.53 2.0 0.0 0.0 0.0 0.0 0.0
0.35 3.357 2.0 0.0 0.0 0.0 0.0 0.0
0.35 3.745 2.0 0.0 0.0 0.0 0.0 0.0
0.45 3.364 2.0 0.0 0.0 0.0 0.0 0.0
0.55 3.47 2.0 0.0 0.0 0.0 0.0 0.0
0.55 3.74 2.0 0.0 0.0 0.0 0.0 0.0
0.008 3.5 3.0 0.0 0.0 0.0 0.0 0.0
0.0125 3.5 3.0 0.0 0.0 0.0 0.0 0.0
0.0175 3.5 3.0 0.0 0.0 0.0 0.0 0.0
0.025 3.5 3.0 0.0 0.0 0.0 0.0 0.0
0.035 3.5 3.0 0.0 0.0 0.0 0.0 0.0
0.05 3.5 3.0 0.0 0.0 0.0 0.0 0.0
0.07 3.5 3.0 0.0 0.0 0.0 0.0 0.0
0.09 3.5 3.0 0.0 0.0 0.0 0.0 0.0
0.11 3.5 3.0 0.0 0.0 0.0 0.0 0.0
0.14 3.5 3.0 0.0 0.0 0.0 0.0 0.0
0.18 3.5 3.0 0.0 0.0 0.0 0.0 0.0
0.225 3.5 3.0 0.0 0.0 0.0 0.0 0.0
0.275 3.5 3.0 0.0 0.0 0.0 0.0 0.0
0.008 3.5 3.0 0.0 0.0 0.0 0.0 0.0
0.0125 3.5 3.0 0.0 0.0 0.0 0.0 0.0
0.0175 3.5 3.0 0.0 0.0 0.0 0.0 0.0
0.025 3.5 3.0 0.0 0.0 0.0 0.0 0.0
0.035 3.5 3.0 0.0 0.0 0.0 0.0 0.0
0.05 3.5 3.0 0.0 0.0 0.0 0.0 0.0
0.07 3.5 3.0 0.0 0.0 0.0 0.0 0.0
0.09 3.5 3.0 0.0 0.0 0.0 0.0 0.0
0.11 3.5 3.0 0.0 0.0 0.0 0.0 0.0
0.14 3.5 3.0 0.0 0.0 0.0 0.0 0.0
0.18 3.5 3.0 0.0 0.0 0.0 0.0 0.0
0.225 3.5 3.0 0.0 0.0 0.0 0.0 0.0
0.275 3.5 3.0 0.0 0.0 0.0 0.0 0.0
0.07 7.5 1.0 0.0 0.0 0.0 0.0 0.0
0.1 7.5 1.0 0.0 0.0 0.0 0.0 0.0
0.225 7.306 2.0 0.0 0.0 0.0 0.0 0.0
0.275 6.744 2.0 0.0 0.0 0.0 0.0 0.0
0.35 6.583 2.0 0.0 0.0 0.0 0.0 0.0
0.35 7.374 2.0 0.0 0.0 0.0 0.0 0.0
0.45 6.553 2.0 0.0 0.0 0.0 0.0 0.0
0.45 7.091 2.0 0.0 0.0 0.0 0.0 0.0
0.55 7.453 2.0 0.0 0.0 0.0 0.0 0.0
0.65 6.808 2.0 0.0 0.0 0.0 0.0 0.0
0.65 7.241 2.0 0.0 0.0 0.0 0.0 0.0
0.75 6.663 2.0 0.0 0.0 0.0 0.0 0.0
0.75 7.29 2.0 0.0 0.0 0.0 0.0 0.0
0.225 7.306 2.0 0.0 0.0 0.0 0.0 0.0
0.275 6.746 2.0 0.0 0.0 0.0 0.0 0.0
0.35 7.374 2.0 0.0 0.0 0.0 0.0 0.0
0.45 6.508 2.0 0.0 0.0 0.0 0.0 0.0
0.45 7.11 2.0 0.0 0.0 0.0 0.0 0.0
0.65 6.779 2.0 0.0 0.0 0.0 0.0 0.0
0.75 6.658 2.0 0.0 0.0 0.0 0.0 0.0
0.75 7.302 2.0 0.0 0.0 0.0 0.0 0.0
0.0175 7.0 3.0 0.0 0.0 0.0 0.0 0.0
0.025 7.0 3.0 0.0 0.0 0.0 0.0 0.0
0.035 7.0 3.0 0.0 0.0 0.0 0.0 0.0
0.05 7.0 3.0 0.0 0.0 0.0 0.0 0.0
0.07 7.0 3.0 0.0 0.0 0.0 0.0 0.0
0.09 7.0 3.0 0.0 0.0 0.0 0.0 0.0
0.11 7.0 3.0 0.0 0.0 0.0 0.0 0.0
0.14 7.0 3.0 0.0 0.0 0.0 0.0 0.0
0.18 7.0 3.0 0.0 0.0 0.0 0.0 0.0
0.225 7.0 3.0 0.0 0.0 0.0 0.0 0.0
0.275 7.0 3.0 0.0 0.0 0.0 0.0 0.0
0.35 7.0 3.0 0.0 0.0 0.0 0.0 0.0
0.5 7.0 3.0 0.0 0.0 0.0 0.0 0.0
0.0175 7.0 3.0 0.0 0.0 0.0 0.0 0.0
0.025 7.0 3.0 0.0 0.0 0.0 0.0 0.0
0.035 7.0 3.0 0.0 0.0 0.0 0.0 0.0
0.05 7.0 3.0 0.0 0.0 0.0 0.0 0.0
0.07 7.0 3.0 0.0 0.0 0.0 0.0 0.0
0.09 7.0 3.0 0.0 0.0 0.0 0.0 0.0
0.11 7.0 3.0 0.0 0.0 0.0 0.0 0.0
0.14 7.0 3.0 0.0 0.0 0.0 0.0 0.0
0.18 7.0 3.0 0.0 0.0 0.0 0.0 0.0
0.225 7.0 3.0 0.0 0.0 0.0 0.0 0.0
0.275 7.0 3.0 0.0 0.0 0.0 0.0 0.0
0.35 7.0 3.0 0.0 0.0 0.0 0.0 0.0
0.5 7.0 3.0 0.0 0.0 0.0 0.0 0.0
0.07 8.8 1.0 0.0 0.0 0.0 0.0 0.0
0.1 8.8 1.0 0.0 0.0 0.0 0.0 0.0
0.14 8.8 1.0 0.0 0.0 0.0 0.0 0.0
0.18 8.8 1.0 0.0 0.0 0.0 0.0 0.0
0.07 8.8 1.0 0.0 0.0 0.0 0.0 0.0
0.35 9.338 2.0 0.0 0.0 0.0 0.0 0.0
0.45 9.435 2.0 0.0 0.0 0.0 0.0 0.0
0.55 9.391 2.0 0.0 0.0 0.0 0.0 0.0
0.65 8.628 2.0 0.0 0.0 0.0 0.0 0.0
0.75 8.881 2.0 0.0 0.0 0.0 0.0 0.0
0.35 9.314 2.0 0.0 0.0 0.0 0.0 0.0
0.45 9.05 2.0 0.0 0.0 0.0 0.0 0.0
0.55 9.023 2.0 0.0 0.0 0.0 0.0 0.0
0.65 8.608 2.0 0.0 0.0 0.0 0.0 0.0
0.75 8.902 2.0 0.0 0.0 0.0 0.0 0.0
0.025 9.0 3.0 0.0 0.0 0.0 0.0 0.0
0.035 9.0 3.0 0.0 0.0 0.0 0.0 0.0
0.05 9.0 3.0 0.0 0.0 0.0 0.0 0.0
0.07 9.0 3.0 0.0 0.0 0.0 0.0 0.0
0.09 9.0 3.0 0.0 0.0 0.0 0.0 0.0
0.11 9.0 3.0 0.0 0.0 0.0 0.0 0.0
0.14 9.0 3.0 0.0 0.0 0.0 0.0 0.0
0.18 9.0 3.0 0.0 0.0 0.0 0.0 0.0
0.225 9.0 3.0 0.0 0.0 0.0 0.0 0.0
0.275 9.0 3.0 0.0 0.0 0.0 0.0 0.0
0.35 9.0 3.0 0.0 0.0 0.0 0.0 0.0
0.5 9.0 3.0 0.0 0.0 0.0 0.0 0.0
0.025 9.0 3.0 0.0 0.0 0.0 0.0 0.0
0.035 9.0 3.0 0.0 0.0 0.0 0.0 0.0
0.05 9.0 3.0 0.0 0.0 0.0 0.0 0.0
0.07 9.0 3.0 0.0 0.0 0.0 0.0 0.0
0.09 9.0 3.0 0.0 0.0 0.0 0.0 0.0
0.11 9.0 3.0 0.0 0.0 0.0 0.0 0.0
0.14 9.0 3.0 0.0 0.0 0.0 0.0 0.0
0.18 9.0 3.0 0.0 0.0 0.0 0.0 0.0
0.225 9.0 3.0 0.0 0.0 0.0 0.0 0.0
0.275 9.0 3.0 0.0 0.0 0.0 0.0 0.0
0.35 9.0 3.0 0.0 0.0 0.0 0.0 0.0
0.5 9.0 3.0 0.0 0.0 0.0 0.0 0.0
0.85256 2.0323 4.0 0.0 0.0 0.0 0.0 0.0 
0.89152 2.8888 4.0 0.0 0.0 0.0 0.0 0.0 
0.87308 2.4195 4.0 0.0 0.0 0.0 0.0 0.0 
0.85927 2.421 4.0 0.0 0.0 0.0 0.0 0.0 
0.8367 2.0318 4.0 0.0 0.0 0.0 0.0 0.0 
0.87926 2.889 4.0 0.0 0.0 0.0 0.0 0.0 
0.86731 2.8905 4.0 0.0 0.0 0.0 0.0 0.0 
0.82128 2.0324 4.0 0.0 0.0 0.0 0.0 0.0 
0.8454 2.419 4.0 0.0 0.0 0.0 0.0 0.0 
0.8318 2.417 4.0 0.0 0.0 0.0 0.0 0.0 
0.80608 2.0315 4.0 0.0 0.0 0.0 0.0 0.0 
0.85508 2.8856 4.0 0.0 0.0 0.0 0.0 0.0 
0.8184 2.4154 4.0 0.0 0.0 0.0 0.0 0.0 
0.84348 2.8889 4.0 0.0 0.0 0.0 0.0 0.0 
0.79123 2.0315 4.0 0.0 0.0 0.0 0.0 0.0 
0.77681 2.0322 4.0 0.0 0.0 0.0 0.0 0.0 
0.80538 2.4169 4.0 0.0 0.0 0.0 0.0 0.0 
0.83179 2.8885 4.0 0.0 0.0 0.0 0.0 0.0 
0.7625 2.0313 4.0 0.0 0.0 0.0 0.0 0.0 
0.79244 2.4164 4.0 0.0 0.0 0.0 0.0 0.0 
0.82035 2.8905 4.0 0.0 0.0 0.0 0.0 0.0 
0.78004 2.4198 4.0 0.0 0.0 0.0 0.0 0.0 
0.7486 2.0316 4.0 0.0 0.0 0.0 0.0 0.0 
0.80874 2.886 4.0 0.0 0.0 0.0 0.0 0.0 
0.76731 2.4162 4.0 0.0 0.0 0.0 0.0 0.0 
0.73486 2.031 4.0 0.0 0.0 0.0 0.0 0.0 
0.79761 2.8892 4.0 0.0 0.0 0.0 0.0 0.0 
0.72162 2.032 4.0 0.0 0.0 0.0 0.0 0.0 
0.75499 2.4162 4.0 0.0 0.0 0.0 0.0 0.0 
0.78636 2.8865 4.0 0.0 0.0 0.0 0.0 0.0 
0.70859 2.0329 4.0 0.0 0.0 0.0 0.0 0.0 
0.77548 2.8881 4.0 0.0 0.0 0.0 0.0 0.0 
0.7429 2.4165 4.0 0.0 0.0 0.0 0.0 0.0 
0.69561 2.0314 4.0 0.0 0.0 0.0 0.0 0.0 
0.73115 2.4178 4.0 0.0 0.0 0.0 0.0 0.0 
0.76457 2.8872 4.0 0.0 0.0 0.0 0.0 0.0 
0.6834 2.0347 4.0 0.0 0.0 0.0 0.0 0.0 
0.71958 2.4192 4.0 0.0 0.0 0.0 0.0 0.0 
0.75388 2.8879 4.0 0.0 0.0 0.0 0.0 0.0 
0.70792 2.4171 4.0 0.0 0.0 0.0 0.0 0.0 
0.67087 2.0326 4.0 0.0 0.0 0.0 0.0 0.0 
0.74332 2.8881 4.0 0.0 0.0 0.0 0.0 0.0 
0.65891 2.0331 4.0 0.0 0.0 0.0 0.0 0.0 
0.69673 2.4183 4.0 0.0 0.0 0.0 0.0 0.0 
0.73303 2.8903 4.0 0.0 0.0 0.0 0.0 0.0 
0.64724 2.0341 4.0 0.0 0.0 0.0 0.0 0.0 
0.686 2.4224 4.0 0.0 0.0 0.0 0.0 0.0 
0.72258 2.8882 4.0 0.0 0.0 0.0 0.0 0.0 
0.67467 2.417 4.0 0.0 0.0 0.0 0.0 0.0 
0.63579 2.0346 4.0 0.0 0.0 0.0 0.0 0.0 
0.71253 2.8893 4.0 0.0 0.0 0.0 0.0 0.0 
0.66416 2.419 4.0 0.0 0.0 0.0 0.0 0.0 
0.62441 2.0334 4.0 0.0 0.0 0.0 0.0 0.0 
0.70242 2.888 4.0 0.0 0.0 0.0 0.0 0.0 
0.69252 2.8867 4.0 0.0 0.0 0.0 0.0 0.0 
0.6537 2.4193 4.0 0.0 0.0 0.0 0.0 0.0 
0.61338 2.0334 4.0 0.0 0.0 0.0 0.0 0.0 
0.6026 2.033 4.0 0.0 0.0 0.0 0.0 0.0 
0.68289 2.8883 4.0 0.0 0.0 0.0 0.0 0.0 
0.64352 2.421 4.0 0.0 0.0 0.0 0.0 0.0 
0.59198 2.0324 4.0 0.0 0.0 0.0 0.0 0.0 
0.67317 2.8859 4.0 0.0 0.0 0.0 0.0 0.0 
0.63351 2.4219 4.0 0.0 0.0 0.0 0.0 0.0 
0.66383 2.8867 4.0 0.0 0.0 0.0 0.0 0.0 
0.62349 2.4207 4.0 0.0 0.0 0.0 0.0 0.0 
0.58189 2.0342 4.0 0.0 0.0 0.0 0.0 0.0 
0.61414 2.4245 4.0 0.0 0.0 0.0 0.0 0.0 
0.65446 2.8855 4.0 0.0 0.0 0.0 0.0 0.0 
0.57176 2.0336 4.0 0.0 0.0 0.0 0.0 0.0 
0.56171 2.0321 4.0 0.0 0.0 0.0 0.0 0.0 
0.64553 2.8885 4.0 0.0 0.0 0.0 0.0 0.0 
0.60435 2.4225 4.0 0.0 0.0 0.0 0.0 0.0 
0.55228 2.0341 4.0 0.0 0.0 0.0 0.0 0.0 
0.63654 2.8886 4.0 0.0 0.0 0.0 0.0 0.0 
0.59501 2.4231 4.0 0.0 0.0 0.0 0.0 0.0 
0.62792 2.8914 4.0 0.0 0.0 0.0 0.0 0.0 
0.58586 2.4237 4.0 0.0 0.0 0.0 0.0 0.0 
0.54268 2.0328 4.0 0.0 0.0 0.0 0.0 0.0 
0.61912 2.8906 4.0 0.0 0.0 0.0 0.0 0.0 
0.5335 2.0334 4.0 0.0 0.0 0.0 0.0 0.0 
0.577 2.4258 4.0 0.0 0.0 0.0 0.0 0.0 
0.61033 2.8881 4.0 0.0 0.0 0.0 0.0 0.0 
0.52441 2.0329 4.0 0.0 0.0 0.0 0.0 0.0 
0.56821 2.4267 4.0 0.0 0.0 0.0 0.0 0.0 
0.55955 2.4268 4.0 0.0 0.0 0.0 0.0 0.0 
0.51566 2.0336 4.0 0.0 0.0 0.0 0.0 0.0 
0.60184 2.888 4.0 0.0 0.0 0.0 0.0 0.0 
0.50717 2.0346 4.0 0.0 0.0 0.0 0.0 0.0 
0.5937 2.89 4.0 0.0 0.0 0.0 0.0 0.0 
0.55107 2.4275 4.0 0.0 0.0 0.0 0.0 0.0 
0.49858 2.0335 4.0 0.0 0.0 0.0 0.0 0.0 
0.58555 2.89 4.0 0.0 0.0 0.0 0.0 0.0 
0.54278 2.4283 4.0 0.0 0.0 0.0 0.0 0.0 
0.49027 2.0332 4.0 0.0 0.0 0.0 0.0 0.0 
0.57759 2.8913 4.0 0.0 0.0 0.0 0.0 0.0 
0.5347 2.4297 4.0 0.0 0.0 0.0 0.0 0.0 
0.48212 2.0327 4.0 0.0 0.0 0.0 0.0 0.0 
0.52664 2.4298 4.0 0.0 0.0 0.0 0.0 0.0 
0.56938 2.888 4.0 0.0 0.0 0.0 0.0 0.0 
0.56188 2.8912 4.0 0.0 0.0 0.0 0.0 0.0 
0.47426 2.0333 4.0 0.0 0.0 0.0 0.0 0.0 
0.51869 2.4294 4.0 0.0 0.0 0.0 0.0 0.0 
0.51099 2.43 4.0 0.0 0.0 0.0 0.0 0.0 
0.46649 2.0332 4.0 0.0 0.0 0.0 0.0 0.0 
0.5541 2.8902 4.0 0.0 0.0 0.0 0.0 0.0 
0.50326 2.429 4.0 0.0 0.0 0.0 0.0 0.0 
0.54648 2.8892 4.0 0.0 0.0 0.0 0.0 0.0 
0.45883 2.0325 4.0 0.0 0.0 0.0 0.0 0.0 
0.45151 2.0333 4.0 0.0 0.0 0.0 0.0 0.0 
0.53904 2.8892 4.0 0.0 0.0 0.0 0.0 0.0 
0.4957 2.4284 4.0 0.0 0.0 0.0 0.0 0.0 
0.53158 2.8874 4.0 0.0 0.0 0.0 0.0 0.0 
0.44427 2.0336 4.0 0.0 0.0 0.0 0.0 0.0 
0.48829 2.4277 4.0 0.0 0.0 0.0 0.0 0.0 
0.43704 2.0326 4.0 0.0 0.0 0.0 0.0 0.0 
0.52432 2.8865 4.0 0.0 0.0 0.0 0.0 0.0 
0.48117 2.4285 4.0 0.0 0.0 0.0 0.0 0.0 
0.47398 2.4273 4.0 0.0 0.0 0.0 0.0 0.0 
0.43009 2.0328 4.0 0.0 0.0 0.0 0.0 0.0 
0.51729 2.8873 4.0 0.0 0.0 0.0 0.0 0.0 
0.51027 2.886 4.0 0.0 0.0 0.0 0.0 0.0 
0.46715 2.4284 4.0 0.0 0.0 0.0 0.0 0.0 
0.42337 2.0335 4.0 0.0 0.0 0.0 0.0 0.0 
0.41678 2.0341 4.0 0.0 0.0 0.0 0.0 0.0 
0.46025 2.4274 4.0 0.0 0.0 0.0 0.0 0.0 
0.5035 2.8874 4.0 0.0 0.0 0.0 0.0 0.0 
0.41034 2.0348 4.0 0.0 0.0 0.0 0.0 0.0 
0.45358 2.4275 4.0 0.0 0.0 0.0 0.0 0.0 
0.49688 2.8885 4.0 0.0 0.0 0.0 0.0 0.0 
0.44706 2.4278 4.0 0.0 0.0 0.0 0.0 0.0 
0.40416 2.0366 4.0 0.0 0.0 0.0 0.0 0.0 
0.49036 2.8895 4.0 0.0 0.0 0.0 0.0 0.0 
0.44055 2.427 4.0 0.0 0.0 0.0 0.0 0.0 
0.39803 2.0377 4.0 0.0 0.0 0.0 0.0 0.0 
0.48375 2.8884 4.0 0.0 0.0 0.0 0.0 0.0 
0.39211 2.0395 4.0 0.0 0.0 0.0 0.0 0.0 
0.47723 2.8869 4.0 0.0 0.0 0.0 0.0 0.0 
0.43439 2.4286 4.0 0.0 0.0 0.0 0.0 0.0 
0.47089 2.8861 4.0 0.0 0.0 0.0 0.0 0.0 
0.38614 2.0396 4.0 0.0 0.0 0.0 0.0 0.0 
0.42816 2.4281 4.0 0.0 0.0 0.0 0.0 0.0 
0.38046 2.0414 4.0 0.0 0.0 0.0 0.0 0.0 
0.42213 2.4286 4.0 0.0 0.0 0.0 0.0 0.0 
0.46454 2.8846 4.0 0.0 0.0 0.0 0.0 0.0 
0.41614 2.4282 4.0 0.0 0.0 0.0 0.0 0.0 
0.3747 2.0414 4.0 0.0 0.0 0.0 0.0 0.0 
0.4585 2.885 4.0 0.0 0.0 0.0 0.0 0.0 
0.41018 2.4271 4.0 0.0 0.0 0.0 0.0 0.0 
0.36906 2.0414 4.0 0.0 0.0 0.0 0.0 0.0 
0.45209 2.8801 4.0 0.0 0.0 0.0 0.0 0.0 
0.40447 2.4274 4.0 0.0 0.0 0.0 0.0 0.0 
0.44599 2.8774 4.0 0.0 0.0 0.0 0.0 0.0 
0.36362 2.042 4.0 0.0 0.0 0.0 0.0 0.0 
0.44032 2.8787 4.0 0.0 0.0 0.0 0.0 0.0 
0.39872 2.4264 4.0 0.0 0.0 0.0 0.0 0.0 
0.35811 2.0412 4.0 0.0 0.0 0.0 0.0 0.0 
0.35274 2.0405 4.0 0.0 0.0 0.0 0.0 0.0 
0.43419 2.8737 4.0 0.0 0.0 0.0 0.0 0.0 
0.39302 2.4248 4.0 0.0 0.0 0.0 0.0 0.0 
0.38735 2.4222 4.0 0.0 0.0 0.0 0.0 0.0 
0.42847 2.8723 4.0 0.0 0.0 0.0 0.0 0.0 
0.34736 2.0388 4.0 0.0 0.0 0.0 0.0 0.0 
0.4228 2.8703 4.0 0.0 0.0 0.0 0.0 0.0 
0.34235 2.0395 4.0 0.0 0.0 0.0 0.0 0.0 
0.38208 2.423 4.0 0.0 0.0 0.0 0.0 0.0 
0.41738 2.8704 4.0 0.0 0.0 0.0 0.0 0.0 
0.37686 2.423 4.0 0.0 0.0 0.0 0.0 0.0 
0.33732 2.0391 4.0 0.0 0.0 0.0 0.0 0.0 
0.37185 2.4241 4.0 0.0 0.0 0.0 0.0 0.0 
0.41212 2.871 4.0 0.0 0.0 0.0 0.0 0.0 
0.3325 2.0398 4.0 0.0 0.0 0.0 0.0 0.0 
0.32774 2.0399 4.0 0.0 0.0 0.0 0.0 0.0 
0.40707 2.8733 4.0 0.0 0.0 0.0 0.0 0.0 
0.36677 2.4239 4.0 0.0 0.0 0.0 0.0 0.0 
0.36176 2.4232 4.0 0.0 0.0 0.0 0.0 0.0 
0.32302 2.0398 4.0 0.0 0.0 0.0 0.0 0.0 
0.4019 2.8731 4.0 0.0 0.0 0.0 0.0 0.0 
0.31841 2.0397 4.0 0.0 0.0 0.0 0.0 0.0 
0.35688 2.4231 4.0 0.0 0.0 0.0 0.0 0.0 
0.35197 2.4215 4.0 0.0 0.0 0.0 0.0 0.0 
0.31384 2.0391 4.0 0.0 0.0 0.0 0.0 0.0 
0.30922 2.037 4.0 0.0 0.0 0.0 0.0 0.0 
0.34708 2.4193 4.0 0.0 0.0 0.0 0.0 0.0 
0.3423 2.4173 4.0 0.0 0.0 0.0 0.0 0.0 
0.30479 2.0363 4.0 0.0 0.0 0.0 0.0 0.0 
0.33752 2.4145 4.0 0.0 0.0 0.0 0.0 0.0 
0.3005 2.0358 4.0 0.0 0.0 0.0 0.0 0.0 
0.2962 2.0344 4.0 0.0 0.0 0.0 0.0 0.0 
0.29211 2.0344 4.0 0.0 0.0 0.0 0.0 0.0 
0.28795 2.0329 4.0 0.0 0.0 0.0 0.0 0.0 
0.28413 2.0339 4.0 0.0 0.0 0.0 0.0 0.0 
0.85235 2.0303 4.0 0.0 0.0 0.0 0.0 0.0 
0.83684 2.0346 4.0 0.0 0.0 0.0 0.0 0.0 
0.82137 2.034 4.0 0.0 0.0 0.0 0.0 0.0 
0.80632 2.0354 4.0 0.0 0.0 0.0 0.0 0.0 
0.79132 2.0323 4.0 0.0 0.0 0.0 0.0 0.0 
0.77663 2.0304 4.0 0.0 0.0 0.0 0.0 0.0 
0.76256 2.0318 4.0 0.0 0.0 0.0 0.0 0.0 
0.7489 2.0341 4.0 0.0 0.0 0.0 0.0 0.0 
0.73492 2.031 4.0 0.0 0.0 0.0 0.0 0.0 
0.7216 2.0317 4.0 0.0 0.0 0.0 0.0 0.0 
0.70838 2.0309 4.0 0.0 0.0 0.0 0.0 0.0 
0.69546 2.0297 4.0 0.0 0.0 0.0 0.0 0.0 
0.68314 2.0319 4.0 0.0 0.0 0.0 0.0 0.0 
0.67081 2.0319 4.0 0.0 0.0 0.0 0.0 0.0 
0.65854 2.0299 4.0 0.0 0.0 0.0 0.0 0.0 
0.64729 2.0347 4.0 0.0 0.0 0.0 0.0 0.0 
0.63541 2.0311 4.0 0.0 0.0 0.0 0.0 0.0 
0.62404 2.0304 4.0 0.0 0.0 0.0 0.0 0.0 
0.61316 2.0313 4.0 0.0 0.0 0.0 0.0 0.0 
0.60246 2.0322 4.0 0.0 0.0 0.0 0.0 0.0 
0.59194 2.0323 4.0 0.0 0.0 0.0 0.0 0.0 
0.58171 2.0326 4.0 0.0 0.0 0.0 0.0 0.0 
0.57178 2.0336 4.0 0.0 0.0 0.0 0.0 0.0 
0.56188 2.0337 4.0 0.0 0.0 0.0 0.0 0.0 
0.55191 2.031 4.0 0.0 0.0 0.0 0.0 0.0 
0.54289 2.0345 4.0 0.0 0.0 0.0 0.0 0.0 
0.53352 2.0334 4.0 0.0 0.0 0.0 0.0 0.0 
0.52442 2.0329 4.0 0.0 0.0 0.0 0.0 0.0 
0.51535 2.0307 4.0 0.0 0.0 0.0 0.0 0.0 
0.50663 2.0302 4.0 0.0 0.0 0.0 0.0 0.0 
0.49822 2.0305 4.0 0.0 0.0 0.0 0.0 0.0 
0.48983 2.0296 4.0 0.0 0.0 0.0 0.0 0.0 
0.48182 2.0304 4.0 0.0 0.0 0.0 0.0 0.0 
0.47397 2.031 4.0 0.0 0.0 0.0 0.0 0.0 
0.466 2.0292 4.0 0.0 0.0 0.0 0.0 0.0 
0.45861 2.0307 4.0 0.0 0.0 0.0 0.0 0.0 
0.45114 2.0303 4.0 0.0 0.0 0.0 0.0 0.0 
0.87315 2.4197 4.0 0.0 0.0 0.0 0.0 0.0 
0.85919 2.4208 4.0 0.0 0.0 0.0 0.0 0.0 
0.8455 2.4202 4.0 0.0 0.0 0.0 0.0 0.0 
0.83188 2.4174 4.0 0.0 0.0 0.0 0.0 0.0 
0.81853 2.4173 4.0 0.0 0.0 0.0 0.0 0.0 
0.80523 2.4141 4.0 0.0 0.0 0.0 0.0 0.0 
0.79265 2.4191 4.0 0.0 0.0 0.0 0.0 0.0 
0.77981 2.4165 4.0 0.0 0.0 0.0 0.0 0.0 
0.76753 2.4197 4.0 0.0 0.0 0.0 0.0 0.0 
0.75496 2.4161 4.0 0.0 0.0 0.0 0.0 0.0 
0.74288 2.4151 4.0 0.0 0.0 0.0 0.0 0.0 
0.73111 2.4176 4.0 0.0 0.0 0.0 0.0 0.0 
0.7193 2.4161 4.0 0.0 0.0 0.0 0.0 0.0 
0.70807 2.4186 4.0 0.0 0.0 0.0 0.0 0.0 
0.69672 2.4187 4.0 0.0 0.0 0.0 0.0 0.0 
0.68542 2.4161 4.0 0.0 0.0 0.0 0.0 0.0 
0.67491 2.4202 4.0 0.0 0.0 0.0 0.0 0.0 
0.66413 2.4188 4.0 0.0 0.0 0.0 0.0 0.0 
0.6538 2.4209 4.0 0.0 0.0 0.0 0.0 0.0 
0.64348 2.42 4.0 0.0 0.0 0.0 0.0 0.0 
0.63314 2.4178 4.0 0.0 0.0 0.0 0.0 0.0 
0.62339 2.4193 4.0 0.0 0.0 0.0 0.0 0.0 
0.6136 2.419 4.0 0.0 0.0 0.0 0.0 0.0 
0.60391 2.4179 4.0 0.0 0.0 0.0 0.0 0.0 
0.59476 2.4201 4.0 0.0 0.0 0.0 0.0 0.0 
0.58531 2.4178 4.0 0.0 0.0 0.0 0.0 0.0 
0.57618 2.4171 4.0 0.0 0.0 0.0 0.0 0.0 
0.56707 2.4149 4.0 0.0 0.0 0.0 0.0 0.0 
0.55807 2.4119 4.0 0.0 0.0 0.0 0.0 0.0 
0.89117 2.8769 4.0 0.0 0.0 0.0 0.0 0.0 
0.87887 2.8751 4.0 0.0 0.0 0.0 0.0 0.0 
0.86671 2.8745 4.0 0.0 0.0 0.0 0.0 0.0 
0.85504 2.8797 4.0 0.0 0.0 0.0 0.0 0.0 
0.84285 2.8752 4.0 0.0 0.0 0.0 0.0 0.0 
0.83094 2.8701 4.0 0.0 0.0 0.0 0.0 0.0 
0.81949 2.8734 4.0 0.0 0.0 0.0 0.0 0.0 
0.80794 2.8696 4.0 0.0 0.0 0.0 0.0 0.0 
0.79641 2.867 4.0 0.0 0.0 0.0 0.0 0.0 
0.78551 2.873 4.0 0.0 0.0 0.0 0.0 0.0 
0.77397 2.863 4.0 0.0 0.0 0.0 0.0 0.0 
0.76377 2.8739 4.0 0.0 0.0 0.0 0.0 0.0 
0.75251 2.8671 4.0 0.0 0.0 0.0 0.0 0.0 
0.74235 2.8745 4.0 0.0 0.0 0.0 0.0 0.0 
0.73167 2.8698 4.0 0.0 0.0 0.0 0.0 0.0 
0.72094 2.8644 4.0 0.0 0.0 0.0 0.0 0.0 
0.71116 2.87 4.0 0.0 0.0 0.0 0.0 0.0 
0.70063 2.8625 4.0 0.0 0.0 0.0 0.0 0.0 
0.8968 3.4458 4.0 0.0 0.0 0.0 0.0 0.0 
0.88595 3.4341 4.0 0.0 0.0 0.0 0.0 0.0 
0.8755 3.4391 4.0 0.0 0.0 0.0 0.0 0.0 
0.86497 3.4331 4.0 0.0 0.0 0.0 0.0 0.0 
0.85495 3.444 4.0 0.0 0.0 0.0 0.0 0.0 
0.84463 3.4425 4.0 0.0 0.0 0.0 0.0 0.0 
0.83439 3.4382 4.0 0.0 0.0 0.0 0.0 0.0 
0.8247 3.4485 4.0 0.0 0.0 0.0 0.0 0.0 
0.81406 3.4343 4.0 0.0 0.0 0.0 0.0 0.0 
0.80462 3.4442 4.0 0.0 0.0 0.0 0.0 0.0 
0.79474 3.4434 4.0 0.0 0.0 0.0 0.0 0.0 
0.78502 3.4436 4.0 0.0 0.0 0.0 0.0 0.0 
0.77508 3.4383 4.0 0.0 0.0 0.0 0.0 0.0 
0.76579 3.4434 4.0 0.0 0.0 0.0 0.0 0.0 
0.75638 3.4429 4.0 0.0 0.0 0.0 0.0 0.0 
0.74671 3.4381 4.0 0.0 0.0 0.0 0.0 0.0 
0.73773 3.442 4.0 0.0 0.0 0.0 0.0 0.0 
0.7284 3.4387 4.0 0.0 0.0 0.0 0.0 0.0 
0.71961 3.4425 4.0 0.0 0.0 0.0 0.0 0.0 
0.71055 3.4405 4.0 0.0 0.0 0.0 0.0 0.0 
0.7018 3.4413 4.0 0.0 0.0 0.0 0.0 0.0 
0.69352 3.448 4.0 0.0 0.0 0.0 0.0 0.0 
0.68445 3.4403 4.0 0.0 0.0 0.0 0.0 0.0 
0.67604 3.4422 4.0 0.0 0.0 0.0 0.0 0.0 
0.66771 3.4436 4.0 0.0 0.0 0.0 0.0 0.0 
0.65917 3.4397 4.0 0.0 0.0 0.0 0.0 0.0 
0.65105 3.4408 4.0 0.0 0.0 0.0 0.0 0.0 
0.64273 3.4369 4.0 0.0 0.0 0.0 0.0 0.0 
0.63485 3.4383 4.0 0.0 0.0 0.0 0.0 0.0 
0.62677 3.436 4.0 0.0 0.0 0.0 0.0 0.0 
0.61879 3.4326 4.0 0.0 0.0 0.0 0.0 0.0 
0.61114 3.433 4.0 0.0 0.0 0.0 0.0 0.0 
0.60363 3.4337 4.0 0.0 0.0 0.0 0.0 0.0 
0.59588 3.4297 4.0 0.0 0.0 0.0 0.0 0.0 
0.58833 3.4274 4.0 0.0 0.0 0.0 0.0 0.0 
0.58089 3.4248 4.0 0.0 0.0 0.0 0.0 0.0 
0.57364 3.4236 4.0 0.0 0.0 0.0 0.0 0.0 
0.56673 3.426 4.0 0.0 0.0 0.0 0.0 0.0 
0.55958 3.4232 4.0 0.0 0.0 0.0 0.0 0.0 
0.55248 3.4202 4.0 0.0 0.0 0.0 0.0 0.0 
0.54603 3.4248 4.0 0.0 0.0 0.0 0.0 0.0 
0.53913 3.4218 4.0 0.0 0.0 0.0 0.0 0.0 
0.53256 3.4222 4.0 0.0 0.0 0.0 0.0 0.0 
0.52627 3.4247 4.0 0.0 0.0 0.0 0.0 0.0 
0.51989 3.4252 4.0 0.0 0.0 0.0 0.0 0.0 
0.51332 3.4212 4.0 0.0 0.0 0.0 0.0 0.0 
0.50713 3.4216 4.0 0.0 0.0 0.0 0.0 0.0 
0.50129 3.4251 4.0 0.0 0.0 0.0 0.0 0.0 
0.495 3.422 4.0 0.0 0.0 0.0 0.0 0.0 
0.48879 3.418 4.0 0.0 0.0 0.0 0.0 0.0 
0.48291 3.4177 4.0 0.0 0.0 0.0 0.0 0.0 
0.47665 3.411 4.0 0.0 0.0 0.0 0.0 0.0 
0.47041 3.4031 4.0 0.0 0.0 0.0 0.0 0.0 
0.90659 3.4176 4.0 0.0 0.0 0.0 0.0 0.0 
0.88526 3.4142 4.0 0.0 0.0 0.0 0.0 0.0