# DIS data Q^2-centered kinematics for GRS sum rule analysis
# Files sent Oct 1 + Jan 8, 2015 by Ioana/Gabriel Niculescu
# The value of F2 indicates what experiment the x,Q^2 bin is from
0.0   : No normalization uncertainty
x    Q**2  F2  i  stat.  sys.  dummy dummy
0.1 12.0 1.0 0.0 0.0 0.0 0.0 0.0
0.14 12.0 1.0 0.0 0.0 0.0 0.0 0.0
0.18 12.0 1.0 0.0 0.0 0.0 0.0 0.0
0.225 12.0 1.0 0.0 0.0 0.0 0.0 0.0
0.275 12.0 1.0 0.0 0.0 0.0 0.0 0.0
0.35 12.0 1.0 0.0 0.0 0.0 0.0 0.0
0.45 12.0 1.0 0.0 0.0 0.0 0.0 0.0
0.55 12.0 1.0 0.0 0.0 0.0 0.0 0.0
0.1 12.0 1.0 0.0 0.0 0.0 0.0 0.0
0.14 12.0 1.0 0.0 0.0 0.0 0.0 0.0
0.18 12.0 1.0 0.0 0.0 0.0 0.0 0.0
0.225 12.0 1.0 0.0 0.0 0.0 0.0 0.0
0.45 12.0 2.0 0.0 0.0 0.0 0.0 0.0
0.55 12.0 2.0 0.0 0.0 0.0 0.0 0.0
0.65 12.0 2.0 0.0 0.0 0.0 0.0 0.0
0.75 12.0 2.0 0.0 0.0 0.0 0.0 0.0
0.85 12.0 2.0 0.0 0.0 0.0 0.0 0.0
0.45 12.0 2.0 0.0 0.0 0.0 0.0 0.0
0.55 12.0 2.0 0.0 0.0 0.0 0.0 0.0
0.65 12.0 2.0 0.0 0.0 0.0 0.0 0.0
0.75 12.0 2.0 0.0 0.0 0.0 0.0 0.0
0.85 12.0 2.0 0.0 0.0 0.0 0.0 0.0
0.025 12.0 3.0 0.0 0.0 0.0 0.0 0.0
0.035 12.0 3.0 0.0 0.0 0.0 0.0 0.0
0.05 12.0 3.0 0.0 0.0 0.0 0.0 0.0
0.07 12.0 3.0 0.0 0.0 0.0 0.0 0.0
0.09 12.0 3.0 0.0 0.0 0.0 0.0 0.0
0.11 12.0 3.0 0.0 0.0 0.0 0.0 0.0
0.14 12.0 3.0 0.0 0.0 0.0 0.0 0.0
0.18 12.0 3.0 0.0 0.0 0.0 0.0 0.0
0.225 12.0 3.0 0.0 0.0 0.0 0.0 0.0
0.275 12.0 3.0 0.0 0.0 0.0 0.0 0.0
0.35 12.0 3.0 0.0 0.0 0.0 0.0 0.0
0.5 12.0 3.0 0.0 0.0 0.0 0.0 0.0
0.025 12.0 3.0 0.0 0.0 0.0 0.0 0.0
0.035 12.0 3.0 0.0 0.0 0.0 0.0 0.0
0.05 12.0 3.0 0.0 0.0 0.0 0.0 0.0
0.07 12.0 3.0 0.0 0.0 0.0 0.0 0.0
0.09 12.0 3.0 0.0 0.0 0.0 0.0 0.0
0.11 12.0 3.0 0.0 0.0 0.0 0.0 0.0
0.14 12.0 3.0 0.0 0.0 0.0 0.0 0.0
0.18 12.0 3.0 0.0 0.0 0.0 0.0 0.0
0.225 12.0 3.0 0.0 0.0 0.0 0.0 0.0
0.275 12.0 3.0 0.0 0.0 0.0 0.0 0.0
0.35 12.0 3.0 0.0 0.0 0.0 0.0 0.0
0.5 12.0 3.0 0.0 0.0 0.0 0.0 0.0
0.1 2.5 2.0 0.0 0.0 0.0 0.0 0.0
0.14 2.5 2.0 0.0 0.0 0.0 0.0 0.0
0.14 2.5 2.0 0.0 0.0 0.0 0.0 0.0
0.18 2.5 2.0 0.0 0.0 0.0 0.0 0.0
0.18 2.5 2.0 0.0 0.0 0.0 0.0 0.0
0.225 2.5 2.0 0.0 0.0 0.0 0.0 0.0
0.225 2.5 2.0 0.0 0.0 0.0 0.0 0.0
0.275 2.5 2.0 0.0 0.0 0.0 0.0 0.0
0.275 2.5 2.0 0.0 0.0 0.0 0.0 0.0
0.275 2.5 2.0 0.0 0.0 0.0 0.0 0.0
0.35 2.5 2.0 0.0 0.0 0.0 0.0 0.0
0.35 2.5 2.0 0.0 0.0 0.0 0.0 0.0
0.45 2.5 2.0 0.0 0.0 0.0 0.0 0.0
0.45 2.5 2.0 0.0 0.0 0.0 0.0 0.0
0.45 2.5 2.0 0.0 0.0 0.0 0.0 0.0
0.55 2.5 2.0 0.0 0.0 0.0 0.0 0.0
0.55 2.5 2.0 0.0 0.0 0.0 0.0 0.0
0.1 2.5 2.0 0.0 0.0 0.0 0.0 0.0
0.14 2.5 2.0 0.0 0.0 0.0 0.0 0.0
0.14 2.5 2.0 0.0 0.0 0.0 0.0 0.0
0.14 2.5 2.0 0.0 0.0 0.0 0.0 0.0
0.18 2.5 2.0 0.0 0.0 0.0 0.0 0.0
0.18 2.5 2.0 0.0 0.0 0.0 0.0 0.0
0.225 2.5 2.0 0.0 0.0 0.0 0.0 0.0
0.225 2.5 2.0 0.0 0.0 0.0 0.0 0.0
0.275 2.5 2.0 0.0 0.0 0.0 0.0 0.0
0.275 2.5 2.0 0.0 0.0 0.0 0.0 0.0
0.35 2.5 2.0 0.0 0.0 0.0 0.0 0.0
0.35 2.5 2.0 0.0 0.0 0.0 0.0 0.0
0.45 2.5 2.0 0.0 0.0 0.0 0.0 0.0
0.45 2.5 2.0 0.0 0.0 0.0 0.0 0.0
0.45 2.5 2.0 0.0 0.0 0.0 0.0 0.0
0.55 2.5 2.0 0.0 0.0 0.0 0.0 0.0
0.55 2.5 2.0 0.0 0.0 0.0 0.0 0.0
0.0045 2.5 3.0 0.0 0.0 0.0 0.0 0.0
0.008 2.5 3.0 0.0 0.0 0.0 0.0 0.0
0.0125 2.5 3.0 0.0 0.0 0.0 0.0 0.0
0.0175 2.5 3.0 0.0 0.0 0.0 0.0 0.0
0.025 2.5 3.0 0.0 0.0 0.0 0.0 0.0
0.035 2.5 3.0 0.0 0.0 0.0 0.0 0.0
0.05 2.5 3.0 0.0 0.0 0.0 0.0 0.0
0.07 2.5 3.0 0.0 0.0 0.0 0.0 0.0
0.09 2.5 3.0 0.0 0.0 0.0 0.0 0.0
0.11 2.5 3.0 0.0 0.0 0.0 0.0 0.0
0.14 2.5 3.0 0.0 0.0 0.0 0.0 0.0
0.18 2.5 3.0 0.0 0.0 0.0 0.0 0.0
0.225 2.5 3.0 0.0 0.0 0.0 0.0 0.0
0.0045 2.5 3.0 0.0 0.0 0.0 0.0 0.0
0.008 2.5 3.0 0.0 0.0 0.0 0.0 0.0
0.0125 2.5 3.0 0.0 0.0 0.0 0.0 0.0
0.0175 2.5 3.0 0.0 0.0 0.0 0.0 0.0
0.025 2.5 3.0 0.0 0.0 0.0 0.0 0.0
0.035 2.5 3.0 0.0 0.0 0.0 0.0 0.0
0.05 2.5 3.0 0.0 0.0 0.0 0.0 0.0
0.07 2.5 3.0 0.0 0.0 0.0 0.0 0.0
0.09 2.5 3.0 0.0 0.0 0.0 0.0 0.0
0.11 2.5 3.0 0.0 0.0 0.0 0.0 0.0
0.14 2.5 3.0 0.0 0.0 0.0 0.0 0.0
0.18 2.5 3.0 0.0 0.0 0.0 0.0 0.0
0.225 2.5 3.0 0.0 0.0 0.0 0.0 0.0
0.1 3.5 2.0 0.0 0.0 0.0 0.0 0.0
0.14 3.5 2.0 0.0 0.0 0.0 0.0 0.0
0.14 3.5 2.0 0.0 0.0 0.0 0.0 0.0
0.18 3.5 2.0 0.0 0.0 0.0 0.0 0.0
0.18 3.5 2.0 0.0 0.0 0.0 0.0 0.0
0.225 3.5 2.0 0.0 0.0 0.0 0.0 0.0
0.225 3.5 2.0 0.0 0.0 0.0 0.0 0.0
0.275 3.5 2.0 0.0 0.0 0.0 0.0 0.0
0.275 3.5 2.0 0.0 0.0 0.0 0.0 0.0
0.35 3.5 2.0 0.0 0.0 0.0 0.0 0.0
0.35 3.5 2.0 0.0 0.0 0.0 0.0 0.0
0.45 3.5 2.0 0.0 0.0 0.0 0.0 0.0
0.45 3.5 2.0 0.0 0.0 0.0 0.0 0.0
0.55 3.5 2.0 0.0 0.0 0.0 0.0 0.0
0.55 3.5 2.0 0.0 0.0 0.0 0.0 0.0
0.1 3.5 2.0 0.0 0.0 0.0 0.0 0.0
0.14 3.5 2.0 0.0 0.0 0.0 0.0 0.0
0.14 3.5 2.0 0.0 0.0 0.0 0.0 0.0
0.18 3.5 2.0 0.0 0.0 0.0 0.0 0.0
0.18 3.5 2.0 0.0 0.0 0.0 0.0 0.0
0.225 3.5 2.0 0.0 0.0 0.0 0.0 0.0
0.225 3.5 2.0 0.0 0.0 0.0 0.0 0.0
0.275 3.5 2.0 0.0 0.0 0.0 0.0 0.0
0.275 3.5 2.0 0.0 0.0 0.0 0.0 0.0
0.35 3.5 2.0 0.0 0.0 0.0 0.0 0.0
0.35 3.5 2.0 0.0 0.0 0.0 0.0 0.0
0.45 3.5 2.0 0.0 0.0 0.0 0.0 0.0
0.55 3.5 2.0 0.0 0.0 0.0 0.0 0.0
0.55 3.5 2.0 0.0 0.0 0.0 0.0 0.0
0.008 3.5 3.0 0.0 0.0 0.0 0.0 0.0
0.0125 3.5 3.0 0.0 0.0 0.0 0.0 0.0
0.0175 3.5 3.0 0.0 0.0 0.0 0.0 0.0
0.025 3.5 3.0 0.0 0.0 0.0 0.0 0.0
0.035 3.5 3.0 0.0 0.0 0.0 0.0 0.0
0.05 3.5 3.0 0.0 0.0 0.0 0.0 0.0
0.07 3.5 3.0 0.0 0.0 0.0 0.0 0.0
0.09 3.5 3.0 0.0 0.0 0.0 0.0 0.0
0.11 3.5 3.0 0.0 0.0 0.0 0.0 0.0
0.14 3.5 3.0 0.0 0.0 0.0 0.0 0.0
0.18 3.5 3.0 0.0 0.0 0.0 0.0 0.0
0.225 3.5 3.0 0.0 0.0 0.0 0.0 0.0
0.275 3.5 3.0 0.0 0.0 0.0 0.0 0.0
0.008 3.5 3.0 0.0 0.0 0.0 0.0 0.0
0.0125 3.5 3.0 0.0 0.0 0.0 0.0 0.0
0.0175 3.5 3.0 0.0 0.0 0.0 0.0 0.0
0.025 3.5 3.0 0.0 0.0 0.0 0.0 0.0
0.035 3.5 3.0 0.0 0.0 0.0 0.0 0.0
0.05 3.5 3.0 0.0 0.0 0.0 0.0 0.0
0.07 3.5 3.0 0.0 0.0 0.0 0.0 0.0
0.09 3.5 3.0 0.0 0.0 0.0 0.0 0.0
0.11 3.5 3.0 0.0 0.0 0.0 0.0 0.0
0.14 3.5 3.0 0.0 0.0 0.0 0.0 0.0
0.18 3.5 3.0 0.0 0.0 0.0 0.0 0.0
0.225 3.5 3.0 0.0 0.0 0.0 0.0 0.0
0.275 3.5 3.0 0.0 0.0 0.0 0.0 0.0
0.07 7.0 1.0 0.0 0.0 0.0 0.0 0.0
0.1 7.0 1.0 0.0 0.0 0.0 0.0 0.0
0.225 7.0 2.0 0.0 0.0 0.0 0.0 0.0
0.275 7.0 2.0 0.0 0.0 0.0 0.0 0.0
0.35 7.0 2.0 0.0 0.0 0.0 0.0 0.0
0.35 7.0 2.0 0.0 0.0 0.0 0.0 0.0
0.45 7.0 2.0 0.0 0.0 0.0 0.0 0.0
0.45 7.0 2.0 0.0 0.0 0.0 0.0 0.0
0.55 7.0 2.0 0.0 0.0 0.0 0.0 0.0
0.65 7.0 2.0 0.0 0.0 0.0 0.0 0.0
0.65 7.0 2.0 0.0 0.0 0.0 0.0 0.0
0.75 7.0 2.0 0.0 0.0 0.0 0.0 0.0
0.75 7.0 2.0 0.0 0.0 0.0 0.0 0.0
0.225 7.0 2.0 0.0 0.0 0.0 0.0 0.0
0.275 7.0 2.0 0.0 0.0 0.0 0.0 0.0
0.35 7.0 2.0 0.0 0.0 0.0 0.0 0.0
0.45 7.0 2.0 0.0 0.0 0.0 0.0 0.0
0.45 7.0 2.0 0.0 0.0 0.0 0.0 0.0
0.65 7.0 2.0 0.0 0.0 0.0 0.0 0.0
0.75 7.0 2.0 0.0 0.0 0.0 0.0 0.0
0.75 7.0 2.0 0.0 0.0 0.0 0.0 0.0
0.0175 7.0 3.0 0.0 0.0 0.0 0.0 0.0
0.025 7.0 3.0 0.0 0.0 0.0 0.0 0.0
0.035 7.0 3.0 0.0 0.0 0.0 0.0 0.0
0.05 7.0 3.0 0.0 0.0 0.0 0.0 0.0
0.07 7.0 3.0 0.0 0.0 0.0 0.0 0.0
0.09 7.0 3.0 0.0 0.0 0.0 0.0 0.0
0.11 7.0 3.0 0.0 0.0 0.0 0.0 0.0
0.14 7.0 3.0 0.0 0.0 0.0 0.0 0.0
0.18 7.0 3.0 0.0 0.0 0.0 0.0 0.0
0.225 7.0 3.0 0.0 0.0 0.0 0.0 0.0
0.275 7.0 3.0 0.0 0.0 0.0 0.0 0.0
0.35 7.0 3.0 0.0 0.0 0.0 0.0 0.0
0.5 7.0 3.0 0.0 0.0 0.0 0.0 0.0
0.0175 7.0 3.0 0.0 0.0 0.0 0.0 0.0
0.025 7.0 3.0 0.0 0.0 0.0 0.0 0.0
0.035 7.0 3.0 0.0 0.0 0.0 0.0 0.0
0.05 7.0 3.0 0.0 0.0 0.0 0.0 0.0
0.07 7.0 3.0 0.0 0.0 0.0 0.0 0.0
0.09 7.0 3.0 0.0 0.0 0.0 0.0 0.0
0.11 7.0 3.0 0.0 0.0 0.0 0.0 0.0
0.14 7.0 3.0 0.0 0.0 0.0 0.0 0.0
0.18 7.0 3.0 0.0 0.0 0.0 0.0 0.0
0.225 7.0 3.0 0.0 0.0 0.0 0.0 0.0
0.275 7.0 3.0 0.0 0.0 0.0 0.0 0.0
0.35 7.0 3.0 0.0 0.0 0.0 0.0 0.0
0.5 7.0 3.0 0.0 0.0 0.0 0.0 0.0
0.07 9.0 1.0 0.0 0.0 0.0 0.0 0.0
0.1 9.0 1.0 0.0 0.0 0.0 0.0 0.0
0.14 9.0 1.0 0.0 0.0 0.0 0.0 0.0
0.18 9.0 1.0 0.0 0.0 0.0 0.0 0.0
0.07 9.0 1.0 0.0 0.0 0.0 0.0 0.0
0.35 9.0 2.0 0.0 0.0 0.0 0.0 0.0
0.45 9.0 2.0 0.0 0.0 0.0 0.0 0.0
0.55 9.0 2.0 0.0 0.0 0.0 0.0 0.0
0.65 9.0 2.0 0.0 0.0 0.0 0.0 0.0
0.75 9.0 2.0 0.0 0.0 0.0 0.0 0.0
0.35 9.0 2.0 0.0 0.0 0.0 0.0 0.0
0.45 9.0 2.0 0.0 0.0 0.0 0.0 0.0
0.55 9.0 2.0 0.0 0.0 0.0 0.0 0.0
0.65 9.0 2.0 0.0 0.0 0.0 0.0 0.0
0.75 9.0 2.0 0.0 0.0 0.0 0.0 0.0
0.025 9.0 3.0 0.0 0.0 0.0 0.0 0.0
0.035 9.0 3.0 0.0 0.0 0.0 0.0 0.0
0.05 9.0 3.0 0.0 0.0 0.0 0.0 0.0
0.07 9.0 3.0 0.0 0.0 0.0 0.0 0.0
0.09 9.0 3.0 0.0 0.0 0.0 0.0 0.0
0.11 9.0 3.0 0.0 0.0 0.0 0.0 0.0
0.14 9.0 3.0 0.0 0.0 0.0 0.0 0.0
0.18 9.0 3.0 0.0 0.0 0.0 0.0 0.0
0.225 9.0 3.0 0.0 0.0 0.0 0.0 0.0
0.275 9.0 3.0 0.0 0.0 0.0 0.0 0.0
0.35 9.0 3.0 0.0 0.0 0.0 0.0 0.0
0.5 9.0 3.0 0.0 0.0 0.0 0.0 0.0
0.025 9.0 3.0 0.0 0.0 0.0 0.0 0.0
0.035 9.0 3.0 0.0 0.0 0.0 0.0 0.0
0.05 9.0 3.0 0.0 0.0 0.0 0.0 0.0
0.07 9.0 3.0 0.0 0.0 0.0 0.0 0.0
0.09 9.0 3.0 0.0 0.0 0.0 0.0 0.0
0.11 9.0 3.0 0.0 0.0 0.0 0.0 0.0
0.14 9.0 3.0 0.0 0.0 0.0 0.0 0.0
0.18 9.0 3.0 0.0 0.0 0.0 0.0 0.0
0.225 9.0 3.0 0.0 0.0 0.0 0.0 0.0
0.275 9.0 3.0 0.0 0.0 0.0 0.0 0.0
0.35 9.0 3.0 0.0 0.0 0.0 0.0 0.0
0.5 9.0 3.0 0.0 0.0 0.0 0.0 0.0
0.85256 2.5 4.0 0.0 0.0 0.0 0.0 0.0 
0.89152 2.5 4.0 0.0 0.0 0.0 0.0 0.0 
0.87308 2.5 4.0 0.0 0.0 0.0 0.0 0.0 
0.85927 2.5 4.0 0.0 0.0 0.0 0.0 0.0 
0.8367 2.5 4.0 0.0 0.0 0.0 0.0 0.0 
0.87926 2.5 4.0 0.0 0.0 0.0 0.0 0.0 
0.86731 2.5 4.0 0.0 0.0 0.0 0.0 0.0 
0.82128 2.5 4.0 0.0 0.0 0.0 0.0 0.0 
0.8454 2.5 4.0 0.0 0.0 0.0 0.0 0.0 
0.8318 2.5 4.0 0.0 0.0 0.0 0.0 0.0 
0.80608 2.5 4.0 0.0 0.0 0.0 0.0 0.0 
0.85508 2.5 4.0 0.0 0.0 0.0 0.0 0.0 
0.8184 2.5 4.0 0.0 0.0 0.0 0.0 0.0 
0.84348 2.5 4.0 0.0 0.0 0.0 0.0 0.0 
0.79123 2.5 4.0 0.0 0.0 0.0 0.0 0.0 
0.77681 2.5 4.0 0.0 0.0 0.0 0.0 0.0 
0.80538 2.5 4.0 0.0 0.0 0.0 0.0 0.0 
0.83179 2.5 4.0 0.0 0.0 0.0 0.0 0.0 
0.7625 2.5 4.0 0.0 0.0 0.0 0.0 0.0 
0.79244 2.5 4.0 0.0 0.0 0.0 0.0 0.0 
0.82035 2.5 4.0 0.0 0.0 0.0 0.0 0.0 
0.78004 2.5 4.0 0.0 0.0 0.0 0.0 0.0 
0.7486 2.5 4.0 0.0 0.0 0.0 0.0 0.0 
0.80874 2.5 4.0 0.0 0.0 0.0 0.0 0.0 
0.76731 2.5 4.0 0.0 0.0 0.0 0.0 0.0 
0.73486 2.5 4.0 0.0 0.0 0.0 0.0 0.0 
0.79761 2.5 4.0 0.0 0.0 0.0 0.0 0.0 
0.72162 2.5 4.0 0.0 0.0 0.0 0.0 0.0 
0.75499 2.5 4.0 0.0 0.0 0.0 0.0 0.0 
0.78636 2.5 4.0 0.0 0.0 0.0 0.0 0.0 
0.70859 2.5 4.0 0.0 0.0 0.0 0.0 0.0 
0.77548 2.5 4.0 0.0 0.0 0.0 0.0 0.0 
0.7429 2.5 4.0 0.0 0.0 0.0 0.0 0.0 
0.69561 2.5 4.0 0.0 0.0 0.0 0.0 0.0 
0.73115 2.5 4.0 0.0 0.0 0.0 0.0 0.0 
0.76457 2.5 4.0 0.0 0.0 0.0 0.0 0.0 
0.6834 2.5 4.0 0.0 0.0 0.0 0.0 0.0 
0.71958 2.5 4.0 0.0 0.0 0.0 0.0 0.0 
0.75388 2.5 4.0 0.0 0.0 0.0 0.0 0.0 
0.70792 2.5 4.0 0.0 0.0 0.0 0.0 0.0 
0.67087 2.5 4.0 0.0 0.0 0.0 0.0 0.0 
0.74332 2.5 4.0 0.0 0.0 0.0 0.0 0.0 
0.65891 2.5 4.0 0.0 0.0 0.0 0.0 0.0 
0.69673 2.5 4.0 0.0 0.0 0.0 0.0 0.0 
0.73303 2.5 4.0 0.0 0.0 0.0 0.0 0.0 
0.64724 2.5 4.0 0.0 0.0 0.0 0.0 0.0 
0.686 2.5 4.0 0.0 0.0 0.0 0.0 0.0 
0.72258 2.5 4.0 0.0 0.0 0.0 0.0 0.0 
0.67467 2.5 4.0 0.0 0.0 0.0 0.0 0.0 
0.63579 2.5 4.0 0.0 0.0 0.0 0.0 0.0 
0.71253 2.5 4.0 0.0 0.0 0.0 0.0 0.0 
0.66416 2.5 4.0 0.0 0.0 0.0 0.0 0.0 
0.62441 2.5 4.0 0.0 0.0 0.0 0.0 0.0 
0.70242 2.5 4.0 0.0 0.0 0.0 0.0 0.0 
0.69252 2.5 4.0 0.0 0.0 0.0 0.0 0.0 
0.6537 2.5 4.0 0.0 0.0 0.0 0.0 0.0 
0.61338 2.5 4.0 0.0 0.0 0.0 0.0 0.0 
0.6026 2.5 4.0 0.0 0.0 0.0 0.0 0.0 
0.68289 2.5 4.0 0.0 0.0 0.0 0.0 0.0 
0.64352 2.5 4.0 0.0 0.0 0.0 0.0 0.0 
0.59198 2.5 4.0 0.0 0.0 0.0 0.0 0.0 
0.67317 2.5 4.0 0.0 0.0 0.0 0.0 0.0 
0.63351 2.5 4.0 0.0 0.0 0.0 0.0 0.0 
0.66383 2.5 4.0 0.0 0.0 0.0 0.0 0.0 
0.62349 2.5 4.0 0.0 0.0 0.0 0.0 0.0 
0.58189 2.5 4.0 0.0 0.0 0.0 0.0 0.0 
0.61414 2.5 4.0 0.0 0.0 0.0 0.0 0.0 
0.65446 2.5 4.0 0.0 0.0 0.0 0.0 0.0 
0.57176 2.5 4.0 0.0 0.0 0.0 0.0 0.0 
0.56171 2.5 4.0 0.0 0.0 0.0 0.0 0.0 
0.64553 2.5 4.0 0.0 0.0 0.0 0.0 0.0 
0.60435 2.5 4.0 0.0 0.0 0.0 0.0 0.0 
0.55228 2.5 4.0 0.0 0.0 0.0 0.0 0.0 
0.63654 2.5 4.0 0.0 0.0 0.0 0.0 0.0 
0.59501 2.5 4.0 0.0 0.0 0.0 0.0 0.0 
0.62792 2.5 4.0 0.0 0.0 0.0 0.0 0.0 
0.58586 2.5 4.0 0.0 0.0 0.0 0.0 0.0 
0.54268 2.5 4.0 0.0 0.0 0.0 0.0 0.0 
0.61912 2.5 4.0 0.0 0.0 0.0 0.0 0.0 
0.5335 2.5 4.0 0.0 0.0 0.0 0.0 0.0 
0.577 2.5 4.0 0.0 0.0 0.0 0.0 0.0 
0.61033 2.5 4.0 0.0 0.0 0.0 0.0 0.0 
0.52441 2.5 4.0 0.0 0.0 0.0 0.0 0.0 
0.56821 2.5 4.0 0.0 0.0 0.0 0.0 0.0 
0.55955 2.5 4.0 0.0 0.0 0.0 0.0 0.0 
0.51566 2.5 4.0 0.0 0.0 0.0 0.0 0.0 
0.60184 2.5 4.0 0.0 0.0 0.0 0.0 0.0 
0.50717 2.5 4.0 0.0 0.0 0.0 0.0 0.0 
0.5937 2.5 4.0 0.0 0.0 0.0 0.0 0.0 
0.55107 2.5 4.0 0.0 0.0 0.0 0.0 0.0 
0.49858 2.5 4.0 0.0 0.0 0.0 0.0 0.0 
0.58555 2.5 4.0 0.0 0.0 0.0 0.0 0.0 
0.54278 2.5 4.0 0.0 0.0 0.0 0.0 0.0 
0.49027 2.5 4.0 0.0 0.0 0.0 0.0 0.0 
0.57759 2.5 4.0 0.0 0.0 0.0 0.0 0.0 
0.5347 2.5 4.0 0.0 0.0 0.0 0.0 0.0 
0.48212 2.5 4.0 0.0 0.0 0.0 0.0 0.0 
0.52664 2.5 4.0 0.0 0.0 0.0 0.0 0.0 
0.56938 2.5 4.0 0.0 0.0 0.0 0.0 0.0 
0.56188 2.5 4.0 0.0 0.0 0.0 0.0 0.0 
0.47426 2.5 4.0 0.0 0.0 0.0 0.0 0.0 
0.51869 2.5 4.0 0.0 0.0 0.0 0.0 0.0 
0.51099 2.5 4.0 0.0 0.0 0.0 0.0 0.0 
0.46649 2.5 4.0 0.0 0.0 0.0 0.0 0.0 
0.5541 2.5 4.0 0.0 0.0 0.0 0.0 0.0 
0.50326 2.5 4.0 0.0 0.0 0.0 0.0 0.0 
0.54648 2.5 4.0 0.0 0.0 0.0 0.0 0.0 
0.45883 2.5 4.0 0.0 0.0 0.0 0.0 0.0 
0.45151 2.5 4.0 0.0 0.0 0.0 0.0 0.0 
0.53904 2.5 4.0 0.0 0.0 0.0 0.0 0.0 
0.4957 2.5 4.0 0.0 0.0 0.0 0.0 0.0 
0.53158 2.5 4.0 0.0 0.0 0.0 0.0 0.0 
0.44427 2.5 4.0 0.0 0.0 0.0 0.0 0.0 
0.48829 2.5 4.0 0.0 0.0 0.0 0.0 0.0 
0.43704 2.5 4.0 0.0 0.0 0.0 0.0 0.0 
0.52432 2.5 4.0 0.0 0.0 0.0 0.0 0.0 
0.48117 2.5 4.0 0.0 0.0 0.0 0.0 0.0 
0.47398 2.5 4.0 0.0 0.0 0.0 0.0 0.0 
0.43009 2.5 4.0 0.0 0.0 0.0 0.0 0.0 
0.51729 2.5 4.0 0.0 0.0 0.0 0.0 0.0 
0.51027 2.5 4.0 0.0 0.0 0.0 0.0 0.0 
0.46715 2.5 4.0 0.0 0.0 0.0 0.0 0.0 
0.42337 2.5 4.0 0.0 0.0 0.0 0.0 0.0 
0.41678 2.5 4.0 0.0 0.0 0.0 0.0 0.0 
0.46025 2.5 4.0 0.0 0.0 0.0 0.0 0.0 
0.5035 2.5 4.0 0.0 0.0 0.0 0.0 0.0 
0.41034 2.5 4.0 0.0 0.0 0.0 0.0 0.0 
0.45358 2.5 4.0 0.0 0.0 0.0 0.0 0.0 
0.49688 2.5 4.0 0.0 0.0 0.0 0.0 0.0 
0.44706 2.5 4.0 0.0 0.0 0.0 0.0 0.0 
0.40416 2.5 4.0 0.0 0.0 0.0 0.0 0.0 
0.49036 2.5 4.0 0.0 0.0 0.0 0.0 0.0 
0.44055 2.5 4.0 0.0 0.0 0.0 0.0 0.0 
0.39803 2.5 4.0 0.0 0.0 0.0 0.0 0.0 
0.48375 2.5 4.0 0.0 0.0 0.0 0.0 0.0 
0.39211 2.5 4.0 0.0 0.0 0.0 0.0 0.0 
0.47723 2.5 4.0 0.0 0.0 0.0 0.0 0.0 
0.43439 2.5 4.0 0.0 0.0 0.0 0.0 0.0 
0.47089 2.5 4.0 0.0 0.0 0.0 0.0 0.0 
0.38614 2.5 4.0 0.0 0.0 0.0 0.0 0.0 
0.42816 2.5 4.0 0.0 0.0 0.0 0.0 0.0 
0.38046 2.5 4.0 0.0 0.0 0.0 0.0 0.0 
0.42213 2.5 4.0 0.0 0.0 0.0 0.0 0.0 
0.46454 2.5 4.0 0.0 0.0 0.0 0.0 0.0 
0.41614 2.5 4.0 0.0 0.0 0.0 0.0 0.0 
0.3747 2.5 4.0 0.0 0.0 0.0 0.0 0.0 
0.4585 2.5 4.0 0.0 0.0 0.0 0.0 0.0 
0.41018 2.5 4.0 0.0 0.0 0.0 0.0 0.0 
0.36906 2.5 4.0 0.0 0.0 0.0 0.0 0.0 
0.45209 2.5 4.0 0.0 0.0 0.0 0.0 0.0 
0.40447 2.5 4.0 0.0 0.0 0.0 0.0 0.0 
0.44599 2.5 4.0 0.0 0.0 0.0 0.0 0.0 
0.36362 2.5 4.0 0.0 0.0 0.0 0.0 0.0 
0.44032 2.5 4.0 0.0 0.0 0.0 0.0 0.0 
0.39872 2.5 4.0 0.0 0.0 0.0 0.0 0.0 
0.35811 2.5 4.0 0.0 0.0 0.0 0.0 0.0 
0.35274 2.5 4.0 0.0 0.0 0.0 0.0 0.0 
0.43419 2.5 4.0 0.0 0.0 0.0 0.0 0.0 
0.39302 2.5 4.0 0.0 0.0 0.0 0.0 0.0 
0.38735 2.5 4.0 0.0 0.0 0.0 0.0 0.0 
0.42847 2.5 4.0 0.0 0.0 0.0 0.0 0.0 
0.34736 2.5 4.0 0.0 0.0 0.0 0.0 0.0 
0.4228 2.5 4.0 0.0 0.0 0.0 0.0 0.0 
0.34235 2.5 4.0 0.0 0.0 0.0 0.0 0.0 
0.38208 2.5 4.0 0.0 0.0 0.0 0.0 0.0 
0.41738 2.5 4.0 0.0 0.0 0.0 0.0 0.0 
0.37686 2.5 4.0 0.0 0.0 0.0 0.0 0.0 
0.33732 2.5 4.0 0.0 0.0 0.0 0.0 0.0 
0.37185 2.5 4.0 0.0 0.0 0.0 0.0 0.0 
0.41212 2.5 4.0 0.0 0.0 0.0 0.0 0.0 
0.3325 2.5 4.0 0.0 0.0 0.0 0.0 0.0 
0.32774 2.5 4.0 0.0 0.0 0.0 0.0 0.0 
0.40707 2.5 4.0 0.0 0.0 0.0 0.0 0.0 
0.36677 2.5 4.0 0.0 0.0 0.0 0.0 0.0 
0.36176 2.5 4.0 0.0 0.0 0.0 0.0 0.0 
0.32302 2.5 4.0 0.0 0.0 0.0 0.0 0.0 
0.4019 2.5 4.0 0.0 0.0 0.0 0.0 0.0 
0.31841 2.5 4.0 0.0 0.0 0.0 0.0 0.0 
0.35688 2.5 4.0 0.0 0.0 0.0 0.0 0.0 
0.35197 2.5 4.0 0.0 0.0 0.0 0.0 0.0 
0.31384 2.5 4.0 0.0 0.0 0.0 0.0 0.0 
0.30922 2.5 4.0 0.0 0.0 0.0 0.0 0.0 
0.34708 2.5 4.0 0.0 0.0 0.0 0.0 0.0 
0.3423 2.5 4.0 0.0 0.0 0.0 0.0 0.0 
0.30479 2.5 4.0 0.0 0.0 0.0 0.0 0.0 
0.33752 2.5 4.0 0.0 0.0 0.0 0.0 0.0 
0.3005 2.5 4.0 0.0 0.0 0.0 0.0 0.0 
0.2962 2.5 4.0 0.0 0.0 0.0 0.0 0.0 
0.29211 2.5 4.0 0.0 0.0 0.0 0.0 0.0 
0.28795 2.5 4.0 0.0 0.0 0.0 0.0 0.0 
0.28413 2.5 4.0 0.0 0.0 0.0 0.0 0.0 
0.85235 2.5 4.0 0.0 0.0 0.0 0.0 0.0 
0.83684 2.5 4.0 0.0 0.0 0.0 0.0 0.0 
0.82137 2.5 4.0 0.0 0.0 0.0 0.0 0.0 
0.80632 2.5 4.0 0.0 0.0 0.0 0.0 0.0 
0.79132 2.5 4.0 0.0 0.0 0.0 0.0 0.0 
0.77663 2.5 4.0 0.0 0.0 0.0 0.0 0.0 
0.76256 2.5 4.0 0.0 0.0 0.0 0.0 0.0 
0.7489 2.5 4.0 0.0 0.0 0.0 0.0 0.0 
0.73492 2.5 4.0 0.0 0.0 0.0 0.0 0.0 
0.7216 2.5 4.0 0.0 0.0 0.0 0.0 0.0 
0.70838 2.5 4.0 0.0 0.0 0.0 0.0 0.0 
0.69546 2.5 4.0 0.0 0.0 0.0 0.0 0.0 
0.68314 2.5 4.0 0.0 0.0 0.0 0.0 0.0 
0.67081 2.5 4.0 0.0 0.0 0.0 0.0 0.0 
0.65854 2.5 4.0 0.0 0.0 0.0 0.0 0.0 
0.64729 2.5 4.0 0.0 0.0 0.0 0.0 0.0 
0.63541 2.5 4.0 0.0 0.0 0.0 0.0 0.0 
0.62404 2.5 4.0 0.0 0.0 0.0 0.0 0.0 
0.61316 2.5 4.0 0.0 0.0 0.0 0.0 0.0 
0.60246 2.5 4.0 0.0 0.0 0.0 0.0 0.0 
0.59194 2.5 4.0 0.0 0.0 0.0 0.0 0.0 
0.58171 2.5 4.0 0.0 0.0 0.0 0.0 0.0 
0.57178 2.5 4.0 0.0 0.0 0.0 0.0 0.0 
0.56188 2.5 4.0 0.0 0.0 0.0 0.0 0.0 
0.55191 2.5 4.0 0.0 0.0 0.0 0.0 0.0 
0.54289 2.5 4.0 0.0 0.0 0.0 0.0 0.0 
0.53352 2.5 4.0 0.0 0.0 0.0 0.0 0.0 
0.52442 2.5 4.0 0.0 0.0 0.0 0.0 0.0 
0.51535 2.5 4.0 0.0 0.0 0.0 0.0 0.0 
0.50663 2.5 4.0 0.0 0.0 0.0 0.0 0.0 
0.49822 2.5 4.0 0.0 0.0 0.0 0.0 0.0 
0.48983 2.5 4.0 0.0 0.0 0.0 0.0 0.0 
0.48182 2.5 4.0 0.0 0.0 0.0 0.0 0.0 
0.47397 2.5 4.0 0.0 0.0 0.0 0.0 0.0 
0.466 2.5 4.0 0.0 0.0 0.0 0.0 0.0 
0.45861 2.5 4.0 0.0 0.0 0.0 0.0 0.0 
0.45114 2.5 4.0 0.0 0.0 0.0 0.0 0.0 
0.87315 2.5 4.0 0.0 0.0 0.0 0.0 0.0 
0.85919 2.5 4.0 0.0 0.0 0.0 0.0 0.0 
0.8455 2.5 4.0 0.0 0.0 0.0 0.0 0.0 
0.83188 2.5 4.0 0.0 0.0 0.0 0.0 0.0 
0.81853 2.5 4.0 0.0 0.0 0.0 0.0 0.0 
0.80523 2.5 4.0 0.0 0.0 0.0 0.0 0.0 
0.79265 2.5 4.0 0.0 0.0 0.0 0.0 0.0 
0.77981 2.5 4.0 0.0 0.0 0.0 0.0 0.0 
0.76753 2.5 4.0 0.0 0.0 0.0 0.0 0.0 
0.75496 2.5 4.0 0.0 0.0 0.0 0.0 0.0 
0.74288 2.5 4.0 0.0 0.0 0.0 0.0 0.0 
0.73111 2.5 4.0 0.0 0.0 0.0 0.0 0.0 
0.7193 2.5 4.0 0.0 0.0 0.0 0.0 0.0 
0.70807 2.5 4.0 0.0 0.0 0.0 0.0 0.0 
0.69672 2.5 4.0 0.0 0.0 0.0 0.0 0.0 
0.68542 2.5 4.0 0.0 0.0 0.0 0.0 0.0 
0.67491 2.5 4.0 0.0 0.0 0.0 0.0 0.0 
0.66413 2.5 4.0 0.0 0.0 0.0 0.0 0.0 
0.6538 2.5 4.0 0.0 0.0 0.0 0.0 0.0 
0.64348 2.5 4.0 0.0 0.0 0.0 0.0 0.0 
0.63314 2.5 4.0 0.0 0.0 0.0 0.0 0.0 
0.62339 2.5 4.0 0.0 0.0 0.0 0.0 0.0 
0.6136 2.5 4.0 0.0 0.0 0.0 0.0 0.0 
0.60391 2.5 4.0 0.0 0.0 0.0 0.0 0.0 
0.59476 2.5 4.0 0.0 0.0 0.0 0.0 0.0 
0.58531 2.5 4.0 0.0 0.0 0.0 0.0 0.0 
0.57618 2.5 4.0 0.0 0.0 0.0 0.0 0.0 
0.56707 2.5 4.0 0.0 0.0 0.0 0.0 0.0 
0.55807 2.5 4.0 0.0 0.0 0.0 0.0 0.0 
0.89117 2.5 4.0 0.0 0.0 0.0 0.0 0.0 
0.87887 2.5 4.0 0.0 0.0 0.0 0.0 0.0 
0.86671 2.5 4.0 0.0 0.0 0.0 0.0 0.0 
0.85504 2.5 4.0 0.0 0.0 0.0 0.0 0.0 
0.84285 2.5 4.0 0.0 0.0 0.0 0.0 0.0 
0.83094 2.5 4.0 0.0 0.0 0.0 0.0 0.0 
0.81949 2.5 4.0 0.0 0.0 0.0 0.0 0.0 
0.80794 2.5 4.0 0.0 0.0 0.0 0.0 0.0 
0.79641 2.5 4.0 0.0 0.0 0.0 0.0 0.0 
0.78551 2.5 4.0 0.0 0.0 0.0 0.0 0.0 
0.77397 2.5 4.0 0.0 0.0 0.0 0.0 0.0 
0.76377 2.5 4.0 0.0 0.0 0.0 0.0 0.0 
0.75251 2.5 4.0 0.0 0.0 0.0 0.0 0.0 
0.74235 2.5 4.0 0.0 0.0 0.0 0.0 0.0 
0.73167 2.5 4.0 0.0 0.0 0.0 0.0 0.0 
0.72094 2.5 4.0 0.0 0.0 0.0 0.0 0.0 
0.71116 2.5 4.0 0.0 0.0 0.0 0.0 0.0 
0.70063 2.5 4.0 0.0 0.0 0.0 0.0 0.0 
0.8968 3.5 4.0 0.0 0.0 0.0 0.0 0.0 
0.88595 3.5 4.0 0.0 0.0 0.0 0.0 0.0 
0.8755 3.5 4.0 0.0 0.0 0.0 0.0 0.0 
0.86497 3.5 4.0 0.0 0.0 0.0 0.0 0.0 
0.85495 3.5 4.0 0.0 0.0 0.0 0.0 0.0 
0.84463 3.5 4.0 0.0 0.0 0.0 0.0 0.0 
0.83439 3.5 4.0 0.0 0.0 0.0 0.0 0.0 
0.8247 3.5 4.0 0.0 0.0 0.0 0.0 0.0 
0.81406 3.5 4.0 0.0 0.0 0.0 0.0 0.0 
0.80462 3.5 4.0 0.0 0.0 0.0 0.0 0.0 
0.79474 3.5 4.0 0.0 0.0 0.0 0.0 0.0 
0.78502 3.5 4.0 0.0 0.0 0.0 0.0 0.0 
0.77508 3.5 4.0 0.0 0.0 0.0 0.0 0.0 
0.76579 3.5 4.0 0.0 0.0 0.0 0.0 0.0 
0.75638 3.5 4.0 0.0 0.0 0.0 0.0 0.0 
0.74671 3.5 4.0 0.0 0.0 0.0 0.0 0.0 
0.73773 3.5 4.0 0.0 0.0 0.0 0.0 0.0 
0.7284 3.5 4.0 0.0 0.0 0.0 0.0 0.0 
0.71961 3.5 4.0 0.0 0.0 0.0 0.0 0.0 
0.71055 3.5 4.0 0.0 0.0 0.0 0.0 0.0 
0.7018 3.5 4.0 0.0 0.0 0.0 0.0 0.0 
0.69352 3.5 4.0 0.0 0.0 0.0 0.0 0.0 
0.68445 3.5 4.0 0.0 0.0 0.0 0.0 0.0 
0.67604 3.5 4.0 0.0 0.0 0.0 0.0 0.0 
0.66771 3.5 4.0 0.0 0.0 0.0 0.0 0.0 
0.65917 3.5 4.0 0.0 0.0 0.0 0.0 0.0 
0.65105 3.5 4.0 0.0 0.0 0.0 0.0 0.0 
0.64273 3.5 4.0 0.0 0.0 0.0 0.0 0.0 
0.63485 3.5 4.0 0.0 0.0 0.0 0.0 0.0 
0.62677 3.5 4.0 0.0 0.0 0.0 0.0 0.0 
0.61879 3.5 4.0 0.0 0.0 0.0 0.0 0.0 
0.61114 3.5 4.0 0.0 0.0 0.0 0.0 0.0 
0.60363 3.5 4.0 0.0 0.0 0.0 0.0 0.0 
0.59588 3.5 4.0 0.0 0.0 0.0 0.0 0.0 
0.58833 3.5 4.0 0.0 0.0 0.0 0.0 0.0 
0.58089 3.5 4.0 0.0 0.0 0.0 0.0 0.0 
0.57364 3.5 4.0 0.0 0.0 0.0 0.0 0.0 
0.56673 3.5 4.0 0.0 0.0 0.0 0.0 0.0 
0.55958 3.5 4.0 0.0 0.0 0.0 0.0 0.0 
0.55248 3.5 4.0 0.0 0.0 0.0 0.0 0.0 
0.54603 3.5 4.0 0.0 0.0 0.0 0.0 0.0 
0.53913 3.5 4.0 0.0 0.0 0.0 0.0 0.0 
0.53256 3.5 4.0 0.0 0.0 0.0 0.0 0.0 
0.52627 3.5 4.0 0.0 0.0 0.0 0.0 0.0 
0.51989 3.5 4.0 0.0 0.0 0.0 0.0 0.0 
0.51332 3.5 4.0 0.0 0.0 0.0 0.0 0.0 
0.50713 3.5 4.0 0.0 0.0 0.0 0.0 0.0 
0.50129 3.5 4.0 0.0 0.0 0.0 0.0 0.0 
0.495 3.5 4.0 0.0 0.0 0.0 0.0 0.0 
0.48879 3.5 4.0 0.0 0.0 0.0 0.0 0.0 
0.48291 3.5 4.0 0.0 0.0 0.0 0.0 0.0 
0.47665 3.5 4.0 0.0 0.0 0.0 0.0 0.0 
0.47041 3.5 4.0 0.0 0.0 0.0 0.0 0.0 
0.90659 3.5 4.0 0.0 0.0 0.0 0.0 0.0 
0.88526 3.5 4.0 0.0 0.0 0.0 0.0 0.0 
