ATLAS Z0 rapidity distribution (pb) 
All errors added in quadrature
arXiv:1109.5141
0.034   0 :  Normalization uncertainty
 Sqrt s    m/sqrt(s)     y      x-sec     quad     dum0      dum1     dum2
  7000.     .013       0.20    129.27     2.456    0.00      1.00     1.00
  7000.     .013       0.60    129.44     2.446    0.00      1.00     1.00
  7000.     .013       1.00    125.81     2.302    0.00      1.00     1.00
  7000.     .013       1.40    118.23     2.294    0.00      1.00     1.00
  7000.     .013       1.80    113.37     2.630    0.00      1.00     1.00
  7000.     .013       2.20    105.26     3.842    0.00      1.00     1.00
  7000.     .013       2.60     92.18     5.770    0.00      1.00     1.00
  7000.     .013       3.20     53.38     5.386    0.00      1.00     1.00



