ATLAS lepton rapidity distribution for W+, G. Aad et al., 
arXiv:1109.5141[hep-ex]
*
0.034  0 : Normalization Uncertainty
   SqrtS    SqrtTau      y     dsig/dy(l)  total     dummy     Kf-ms     Kf-dis
 7.000E+03 1.149E-02 1.050E-01 1.490E-01 1.200E-02 0.000E+00 1.000E+00 1.000E+00
 7.000E+03 1.149E-02 3.150E-01 1.560E-01 1.100E-02 0.000E+00 1.000E+00 1.000E+00
 7.000E+03 1.149E-02 5.250E-01 1.540E-01 1.100E-02 0.000E+00 1.000E+00 1.000E+00
 7.000E+03 1.149E-02 7.350E-01 1.660E-01 1.200E-02 0.000E+00 1.000E+00 1.000E+00
 7.000E+03 1.149E-02 9.450E-01 1.990E-01 1.200E-02 0.000E+00 1.000E+00 1.000E+00
 7.000E+03 1.149E-02 1.210E-00 2.140E-01 9.000E-03 0.000E+00 1.000E+00 1.000E+00
 7.000E+03 1.149E-02 1.445E-00 2.390E-01 1.600E-02 0.000E+00 1.000E+00 1.000E+00
 7.000E+03 1.149E-02 1.630E-00 2.420E-01 1.000E-02 0.000E+00 1.000E+00 1.000E+00
 7.000E+03 1.149E-02 1.845E-00 2.670E-01 1.100E-02 0.000E+00 1.000E+00 1.000E+00
 7.000E+03 1.149E-02 2.065E-00 2.750E-01 1.000E-02 0.000E+00 1.000E+00 1.000E+00
 7.000E+03 1.149E-02 2.340E-00 2.720E-01 1.100E-02 0.000E+00 1.000E+00 1.000E+00
