ATLAS lepton rapidity distribution for W+, G. Aad et al., 
arXiv:1109.5141[hep-ex]
*
0.034  0 : Normalization Uncertainty
   SqrtS    SqrtTau      y     dsig/dy(l)  total     dummy     Kf-ms     Kf-dis
 7.000E+03 1.149E-02 1.050E-01 6.020E+02 1.222E+01 0.000E+00 1.000E+00 1.000E+00
 7.000E+03 1.149E-02 3.150E-01 6.027E+02 1.079E+01 0.000E+00 1.000E+00 1.000E+00
 7.000E+03 1.149E-02 5.250E-01 6.202E+02 1.092E+01 0.000E+00 1.000E+00 1.000E+00
 7.000E+03 1.149E-02 7.350E-01 6.147E+02 1.162E+01 0.000E+00 1.000E+00 1.000E+00
 7.000E+03 1.149E-02 9.450E-01 6.407E+02 1.217E+01 0.000E+00 1.000E+00 1.000E+00
 7.000E+03 1.149E-02 1.210E-00 6.472E+02 1.048E+01 0.000E+00 1.000E+00 1.000E+00
 7.000E+03 1.149E-02 1.445E-00 6.307E+02 1.615E+01 0.000E+00 1.000E+00 1.000E+00
 7.000E+03 1.149E-02 1.630E-00 6.292E+02 1.026E+01 0.000E+00 1.000E+00 1.000E+00
 7.000E+03 1.149E-02 1.845E-00 6.489E+02 1.162E+01 0.000E+00 1.000E+00 1.000E+00
 7.000E+03 1.149E-02 2.065E-00 6.281E+02 1.074E+01 0.000E+00 1.000E+00 1.000E+00
 7.000E+03 1.149E-02 2.340E-00 5.784E+02 1.111E+01 0.000E+00 1.000E+00 1.000E+00
