ATLAS lepton rapidity distribution for W-, G. Aad et al., 
arXiv:1109.5141[hep-ex]
*
0.034  0 : Normalization Uncertainty
   SqrtS    SqrtTau      y     dsig/dy(l)  total     dummy     Kf-ms     Kf-dis
 7.000E+03 1.149E-02 1.050E-01 4.463E+02 9.460E+00 0.000E+00 1.000E+00 1.000E+00
 7.000E+03 1.149E-02 3.150E-01 4.403E+02 8.894E+00 0.000E+00 1.000E+00 1.000E+00
 7.000E+03 1.149E-02 5.250E-01 4.551E+02 9.102E+00 0.000E+00 1.000E+00 1.000E+00
 7.000E+03 1.149E-02 7.350E-01 4.398E+02 9.588E+00 0.000E+00 1.000E+00 1.000E+00
 7.000E+03 1.149E-02 9.450E-01 4.281E+02 9.375E+00 0.000E+00 1.000E+00 1.000E+00
 7.000E+03 1.149E-02 1.210E-00 4.189E+02 7.959E+00 0.000E+00 1.000E+00 1.000E+00
 7.000E+03 1.149E-02 1.445E-00 3.873E+02 1.084E+01 0.000E+00 1.000E+00 1.000E+00
 7.000E+03 1.149E-02 1.630E-00 3.840E+02 7.910E+00 0.000E+00 1.000E+00 1.000E+00
 7.000E+03 1.149E-02 1.845E-00 3.753E+02 8.069E+00 0.000E+00 1.000E+00 1.000E+00
 7.000E+03 1.149E-02 2.065E-00 3.574E+02 7.577E+00 0.000E+00 1.000E+00 1.000E+00
 7.000E+03 1.149E-02 2.340E-00 3.310E+02 7.613E+00 0.000E+00 1.000E+00 1.000E+00
