BCDMS D2   courtesy Virchaux  Sept 1989 - Kfactors from run cteq5m
 F(sys) and dFd(sys) obtained from the H2 file by scaling
*
0.02   : Normalization Uncertainty
     x         Q2         F2      Rqcd   dF2(Stat)  dF(sys)  Kf-Ms  Kf-dis
 7.000E-02 8.750E+00 3.816E-01 1.820E-01 6.710E-03 8.180E-03 9.076E-01 1.000E+00
 7.000E-02 1.025E+01 3.836E-01 1.760E-01 6.440E-03 8.570E-03 9.116E-01 1.000E+00
 7.000E-02 1.700E+01 3.952E-01 1.580E-01 7.240E-03 6.560E-03 9.199E-01 1.000E+00
 7.000E-02 1.900E+01 3.866E-01 1.540E-01 6.400E-03 6.460E-03 9.215E-01 1.000E+00
 1.000E-01 1.025E+01 3.605E-01 1.300E-01 4.460E-03 5.420E-03 9.113E-01 1.000E+00
 1.000E-01 1.175E+01 3.665E-01 1.260E-01 4.750E-03 6.070E-03 9.141E-01 1.000E+00
 1.000E-01 1.325E+01 3.605E-01 1.220E-01 5.060E-03 5.710E-03 9.164E-01 1.000E+00
 1.000E-01 1.900E+01 3.643E-01 1.130E-01 4.760E-03 3.170E-03 9.229E-01 1.000E+00
 1.000E-01 2.150E+01 3.719E-01 1.100E-01 4.040E-03 3.640E-03 9.211E-01 1.000E+00
 1.000E-01 2.450E+01 3.641E-01 1.070E-01 4.330E-03 3.030E-03 9.229E-01 1.000E+00
 1.000E-01 3.250E+01 3.797E-01 1.010E-01 7.610E-03 5.690E-03 9.271E-01 1.000E+00
 1.000E-01 3.750E+01 3.755E-01 9.900E-02 8.400E-03 4.890E-03 9.292E-01 1.000E+00
 1.400E-01 1.175E+01 3.330E-01 9.100E-02 5.080E-03 4.590E-03 9.203E-01 1.000E+00
 1.400E-01 1.325E+01 3.440E-01 8.800E-02 5.500E-03 4.560E-03 9.228E-01 1.000E+00
 1.400E-01 1.500E+01 3.397E-01 8.500E-02 5.050E-03 4.600E-03 9.253E-01 1.000E+00
 1.400E-01 1.700E+01 3.377E-01 8.300E-02 5.650E-03 4.940E-03 9.277E-01 1.000E+00
 1.400E-01 1.900E+01 3.463E-01 8.000E-02 6.480E-03 5.020E-03 9.297E-01 1.000E+00
 1.400E-01 2.150E+01 3.381E-01 7.800E-02 4.380E-03 2.830E-03 9.284E-01 1.000E+00
 1.400E-01 2.450E+01 3.444E-01 7.600E-02 4.630E-03 3.220E-03 9.306E-01 1.000E+00
 1.400E-01 2.800E+01 3.328E-01 7.400E-02 4.260E-03 2.210E-03 9.328E-01 1.000E+00
 1.400E-01 3.250E+01 3.278E-01 7.100E-02 4.310E-03 2.340E-03 9.350E-01 1.000E+00
 1.400E-01 3.750E+01 3.337E-01 6.900E-02 8.370E-03 4.220E-03 9.371E-01 1.000E+00
 1.400E-01 4.300E+01 3.324E-01 6.700E-02 8.340E-03 4.090E-03 9.390E-01 1.000E+00
 1.400E-01 4.950E+01 3.350E-01 6.600E-02 8.840E-03 4.100E-03 9.409E-01 1.000E+00
 1.400E-01 5.700E+01 3.252E-01 6.400E-02 1.028E-02 3.910E-03 9.426E-01 1.000E+00
 1.800E-01 1.175E+01 3.158E-01 7.300E-02 6.010E-03 4.280E-03 9.318E-01 1.000E+00
 1.800E-01 1.325E+01 3.146E-01 7.000E-02 6.080E-03 4.290E-03 9.343E-01 1.000E+00
 1.800E-01 1.500E+01 3.026E-01 6.800E-02 5.480E-03 4.010E-03 9.367E-01 1.000E+00
 1.800E-01 1.700E+01 3.086E-01 6.500E-02 6.170E-03 3.940E-03 9.390E-01 1.000E+00
 1.800E-01 1.900E+01 3.128E-01 6.300E-02 6.750E-03 4.630E-03 9.409E-01 1.000E+00
 1.800E-01 2.150E+01 3.017E-01 6.100E-02 3.780E-03 2.800E-03 9.401E-01 1.000E+00
 1.800E-01 2.450E+01 3.018E-01 5.900E-02 4.110E-03 2.330E-03 9.422E-01 1.000E+00
 1.800E-01 2.800E+01 3.076E-01 5.700E-02 4.680E-03 2.110E-03 9.442E-01 1.000E+00
 1.800E-01 3.250E+01 3.075E-01 5.500E-02 3.730E-03 1.820E-03 9.463E-01 1.000E+00
 1.800E-01 3.750E+01 2.990E-01 5.300E-02 3.490E-03 1.470E-03 9.483E-01 1.000E+00
 1.800E-01 4.300E+01 3.019E-01 5.200E-02 3.490E-03 1.320E-03 9.501E-01 1.000E+00
 1.800E-01 4.950E+01 3.159E-01 5.000E-02 9.320E-03 3.730E-03 9.518E-01 1.000E+00
 1.800E-01 5.700E+01 2.922E-01 4.900E-02 6.420E-03 3.160E-03 9.535E-01 1.000E+00
 1.800E-01 6.550E+01 2.970E-01 4.700E-02 6.850E-03 3.210E-03 9.550E-01 1.000E+00
 2.250E-01 1.175E+01 2.782E-01 6.400E-02 5.630E-03 3.780E-03 9.497E-01 1.000E+00
 2.250E-01 1.325E+01 2.875E-01 6.100E-02 5.960E-03 3.830E-03 9.519E-01 1.000E+00
 2.250E-01 1.500E+01 2.793E-01 5.800E-02 5.370E-03 3.690E-03 9.541E-01 1.000E+00
 2.250E-01 1.700E+01 2.722E-01 5.500E-02 5.620E-03 3.520E-03 9.561E-01 1.000E+00
 2.250E-01 1.900E+01 2.735E-01 5.300E-02 6.180E-03 3.590E-03 9.579E-01 1.000E+00
 2.250E-01 2.150E+01 2.714E-01 5.100E-02 5.600E-03 3.530E-03 9.573E-01 1.000E+00
 2.250E-01 2.450E+01 2.684E-01 4.900E-02 6.270E-03 2.340E-03 9.591E-01 1.000E+00
 2.250E-01 2.800E+01 2.713E-01 4.700E-02 3.490E-03 1.530E-03 9.603E-01 1.000E+00
 2.250E-01 3.250E+01 2.644E-01 4.500E-02 3.370E-03 1.540E-03 9.622E-01 1.000E+00
 2.250E-01 3.750E+01 2.668E-01 4.300E-02 3.130E-03 1.240E-03 9.639E-01 1.000E+00
 2.250E-01 4.300E+01 2.671E-01 4.200E-02 3.080E-03 1.390E-03 9.655E-01 1.000E+00
 2.250E-01 4.950E+01 2.624E-01 4.000E-02 3.130E-03 1.590E-03 9.670E-01 1.000E+00
 2.250E-01 5.700E+01 2.526E-01 3.900E-02 3.540E-03 1.320E-03 9.684E-01 1.000E+00
 2.250E-01 6.550E+01 2.521E-01 3.800E-02 6.030E-03 2.730E-03 9.698E-01 1.000E+00
 2.250E-01 7.500E+01 2.536E-01 3.600E-02 6.530E-03 2.700E-03 9.710E-01 1.000E+00
 2.250E-01 8.600E+01 2.512E-01 3.500E-02 7.110E-03 2.700E-03 9.722E-01 1.000E+00
 2.750E-01 1.325E+01 2.589E-01 5.800E-02 6.320E-03 3.410E-03 9.759E-01 1.000E+00
 2.750E-01 1.500E+01 2.485E-01 5.500E-02 5.440E-03 3.210E-03 9.777E-01 1.000E+00
 2.750E-01 1.700E+01 2.397E-01 5.100E-02 5.700E-03 3.070E-03 9.793E-01 1.000E+00
 2.750E-01 1.900E+01 2.383E-01 4.900E-02 6.260E-03 3.030E-03 9.807E-01 1.000E+00
 2.750E-01 2.150E+01 2.337E-01 4.600E-02 5.530E-03 2.970E-03 9.801E-01 1.000E+00
 2.750E-01 2.450E+01 2.357E-01 4.400E-02 4.380E-03 1.920E-03 9.816E-01 1.000E+00
 2.750E-01 2.800E+01 2.402E-01 4.200E-02 3.070E-03 1.520E-03 9.830E-01 1.000E+00
 2.750E-01 3.250E+01 2.341E-01 4.000E-02 3.070E-03 1.300E-03 9.845E-01 1.000E+00
 2.750E-01 3.750E+01 2.219E-01 3.800E-02 2.670E-03 9.400E-04 9.859E-01 1.000E+00
 2.750E-01 4.300E+01 2.244E-01 3.600E-02 2.670E-03 9.200E-04 9.871E-01 1.000E+00
 2.750E-01 4.950E+01 2.234E-01 3.400E-02 3.050E-03 1.140E-03 9.883E-01 1.000E+00
 2.750E-01 5.700E+01 2.177E-01 3.300E-02 2.970E-03 1.040E-03 9.894E-01 1.000E+00
 2.750E-01 6.550E+01 2.256E-01 3.200E-02 3.720E-03 1.320E-03 9.904E-01 1.000E+00
 2.750E-01 7.500E+01 2.093E-01 3.100E-02 3.720E-03 1.580E-03 9.914E-01 1.000E+00
 2.750E-01 8.600E+01 2.130E-01 3.000E-02 6.580E-03 2.230E-03 9.923E-01 1.000E+00
 2.750E-01 9.900E+01 2.165E-01 2.900E-02 8.740E-03 2.260E-03 9.932E-01 1.000E+00
 2.750E-01 1.155E+02 2.019E-01 2.800E-02 9.340E-03 2.110E-03 9.941E-01 1.000E+00
 3.500E-01 1.325E+01 1.831E-01 6.100E-02 4.230E-03 2.430E-03 1.020E+00 1.000E+00
 3.500E-01 1.500E+01 1.890E-01 5.700E-02 3.870E-03 2.460E-03 1.021E+00 1.000E+00
 3.500E-01 1.700E+01 1.792E-01 5.300E-02 3.990E-03 2.330E-03 1.022E+00 1.000E+00
 3.500E-01 1.900E+01 1.741E-01 4.900E-02 4.170E-03 2.220E-03 1.022E+00 1.000E+00
 3.500E-01 2.150E+01 1.857E-01 4.600E-02 3.940E-03 2.400E-03 1.022E+00 1.000E+00
 3.500E-01 2.450E+01 1.789E-01 4.300E-02 2.890E-03 1.550E-03 1.022E+00 1.000E+00
 3.500E-01 2.800E+01 1.779E-01 4.000E-02 2.690E-03 1.410E-03 1.023E+00 1.000E+00
 3.500E-01 3.250E+01 1.786E-01 3.700E-02 2.040E-03 1.050E-03 1.024E+00 1.000E+00
 3.500E-01 3.750E+01 1.714E-01 3.500E-02 1.900E-03 7.700E-04 1.024E+00 1.000E+00
 3.500E-01 4.300E+01 1.715E-01 3.300E-02 1.780E-03 8.200E-04 1.025E+00 1.000E+00
 3.500E-01 4.950E+01 1.681E-01 3.100E-02 1.790E-03 7.400E-04 1.026E+00 1.000E+00
 3.500E-01 5.700E+01 1.655E-01 2.900E-02 1.800E-03 8.200E-04 1.026E+00 1.000E+00
 3.500E-01 6.550E+01 1.625E-01 2.800E-02 2.090E-03 7.800E-04 1.026E+00 1.000E+00
 3.500E-01 7.500E+01 1.603E-01 2.700E-02 2.470E-03 7.500E-04 1.027E+00 1.000E+00
 3.500E-01 8.600E+01 1.610E-01 2.500E-02 2.570E-03 8.200E-04 1.027E+00 1.000E+00
 3.500E-01 9.900E+01 1.522E-01 2.400E-02 2.750E-03 7.500E-04 1.028E+00 1.000E+00
 3.500E-01 1.155E+02 1.587E-01 2.300E-02 5.770E-03 1.680E-03 1.028E+00 1.000E+00
 3.500E-01 1.375E+02 1.492E-01 2.200E-02 5.890E-03 1.580E-03 1.028E+00 1.000E+00
 4.500E-01 1.325E+01 1.208E-01 7.500E-02 4.030E-03 2.130E-03 1.088E+00 1.000E+00
 4.500E-01 1.500E+01 1.186E-01 6.900E-02 3.640E-03 2.070E-03 1.088E+00 1.000E+00
 4.500E-01 1.700E+01 1.212E-01 6.200E-02 3.880E-03 1.950E-03 1.087E+00 1.000E+00
 4.500E-01 1.900E+01 1.130E-01 5.700E-02 4.030E-03 1.810E-03 1.086E+00 1.000E+00
 4.500E-01 2.150E+01 1.178E-01 5.300E-02 3.680E-03 1.780E-03 1.085E+00 1.000E+00
 4.500E-01 2.450E+01 1.097E-01 4.800E-02 2.460E-03 1.220E-03 1.084E+00 1.000E+00
 4.500E-01 2.800E+01 1.094E-01 4.400E-02 2.320E-03 1.080E-03 1.084E+00 1.000E+00
 4.500E-01 3.250E+01 1.081E-01 4.000E-02 1.760E-03 9.900E-04 1.083E+00 1.000E+00
 4.500E-01 3.750E+01 1.067E-01 3.600E-02 1.970E-03 9.000E-04 1.086E+00 1.000E+00
 4.500E-01 4.300E+01 1.050E-01 3.400E-02 1.540E-03 8.300E-04 1.086E+00 1.000E+00
 4.500E-01 4.950E+01 1.021E-01 3.100E-02 1.540E-03 7.500E-04 1.085E+00 1.000E+00
 4.500E-01 5.700E+01 1.034E-01 2.900E-02 1.540E-03 7.500E-04 1.085E+00 1.000E+00
 4.500E-01 6.550E+01 9.971E-02 2.700E-02 1.600E-03 7.000E-04 1.084E+00 1.000E+00
 4.500E-01 7.500E+01 9.837E-02 2.500E-02 1.910E-03 6.400E-04 1.084E+00 1.000E+00
 4.500E-01 8.600E+01 9.580E-02 2.300E-02 2.180E-03 6.400E-04 1.083E+00 1.000E+00
 4.500E-01 9.900E+01 9.402E-02 2.200E-02 2.280E-03 6.200E-04 1.083E+00 1.000E+00
 4.500E-01 1.155E+02 9.370E-02 2.100E-02 2.290E-03 5.300E-04 1.082E+00 1.000E+00
 4.500E-01 1.375E+02 8.823E-02 1.900E-02 4.880E-03 1.000E-03 1.081E+00 1.000E+00
 4.500E-01 1.750E+02 9.061E-02 1.800E-02 4.640E-03 1.010E-03 1.080E+00 1.000E+00
 5.500E-01 1.500E+01 5.873E-02 8.700E-02 2.410E-03 2.060E-03 1.174E+00 1.000E+00
 5.500E-01 1.700E+01 5.719E-02 7.800E-02 2.560E-03 1.800E-03 1.171E+00 1.000E+00
 5.500E-01 1.900E+01 6.293E-02 7.100E-02 3.030E-03 1.740E-03 1.169E+00 1.000E+00
 5.500E-01 2.150E+01 5.927E-02 6.400E-02 2.640E-03 1.480E-03 1.166E+00 1.000E+00
 5.500E-01 2.450E+01 5.603E-02 5.800E-02 2.800E-03 1.210E-03 1.164E+00 1.000E+00
 5.500E-01 2.800E+01 5.914E-02 5.200E-02 1.720E-03 1.170E-03 1.163E+00 1.000E+00
 5.500E-01 3.250E+01 5.558E-02 4.600E-02 1.280E-03 1.220E-03 1.160E+00 1.000E+00
 5.500E-01 3.750E+01 5.438E-02 4.200E-02 1.440E-03 1.070E-03 1.158E+00 1.000E+00
 5.500E-01 4.300E+01 5.405E-02 3.800E-02 1.110E-03 1.050E-03 1.157E+00 1.000E+00
 5.500E-01 4.950E+01 5.369E-02 3.400E-02 1.140E-03 9.300E-04 1.155E+00 1.000E+00
 5.500E-01 5.700E+01 5.325E-02 3.100E-02 1.140E-03 8.400E-04 1.153E+00 1.000E+00
 5.500E-01 6.550E+01 5.194E-02 2.800E-02 1.200E-03 7.000E-04 1.151E+00 1.000E+00
 5.500E-01 7.500E+01 5.283E-02 2.600E-02 1.330E-03 6.900E-04 1.150E+00 1.000E+00
 5.500E-01 8.600E+01 4.837E-02 2.400E-02 1.430E-03 6.000E-04 1.148E+00 1.000E+00
 5.500E-01 9.900E+01 5.059E-02 2.200E-02 1.770E-03 6.000E-04 1.146E+00 1.000E+00
 5.500E-01 1.155E+02 4.899E-02 2.000E-02 1.760E-03 5.200E-04 1.145E+00 1.000E+00
 5.500E-01 1.375E+02 4.525E-02 1.800E-02 1.850E-03 4.300E-04 1.143E+00 1.000E+00
 5.500E-01 1.750E+02 3.951E-02 1.600E-02 3.140E-03 5.600E-04 1.140E+00 1.000E+00
 5.500E-01 2.300E+02 4.192E-02 1.500E-02 4.630E-03 5.400E-04 1.137E+00 1.000E+00
 6.500E-01 2.150E+01 2.676E-02 8.000E-02 1.510E-03 1.830E-03 1.271E+00 1.000E+00
 6.500E-01 2.450E+01 2.864E-02 7.100E-02 1.830E-03 1.460E-03 1.267E+00 1.000E+00
 6.500E-01 2.800E+01 2.373E-02 6.300E-02 1.590E-03 1.090E-03 1.263E+00 1.000E+00
 6.500E-01 3.250E+01 2.498E-02 5.600E-02 7.600E-04 1.390E-03 1.259E+00 1.000E+00
 6.500E-01 3.750E+01 2.529E-02 4.900E-02 8.700E-04 1.200E-03 1.255E+00 1.000E+00
 6.500E-01 4.300E+01 2.401E-02 4.400E-02 6.700E-04 1.230E-03 1.251E+00 1.000E+00
 6.500E-01 4.950E+01 2.473E-02 3.900E-02 7.000E-04 1.150E-03 1.248E+00 1.000E+00
 6.500E-01 5.700E+01 2.350E-02 3.500E-02 6.900E-04 9.700E-04 1.244E+00 1.000E+00
 6.500E-01 6.550E+01 2.234E-02 3.100E-02 7.400E-04 7.600E-04 1.241E+00 1.000E+00
 6.500E-01 7.500E+01 2.296E-02 2.800E-02 8.300E-04 6.600E-04 1.238E+00 1.000E+00
 6.500E-01 8.600E+01 2.097E-02 2.600E-02 9.200E-04 5.600E-04 1.235E+00 1.000E+00
 6.500E-01 9.900E+01 2.234E-02 2.300E-02 1.030E-03 5.400E-04 1.232E+00 1.000E+00
 6.500E-01 1.155E+02 2.000E-02 2.100E-02 1.110E-03 4.300E-04 1.229E+00 1.000E+00
 6.500E-01 1.375E+02 1.975E-02 1.900E-02 1.270E-03 3.600E-04 1.225E+00 1.000E+00
 6.500E-01 1.750E+02 1.820E-02 1.600E-02 2.390E-03 3.900E-04 1.220E+00 1.000E+00
 6.500E-01 2.300E+02 1.614E-02 1.400E-02 2.650E-03 3.000E-04 1.215E+00 1.000E+00
 7.500E-01 3.750E+01 9.860E-03 5.900E-02 7.300E-04 8.400E-04 1.388E+00 1.000E+00
 7.500E-01 4.300E+01 9.030E-03 5.200E-02 3.900E-04 1.160E-03 1.382E+00 1.000E+00
 7.500E-01 4.950E+01 9.190E-03 4.600E-02 4.200E-04 1.050E-03 1.376E+00 1.000E+00
 7.500E-01 5.700E+01 8.560E-03 4.100E-02 4.200E-04 9.700E-04 1.370E+00 1.000E+00
 7.500E-01 6.550E+01 8.010E-03 3.600E-02 4.400E-04 8.500E-04 1.365E+00 1.000E+00
 7.500E-01 7.500E+01 7.960E-03 3.200E-02 4.900E-04 7.300E-04 1.360E+00 1.000E+00
 7.500E-01 8.600E+01 7.620E-03 2.900E-02 5.200E-04 6.400E-04 1.355E+00 1.000E+00
 7.500E-01 9.900E+01 8.160E-03 2.600E-02 6.000E-04 6.000E-04 1.350E+00 1.000E+00
 7.500E-01 1.155E+02 6.610E-03 2.300E-02 6.300E-04 4.300E-04 1.344E+00 1.000E+00
 7.500E-01 1.375E+02 6.400E-03 2.000E-02 6.800E-04 3.400E-04 1.339E+00 1.000E+00
 7.500E-01 1.750E+02 5.420E-03 1.600E-02 1.160E-03 2.900E-04 1.331E+00 1.000E+00
 7.500E-01 2.300E+02 6.420E-03 1.300E-02 1.730E-03 2.300E-04 1.323E+00 1.000E+00
