BCDMS H2  courtesy Virchaux   Sept  1989                           
MSbar Kfactors from run cteq5m
*
0.02   : Normalization Uncertainty
      x        Q2 f      F2      dF2c   dF2a(stat) dF2b(sys)  Kf-ms   Kf-dis
 7.000E-02 7.500E+00 4.073E-01 1.050E-02 6.280E-03 8.500E-03 9.080E-01 1.000E+00
 7.000E-02 8.750E+00 3.980E-01 8.910E-03 4.100E-03 8.530E-03 9.107E-01 1.000E+00
 7.000E-02 1.025E+01 3.966E-01 1.049E-02 6.320E-03 8.860E-03 9.144E-01 1.000E+00
 7.000E-02 1.700E+01 4.208E-01 8.630E-03 5.490E-03 6.990E-03 9.220E-01 1.000E+00
 7.000E-02 1.900E+01 4.279E-01 8.890E-03 5.640E-03 7.150E-03 9.236E-01 1.000E+00
 1.000E-01 7.500E+00 3.861E-01 7.400E-03 4.300E-03 6.210E-03 9.055E-01 1.000E+00
 1.000E-01 8.750E+00 3.913E-01 7.160E-03 3.580E-03 6.630E-03 9.090E-01 1.000E+00
 1.000E-01 1.025E+01 3.922E-01 6.250E-03 2.910E-03 5.900E-03 9.123E-01 1.000E+00
 1.000E-01 1.175E+01 3.933E-01 7.920E-03 4.880E-03 6.510E-03 9.150E-01 1.000E+00
 1.000E-01 1.325E+01 3.958E-01 8.180E-03 5.330E-03 6.270E-03 9.172E-01 1.000E+00
 1.000E-01 1.900E+01 4.040E-01 5.360E-03 4.160E-03 3.520E-03 9.235E-01 1.000E+00
 1.000E-01 2.150E+01 4.046E-01 4.700E-03 3.260E-03 3.960E-03 9.218E-01 1.000E+00
 1.000E-01 2.450E+01 4.092E-01 4.880E-03 3.520E-03 3.400E-03 9.238E-01 1.000E+00
 1.000E-01 3.250E+01 4.087E-01 7.850E-03 5.760E-03 6.120E-03 9.279E-01 1.000E+00
 1.000E-01 3.750E+01 4.112E-01 8.360E-03 6.570E-03 5.360E-03 9.299E-01 1.000E+00
 1.400E-01 8.750E+00 3.782E-01 6.720E-03 3.930E-03 5.720E-03 9.111E-01 1.000E+00
 1.400E-01 1.025E+01 3.804E-01 7.040E-03 4.000E-03 5.910E-03 9.149E-01 1.000E+00
 1.400E-01 1.175E+01 3.805E-01 6.260E-03 3.470E-03 5.250E-03 9.179E-01 1.000E+00
 1.400E-01 1.325E+01 3.753E-01 6.110E-03 3.700E-03 4.970E-03 9.204E-01 1.000E+00
 1.400E-01 1.500E+01 3.805E-01 6.240E-03 3.730E-03 5.150E-03 9.229E-01 1.000E+00
 1.400E-01 1.700E+01 3.791E-01 8.410E-03 6.390E-03 5.550E-03 9.253E-01 1.000E+00
 1.400E-01 1.900E+01 3.712E-01 8.760E-03 7.010E-03 5.380E-03 9.273E-01 1.000E+00
 1.400E-01 2.150E+01 3.819E-01 4.770E-03 3.640E-03 3.200E-03 9.265E-01 1.000E+00
 1.400E-01 2.450E+01 3.846E-01 4.710E-03 3.830E-03 3.590E-03 9.286E-01 1.000E+00
 1.400E-01 2.800E+01 3.812E-01 4.450E-03 3.680E-03 2.530E-03 9.307E-01 1.000E+00
 1.400E-01 3.250E+01 3.756E-01 4.430E-03 3.640E-03 2.680E-03 9.330E-01 1.000E+00
 1.400E-01 3.750E+01 3.780E-01 8.040E-03 6.630E-03 4.780E-03 9.350E-01 1.000E+00
 1.400E-01 4.300E+01 3.775E-01 7.990E-03 6.570E-03 4.640E-03 9.369E-01 1.000E+00
 1.400E-01 4.950E+01 3.658E-01 8.070E-03 6.780E-03 4.480E-03 9.387E-01 1.000E+00
 1.400E-01 5.700E+01 3.831E-01 9.400E-03 8.300E-03 4.610E-03 9.404E-01 1.000E+00
 1.800E-01 8.750E+00 3.691E-01 7.160E-03 4.910E-03 6.020E-03 9.201E-01 1.000E+00
 1.800E-01 1.025E+01 3.662E-01 7.050E-03 4.760E-03 5.510E-03 9.241E-01 1.000E+00
 1.800E-01 1.175E+01 3.652E-01 6.110E-03 4.070E-03 4.950E-03 9.272E-01 1.000E+00
 1.800E-01 1.325E+01 3.627E-01 6.400E-03 4.250E-03 4.940E-03 9.297E-01 1.000E+00
 1.800E-01 1.500E+01 3.599E-01 6.190E-03 4.090E-03 4.770E-03 9.322E-01 1.000E+00
 1.800E-01 1.700E+01 3.561E-01 6.260E-03 4.460E-03 4.550E-03 9.346E-01 1.000E+00
 1.800E-01 1.900E+01 3.491E-01 9.120E-03 7.530E-03 5.170E-03 9.367E-01 1.000E+00
 1.800E-01 2.150E+01 3.547E-01 4.850E-03 3.610E-03 3.290E-03 9.363E-01 1.000E+00
 1.800E-01 2.450E+01 3.579E-01 4.530E-03 3.850E-03 2.760E-03 9.384E-01 1.000E+00
 1.800E-01 2.800E+01 3.626E-01 4.790E-03 4.160E-03 2.490E-03 9.404E-01 1.000E+00
 1.800E-01 3.250E+01 3.506E-01 3.470E-03 2.910E-03 2.070E-03 9.426E-01 1.000E+00
 1.800E-01 3.750E+01 3.457E-01 2.990E-03 2.800E-03 1.700E-03 9.446E-01 1.000E+00
 1.800E-01 4.300E+01 3.511E-01 3.030E-03 2.810E-03 1.530E-03 9.464E-01 1.000E+00
 1.800E-01 4.950E+01 3.407E-01 8.150E-03 7.140E-03 4.020E-03 9.478E-01 1.000E+00
 1.800E-01 5.700E+01 3.459E-01 6.050E-03 4.820E-03 3.740E-03 9.495E-01 1.000E+00
 1.800E-01 6.550E+01 3.419E-01 6.290E-03 5.140E-03 3.700E-03 9.511E-01 1.000E+00
 2.250E-01 1.025E+01 3.413E-01 6.820E-03 4.820E-03 5.230E-03 9.402E-01 1.000E+00
 2.250E-01 1.175E+01 3.388E-01 5.840E-03 4.010E-03 4.600E-03 9.431E-01 1.000E+00
 2.250E-01 1.325E+01 3.394E-01 5.980E-03 4.200E-03 4.520E-03 9.457E-01 1.000E+00
 2.250E-01 1.500E+01 3.331E-01 5.680E-03 3.890E-03 4.400E-03 9.478E-01 1.000E+00
 2.250E-01 1.700E+01 3.271E-01 5.820E-03 4.160E-03 4.230E-03 9.500E-01 1.000E+00
 2.250E-01 1.900E+01 3.219E-01 6.180E-03 4.500E-03 4.230E-03 9.519E-01 1.000E+00
 2.250E-01 2.150E+01 3.198E-01 5.940E-03 4.240E-03 4.160E-03 9.517E-01 1.000E+00
 2.250E-01 2.450E+01 3.225E-01 5.000E-03 4.260E-03 2.810E-03 9.537E-01 1.000E+00
 2.250E-01 2.800E+01 3.212E-01 3.100E-03 2.780E-03 1.810E-03 9.556E-01 1.000E+00
 2.250E-01 3.250E+01 3.275E-01 3.580E-03 3.120E-03 1.910E-03 9.576E-01 1.000E+00
 2.250E-01 3.750E+01 3.148E-01 2.710E-03 2.560E-03 1.460E-03 9.594E-01 1.000E+00
 2.250E-01 4.300E+01 3.152E-01 2.970E-03 2.490E-03 1.640E-03 9.610E-01 1.000E+00
 2.250E-01 4.950E+01 3.110E-01 2.950E-03 2.480E-03 1.880E-03 9.626E-01 1.000E+00
 2.250E-01 5.700E+01 3.160E-01 3.250E-03 2.820E-03 1.650E-03 9.641E-01 1.000E+00
 2.250E-01 6.550E+01 3.158E-01 5.730E-03 4.750E-03 3.420E-03 9.655E-01 1.000E+00
 2.250E-01 7.500E+01 3.064E-01 5.940E-03 5.050E-03 3.260E-03 9.668E-01 1.000E+00
 2.250E-01 8.600E+01 3.076E-01 6.300E-03 5.420E-03 3.300E-03 9.681E-01 1.000E+00
 2.750E-01 1.025E+01 3.049E-01 6.890E-03 5.370E-03 6.010E-03 9.654E-01 1.000E+00
 2.750E-01 1.175E+01 2.998E-01 6.910E-03 5.460E-03 4.800E-03 9.677E-01 1.000E+00
 2.750E-01 1.325E+01 3.018E-01 5.970E-03 4.640E-03 3.970E-03 9.696E-01 1.000E+00
 2.750E-01 1.500E+01 3.069E-01 5.750E-03 4.290E-03 3.970E-03 9.715E-01 1.000E+00
 2.750E-01 1.700E+01 3.018E-01 5.820E-03 4.460E-03 3.860E-03 9.733E-01 1.000E+00
 2.750E-01 1.900E+01 2.929E-01 5.910E-03 4.680E-03 3.720E-03 9.747E-01 1.000E+00
 2.750E-01 2.150E+01 2.971E-01 5.670E-03 4.330E-03 3.780E-03 9.747E-01 1.000E+00
 2.750E-01 2.450E+01 2.845E-01 4.130E-03 3.490E-03 2.320E-03 9.762E-01 1.000E+00
 2.750E-01 2.800E+01 2.889E-01 3.130E-03 2.640E-03 1.830E-03 9.777E-01 1.000E+00
 2.750E-01 3.250E+01 2.842E-01 2.850E-03 2.500E-03 1.580E-03 9.793E-01 1.000E+00
 2.750E-01 3.750E+01 2.795E-01 2.460E-03 2.280E-03 1.190E-03 9.807E-01 1.000E+00
 2.750E-01 4.300E+01 2.744E-01 2.470E-03 2.340E-03 1.120E-03 9.820E-01 1.000E+00
 2.750E-01 4.950E+01 2.711E-01 2.880E-03 2.530E-03 1.380E-03 9.833E-01 1.000E+00
 2.750E-01 5.700E+01 2.753E-01 2.680E-03 2.480E-03 1.310E-03 9.845E-01 1.000E+00
 2.750E-01 6.550E+01 2.691E-01 3.170E-03 2.890E-03 1.580E-03 9.856E-01 1.000E+00
 2.750E-01 7.500E+01 2.693E-01 3.430E-03 3.130E-03 2.030E-03 9.866E-01 1.000E+00
 2.750E-01 8.600E+01 2.620E-01 5.790E-03 5.130E-03 2.740E-03 9.876E-01 1.000E+00
 2.750E-01 9.900E+01 2.612E-01 6.900E-03 6.380E-03 2.730E-03 9.885E-01 1.000E+00
 2.750E-01 1.155E+02 2.630E-01 7.530E-03 7.050E-03 2.750E-03 9.895E-01 1.000E+00
 3.500E-01 1.175E+01 2.403E-01 5.500E-03 4.280E-03 4.510E-03 1.013E+00 1.000E+00
 3.500E-01 1.325E+01 2.350E-01 4.630E-03 3.530E-03 3.120E-03 1.014E+00 1.000E+00
 3.500E-01 1.500E+01 2.324E-01 4.320E-03 3.140E-03 3.030E-03 1.015E+00 1.000E+00
 3.500E-01 1.700E+01 2.365E-01 4.430E-03 3.260E-03 3.080E-03 1.016E+00 1.000E+00
 3.500E-01 1.900E+01 2.256E-01 4.390E-03 3.320E-03 2.870E-03 1.017E+00 1.000E+00
 3.500E-01 2.150E+01 2.287E-01 4.170E-03 2.990E-03 2.950E-03 1.016E+00 1.000E+00
 3.500E-01 2.450E+01 2.273E-01 2.960E-03 2.210E-03 1.970E-03 1.017E+00 1.000E+00
 3.500E-01 2.800E+01 2.262E-01 3.020E-03 2.430E-03 1.790E-03 1.018E+00 1.000E+00
 3.500E-01 3.250E+01 2.217E-01 2.180E-03 1.760E-03 1.300E-03 1.019E+00 1.000E+00
 3.500E-01 3.750E+01 2.205E-01 1.910E-03 1.650E-03 9.900E-04 1.019E+00 1.000E+00
 3.500E-01 4.300E+01 2.165E-01 1.780E-03 1.540E-03 1.030E-03 1.020E+00 1.000E+00
 3.500E-01 4.950E+01 2.146E-01 1.880E-03 1.670E-03 9.500E-04 1.021E+00 1.000E+00
 3.500E-01 5.700E+01 2.145E-01 1.880E-03 1.640E-03 1.060E-03 1.021E+00 1.000E+00
 3.500E-01 6.550E+01 2.068E-01 1.970E-03 1.790E-03 9.900E-04 1.022E+00 1.000E+00
 3.500E-01 7.500E+01 2.058E-01 2.320E-03 2.110E-03 9.600E-04 1.022E+00 1.000E+00
 3.500E-01 8.600E+01 2.073E-01 2.390E-03 2.190E-03 1.050E-03 1.023E+00 1.000E+00
 3.500E-01 9.900E+01 2.036E-01 2.560E-03 2.350E-03 1.000E-03 1.023E+00 1.000E+00
 3.500E-01 1.155E+02 2.053E-01 4.930E-03 4.450E-03 2.170E-03 1.023E+00 1.000E+00
 3.500E-01 1.375E+02 2.028E-01 5.220E-03 4.780E-03 2.150E-03 1.024E+00 1.000E+00
 4.500E-01 1.175E+01 1.603E-01 4.680E-03 4.090E-03 3.060E-03 1.083E+00 1.000E+00
 4.500E-01 1.325E+01 1.574E-01 4.020E-03 3.490E-03 2.770E-03 1.082E+00 1.000E+00
 4.500E-01 1.500E+01 1.573E-01 3.840E-03 3.120E-03 2.750E-03 1.082E+00 1.000E+00
 4.500E-01 1.700E+01 1.531E-01 3.760E-03 3.210E-03 2.460E-03 1.081E+00 1.000E+00
 4.500E-01 1.900E+01 1.552E-01 3.900E-03 3.400E-03 2.490E-03 1.081E+00 1.000E+00
 4.500E-01 2.150E+01 1.484E-01 3.440E-03 2.900E-03 2.240E-03 1.080E+00 1.000E+00
 4.500E-01 2.450E+01 1.469E-01 2.350E-03 2.000E-03 1.640E-03 1.079E+00 1.000E+00
 4.500E-01 2.800E+01 1.435E-01 2.430E-03 2.180E-03 1.420E-03 1.079E+00 1.000E+00
 4.500E-01 3.250E+01 1.444E-01 1.790E-03 1.620E-03 1.320E-03 1.078E+00 1.000E+00
 4.500E-01 3.750E+01 1.419E-01 1.880E-03 1.730E-03 1.200E-03 1.078E+00 1.000E+00
 4.500E-01 4.300E+01 1.392E-01 1.450E-03 1.380E-03 1.100E-03 1.078E+00 1.000E+00
 4.500E-01 4.950E+01 1.368E-01 1.430E-03 1.370E-03 1.000E-03 1.077E+00 1.000E+00
 4.500E-01 5.700E+01 1.359E-01 1.470E-03 1.350E-03 9.800E-04 1.077E+00 1.000E+00
 4.500E-01 6.550E+01 1.309E-01 1.540E-03 1.480E-03 9.200E-04 1.076E+00 1.000E+00
 4.500E-01 7.500E+01 1.291E-01 1.800E-03 1.740E-03 8.400E-04 1.076E+00 1.000E+00
 4.500E-01 8.600E+01 1.299E-01 1.950E-03 1.900E-03 8.700E-04 1.075E+00 1.000E+00
 4.500E-01 9.900E+01 1.294E-01 2.050E-03 1.980E-03 8.600E-04 1.075E+00 1.000E+00
 4.500E-01 1.155E+02 1.231E-01 2.010E-03 1.950E-03 7.000E-04 1.074E+00 1.000E+00
 4.500E-01 1.375E+02 1.186E-01 4.090E-03 3.900E-03 1.340E-03 1.074E+00 1.000E+00
 4.500E-01 1.750E+02 1.195E-01 3.900E-03 3.680E-03 1.330E-03 1.076E+00 1.000E+00
 5.500E-01 1.500E+01 8.825E-02 2.640E-03 2.400E-03 3.100E-03 1.168E+00 1.000E+00
 5.500E-01 1.700E+01 8.294E-02 2.570E-03 2.350E-03 2.610E-03 1.165E+00 1.000E+00
 5.500E-01 1.900E+01 8.592E-02 2.820E-03 2.620E-03 2.380E-03 1.163E+00 1.000E+00
 5.500E-01 2.150E+01 8.393E-02 2.510E-03 2.280E-03 2.090E-03 1.161E+00 1.000E+00
 5.500E-01 2.450E+01 8.663E-02 2.050E-03 1.870E-03 1.870E-03 1.159E+00 1.000E+00
 5.500E-01 2.800E+01 8.141E-02 1.650E-03 1.510E-03 1.610E-03 1.157E+00 1.000E+00
 5.500E-01 3.250E+01 8.060E-02 1.340E-03 1.260E-03 1.770E-03 1.155E+00 1.000E+00
 5.500E-01 3.750E+01 8.016E-02 1.450E-03 1.390E-03 1.570E-03 1.153E+00 1.000E+00
 5.500E-01 4.300E+01 7.681E-02 1.070E-03 1.050E-03 1.490E-03 1.152E+00 1.000E+00
 5.500E-01 4.950E+01 7.656E-02 1.080E-03 1.060E-03 1.330E-03 1.150E+00 1.000E+00
 5.500E-01 5.700E+01 7.524E-02 1.070E-03 1.040E-03 1.190E-03 1.148E+00 1.000E+00
 5.500E-01 6.550E+01 7.069E-02 1.080E-03 1.060E-03 9.500E-04 1.146E+00 1.000E+00
 5.500E-01 7.500E+01 7.104E-02 1.270E-03 1.250E-03 9.300E-04 1.145E+00 1.000E+00
 5.500E-01 8.600E+01 7.127E-02 1.430E-03 1.410E-03 8.800E-04 1.143E+00 1.000E+00
 5.500E-01 9.900E+01 6.800E-02 1.550E-03 1.530E-03 8.000E-04 1.142E+00 1.000E+00
 5.500E-01 1.155E+02 6.633E-02 1.540E-03 1.520E-03 7.100E-04 1.140E+00 1.000E+00
 5.500E-01 1.375E+02 6.786E-02 1.710E-03 1.690E-03 6.400E-04 1.138E+00 1.000E+00
 5.500E-01 1.750E+02 6.021E-02 2.830E-03 2.740E-03 8.500E-04 1.136E+00 1.000E+00
 5.500E-01 2.300E+02 6.145E-02 3.760E-03 3.690E-03 7.900E-04 1.133E+00 1.000E+00
 6.500E-01 2.150E+01 4.055E-02 1.470E-03 1.380E-03 2.780E-03 1.265E+00 1.000E+00
 6.500E-01 2.450E+01 4.039E-02 1.140E-03 1.080E-03 2.060E-03 1.262E+00 1.000E+00
 6.500E-01 2.800E+01 3.840E-02 1.130E-03 1.070E-03 1.770E-03 1.258E+00 1.000E+00
 6.500E-01 3.250E+01 3.746E-02 7.900E-04 7.700E-04 2.080E-03 1.254E+00 1.000E+00
 6.500E-01 3.750E+01 3.700E-02 9.000E-04 8.800E-04 1.750E-03 1.250E+00 1.000E+00
 6.500E-01 4.300E+01 3.551E-02 6.600E-04 6.600E-04 1.820E-03 1.246E+00 1.000E+00
 6.500E-01 4.950E+01 3.484E-02 6.700E-04 6.600E-04 1.620E-03 1.243E+00 1.000E+00
 6.500E-01 5.700E+01 3.319E-02 6.500E-04 6.400E-04 1.370E-03 1.240E+00 1.000E+00
 6.500E-01 6.550E+01 3.220E-02 6.900E-04 6.800E-04 1.090E-03 1.236E+00 1.000E+00
 6.500E-01 7.500E+01 3.221E-02 7.600E-04 7.500E-04 9.300E-04 1.233E+00 1.000E+00
 6.500E-01 8.600E+01 3.248E-02 9.300E-04 9.300E-04 8.600E-04 1.230E+00 1.000E+00
 6.500E-01 9.900E+01 3.169E-02 9.800E-04 9.800E-04 7.600E-04 1.227E+00 1.000E+00
 6.500E-01 1.155E+02 2.870E-02 1.010E-03 1.000E-03 6.200E-04 1.224E+00 1.000E+00
 6.500E-01 1.375E+02 2.909E-02 1.140E-03 1.130E-03 5.300E-04 1.221E+00 1.000E+00
 6.500E-01 1.750E+02 2.733E-02 1.920E-03 1.900E-03 5.800E-04 1.216E+00 1.000E+00
 6.500E-01 2.300E+02 2.981E-02 2.510E-03 2.490E-03 5.500E-04 1.211E+00 1.000E+00
 7.500E-01 3.750E+01 1.183E-02 5.600E-04 5.600E-04 1.010E-03 1.383E+00 1.000E+00
 7.500E-01 4.300E+01 1.229E-02 3.500E-04 3.400E-04 1.580E-03 1.377E+00 1.000E+00
 7.500E-01 4.950E+01 1.169E-02 3.600E-04 3.600E-04 1.330E-03 1.372E+00 1.000E+00
 7.500E-01 5.700E+01 1.118E-02 3.500E-04 3.500E-04 1.270E-03 1.366E+00 1.000E+00
 7.500E-01 6.550E+01 1.097E-02 3.900E-04 3.900E-04 1.160E-03 1.361E+00 1.000E+00
 7.500E-01 7.500E+01 1.096E-02 4.300E-04 4.300E-04 1.010E-03 1.356E+00 1.000E+00
 7.500E-01 8.600E+01 9.930E-03 4.600E-04 4.600E-04 8.400E-04 1.351E+00 1.000E+00
 7.500E-01 9.900E+01 9.280E-03 4.800E-04 4.800E-04 6.800E-04 1.346E+00 1.000E+00
 7.500E-01 1.155E+02 8.210E-03 5.100E-04 5.100E-04 5.400E-04 1.340E+00 1.000E+00
 7.500E-01 1.375E+02 9.130E-03 5.700E-04 5.700E-04 4.900E-04 1.335E+00 1.000E+00
 7.500E-01 1.750E+02 8.340E-03 9.900E-04 9.800E-04 4.400E-04 1.327E+00 1.000E+00
 7.500E-01 2.300E+02 8.010E-03 1.310E-03 1.310E-03 2.900E-04 1.319E+00 1.000E+00
