 BCDMS F2 proton (CERN-EP 89-06)
 * comment
 * comment
 0.030 5 : normalization error, #_of_correlated_sys.err
 x        Q2     F2       i  StaErr SysErT SyErrU Cor-SysD1 SysD2 ... SysD5
 0.0700   7.50 0.40205   1.0 0.0062 0.0074 0.0000 -0.3 -0.1  0.1  1.5  1.0
 0.0700   8.75 0.39363   2.0 0.0055 0.0088 0.0000 -0.3 -0.1  1.3  1.5  1.0
 0.1000   7.50 0.38468   3.0 0.0043 0.0049 0.0000 -0.4 -0.3  0.3  0.5  1.0
 0.1000   8.75 0.38926   4.0 0.0036 0.0053 0.0000 -0.3 -0.2  0.7  0.5  1.0
 0.1000  10.25 0.38772   5.0 0.0037 0.0053 0.0000 -0.3 -0.1  0.7  0.5  1.0
 0.1400   8.75 0.37768   6.0 0.0039 0.0043 0.0000 -0.4 -0.3  0.2  0.0  1.0
 0.1400  10.25 0.37965   7.0 0.0040 0.0045 0.0000 -0.4 -0.3  0.4  0.0  1.0
 0.1400  11.75 0.37641   8.0 0.0043 0.0046 0.0000 -0.3 -0.2  0.6  0.0  1.0
 0.1400  13.25 0.37062   9.0 0.0047 0.0040 0.0000 -0.3 -0.2  0.2  0.0  1.0
 0.1400  15.00 0.37847  10.0 0.0049 0.0044 0.0000 -0.3 -0.1  0.5  0.0  1.0
 0.1800   8.75 0.36886  11.0 0.0049 0.0048 0.0000 -0.5 -0.4 -0.5  0.0  1.0
 0.1800  10.25 0.36592  12.0 0.0048 0.0041 0.0000 -0.4 -0.3  0.1  0.0  1.0
 0.1800  11.75 0.36670  13.0 0.0050 0.0042 0.0000 -0.4 -0.3  0.2  0.0  1.0
 0.1800  13.25 0.36497  14.0 0.0054 0.0044 0.0000 -0.4 -0.2  0.5  0.0  1.0
 0.1800  15.00 0.36523  15.0 0.0053 0.0040 0.0000 -0.3 -0.2  0.3  0.0  1.0
 0.1800  17.00 0.35727  16.0 0.0058 0.0038 0.0000 -0.3 -0.1 -0.2  0.0  1.0
 0.2250  10.25 0.34120  17.0 0.0048 0.0040 0.0000 -0.5 -0.3 -0.1  0.0  1.0
 0.2250  11.75 0.34635  18.0 0.0050 0.0039 0.0000 -0.4 -0.3  0.0  0.0  1.0
 0.2250  13.25 0.33805  19.0 0.0052 0.0037 0.0000 -0.4 -0.2  0.1  0.0  1.0
 0.2250  15.00 0.33659  20.0 0.0049 0.0037 0.0000 -0.4 -0.2 -0.1  0.0  1.0
 0.2250  17.00 0.32138  21.0 0.0052 0.0034 0.0000 -0.3 -0.1  0.2  0.0  1.0
 0.2250  19.00 0.32395  22.0 0.0058 0.0036 0.0000 -0.3 -0.1  0.4  0.0  1.0
 0.2250  21.50 0.31436  23.0 0.0056 0.0034 0.0000 -0.3 -0.1  0.3  0.0  1.0
 0.2250  24.50 0.32498  24.0 0.0053 0.0010 0.0000 -0.3  0.0 -0.1  0.0  0.0
 0.2250  28.00 0.31917  25.0 0.0054 0.0014 0.0000 -0.3  0.0  0.3  0.0  0.0
 0.2750  10.25 0.30476  26.0 0.0054 0.0052 0.0000 -0.4 -0.2 -1.3  0.0  1.0
 0.2750  11.75 0.29971  27.0 0.0055 0.0037 0.0000 -0.4 -0.2 -0.6  0.0  1.0
 0.2750  13.25 0.30213  28.0 0.0058 0.0034 0.0000 -0.4 -0.1 -0.3  0.0  1.0
 0.2750  15.00 0.30414  29.0 0.0053 0.0032 0.0000 -0.3 -0.1 -0.2  0.0  1.0
 0.2750  17.00 0.30467  30.0 0.0057 0.0032 0.0000 -0.3 -0.1 -0.1  0.0  1.0
 0.2750  19.00 0.29035  31.0 0.0059 0.0032 0.0000 -0.3  0.0 -0.3  0.0  1.0
 0.2750  21.50 0.29911  32.0 0.0056 0.0031 0.0000 -0.3  0.0 -0.1  0.0  1.0
 0.2750  24.50 0.28068  33.0 0.0050 0.0008 0.0000 -0.3  0.0  0.0  0.0  0.0
 0.2750  28.00 0.29223  34.0 0.0051 0.0015 0.0000 -0.3  0.0  0.4  0.0  0.0
 0.2750  32.50 0.28428  35.0 0.0048 0.0011 0.0000 -0.2  0.1  0.3  0.0  0.0
 0.2750  37.50 0.27224  36.0 0.0059 0.0008 0.0000 -0.2  0.1  0.2  0.0  0.0
 0.3500  11.75 0.24021  37.0 0.0043 0.0038 0.0000 -0.2  0.2 -1.2  0.0  1.0
 0.3500  13.25 0.23373  38.0 0.0043 0.0032 0.0000 -0.2  0.2 -0.9  0.0  1.0
 0.3500  15.00 0.23122  39.0 0.0038 0.0029 0.0000 -0.2  0.2 -0.7  0.0  1.0
 0.3500  17.00 0.23727  40.0 0.0041 0.0027 0.0000 -0.2  0.2 -0.5  0.0  1.0
 0.3500  19.00 0.22300  41.0 0.0042 0.0025 0.0000 -0.2  0.2 -0.4  0.0  1.0
 0.3500  21.50 0.23275  42.0 0.0039 0.0025 0.0000 -0.2  0.2 -0.2  0.0  1.0
 0.3500  24.50 0.22389  43.0 0.0028 0.0013 0.0000 -0.2  0.2 -0.3  0.0  0.4
 0.3500  28.00 0.22548  44.0 0.0035 0.0011 0.0000 -0.2  0.2 -0.4  0.0  0.0
 0.3500  32.50 0.22042  45.0 0.0032 0.0008 0.0000 -0.2  0.2  0.2  0.0  0.0
 0.3500  37.50 0.21929  46.0 0.0035 0.0007 0.0000 -0.2  0.2 -0.1  0.0  0.0
 0.3500  43.00 0.21644  47.0 0.0037 0.0006 0.0000 -0.2  0.2  0.0  0.0  0.0
 0.4500  11.75 0.16027  48.0 0.0041 0.0026 0.0000  0.4  1.2  0.2  0.0  1.0
 0.4500  13.25 0.15606  49.0 0.0043 0.0025 0.0000  0.3  1.1 -0.5  0.0  1.0
 0.4500  15.00 0.15503  50.0 0.0038 0.0024 0.0000  0.3  1.0 -0.6  0.0  1.0
 0.4500  17.00 0.15335  51.0 0.0040 0.0021 0.0000  0.2  0.9 -0.1  0.0  1.0
 0.4500  19.00 0.15573  52.0 0.0043 0.0021 0.0000  0.1  0.8  0.4  0.0  1.0
 0.4500  21.50 0.14488  53.0 0.0036 0.0019 0.0000  0.1  0.8 -0.4  0.0  1.0
 0.4500  24.50 0.14465  54.0 0.0026 0.0012 0.0000  0.0  0.7 -0.2  0.0  0.4
 0.4500  28.00 0.14024  55.0 0.0031 0.0009 0.0000  0.0  0.6 -0.3  0.0  0.0
 0.4500  32.50 0.14370  56.0 0.0028 0.0010 0.0000 -0.1  0.6 -0.4  0.0  0.0
 0.4500  37.50 0.14557  57.0 0.0031 0.0008 0.0000 -0.1  0.5 -0.2  0.0  0.0
 0.4500  43.00 0.14129  58.0 0.0031 0.0009 0.0000 -0.1  0.5 -0.4  0.0  0.0
 0.4500  49.50 0.13463  59.0 0.0031 0.0007 0.0000 -0.1  0.5 -0.2  0.0  0.0
 0.4500  57.00 0.13718  60.0 0.0036 0.0007 0.0000 -0.2  0.4 -0.2  0.0  0.0
 0.5500  11.75 0.09289  61.0 0.0032 0.0039 0.0000  1.6  3.1  2.1  0.0  1.0
 0.5500  13.25 0.08787  62.0 0.0033 0.0032 0.0000  1.4  2.8  1.5  0.0  1.0
 0.5500  15.00 0.09002  63.0 0.0031 0.0029 0.0000  1.2  2.5  1.2  0.0  1.0
 0.5500  17.00 0.08473  64.0 0.0031 0.0024 0.0000  1.0  2.3  0.8  0.0  1.0
 0.5500  19.00 0.08291  65.0 0.0032 0.0021 0.0000  0.8  2.1  0.6  0.0  1.0
 0.5500  21.50 0.08285  66.0 0.0029 0.0018 0.0000  0.7  1.8  0.3  0.0  1.0
 0.5500  24.50 0.08520  67.0 0.0021 0.0016 0.0000  0.5  1.7  0.6  0.0  0.4
 0.5500  28.00 0.08108  68.0 0.0020 0.0015 0.0000  0.4  1.5  0.8  0.0  0.4
 0.5500  32.50 0.08528  69.0 0.0024 0.0012 0.0000  0.3  1.3  0.5  0.0  0.0
 0.5500  37.50 0.08115  70.0 0.0025 0.0010 0.0000  0.2  1.2  0.2  0.0  0.0
 0.5500  43.00 0.08024  71.0 0.0025 0.0008 0.0000  0.1  1.0  0.0  0.0  0.0
 0.5500  49.50 0.07715  72.0 0.0025 0.0007 0.0000  0.0  0.9 -0.1  0.0  0.0
 0.5500  57.00 0.07418  73.0 0.0027 0.0007 0.0000  0.0  0.9 -0.1  0.0  0.0
 0.5500  65.50 0.07237  74.0 0.0029 0.0006 0.0000 -0.1  0.8 -0.2  0.0  0.0
 0.6500  13.25 0.04390  75.0 0.0019 0.0048 0.0000  3.4  6.0  8.4  0.0  1.0
 0.6500  15.00 0.04265  76.0 0.0017 0.0040 0.0000  3.0  5.4  7.1  0.0  1.0
 0.6500  17.00 0.04167  77.0 0.0018 0.0035 0.0000  2.6  4.8  6.3  0.0  1.0
 0.6500  19.00 0.04151  78.0 0.0020 0.0030 0.0000  2.2  4.4  5.2  0.0  1.0
 0.6500  21.50 0.04012  79.0 0.0018 0.0025 0.0000  1.8  3.9  4.4  0.0  1.0
 0.6500  24.50 0.04117  80.0 0.0012 0.0019 0.0000  1.5  3.5  2.8  0.0  0.3
 0.6500  28.00 0.03871  81.0 0.0012 0.0016 0.0000  1.3  3.1  2.6  0.0  0.3
 0.6500  32.50 0.03829  82.0 0.0014 0.0014 0.0000  1.0  2.7  2.1  0.0  0.0
 0.6500  37.50 0.03666  83.0 0.0016 0.0011 0.0000  0.8  2.4  1.5  0.0  0.0
 0.6500  43.00 0.03529  84.0 0.0017 0.0009 0.0000  0.6  2.1  1.1  0.0  0.0
 0.6500  49.50 0.03309  85.0 0.0017 0.0007 0.0000  0.4  1.9  0.8  0.0  0.0
 0.6500  57.00 0.03371  86.0 0.0018 0.0006 0.0000  0.3  1.7  0.6  0.0  0.0
 0.6500  65.50 0.02989  87.0 0.0019 0.0005 0.0000  0.2  1.5  0.5  0.0  0.0
 0.6500  75.00 0.03206  88.0 0.0022 0.0005 0.0000  0.1  1.4  0.3  0.0  0.0
 0.7500  24.50 0.01357  89.0 0.0006 0.0017 0.0000  4.0  7.6  8.8  0.0  0.0
 0.7500  28.00 0.01366  90.0 0.0007 0.0014 0.0000  3.3  6.7  7.2  0.0  0.0
 0.7500  32.50 0.01308  91.0 0.0007 0.0012 0.0000  2.7  5.9  6.4  0.0  0.0
 0.7500  37.50 0.01170  92.0 0.0007 0.0009 0.0000  2.2  5.2  5.1  0.0  0.0
 0.7500  43.00 0.01106  93.0 0.0008 0.0007 0.0000  1.8  4.6  4.6  0.0  0.0
 0.7500  49.50 0.01083  94.0 0.0008 0.0006 0.0000  1.4  4.0  3.7  0.0  0.0
 0.7500  57.00 0.01149  95.0 0.0010 0.0005 0.0000  1.1  3.6  2.5  0.0  0.0
 0.7500  65.50 0.00968  96.0 0.0010 0.0004 0.0000  0.8  3.2  2.1  0.0  0.0
 0.7500  75.00 0.01033  97.0 0.0012 0.0003 0.0000  0.6  2.8  1.7  0.0  0.0
 0.0700   8.75 0.38956  98.0 0.0060 0.0072 0.0000 -0.3 -0.1  0.3  1.5  1.0
 0.0700  10.25 0.38982  99.0 0.0062 0.0078 0.0000 -0.3 -0.1  0.8  1.5  1.0
 0.1000  10.25 0.39249 100.0 0.0046 0.0050 0.0000 -0.3 -0.2  0.5  0.5  1.0
 0.1000  11.75 0.39066 101.0 0.0049 0.0052 0.0000 -0.3 -0.2  0.6  0.5  1.0
 0.1000  13.25 0.39239 102.0 0.0053 0.0048 0.0000 -0.3 -0.1  0.4  0.5  1.0
 0.1400  11.75 0.38505 103.0 0.0057 0.0044 0.0000 -0.4 -0.3  0.2  0.0  1.0
 0.1400  13.25 0.37936 104.0 0.0059 0.0044 0.0000 -0.4 -0.2  0.4  0.0  1.0
 0.1400  15.00 0.37987 105.0 0.0057 0.0043 0.0000 -0.3 -0.2  0.4  0.0  1.0
 0.1400  17.00 0.37759 106.0 0.0064 0.0040 0.0000 -0.3 -0.1  0.2  0.0  1.0
 0.1400  19.00 0.36935 107.0 0.0070 0.0039 0.0000 -0.3 -0.1  0.0  0.0  1.0
 0.1800  11.75 0.36127 108.0 0.0069 0.0042 0.0000 -0.5 -0.3 -0.2  0.0  1.0
 0.1800  13.25 0.35757 109.0 0.0069 0.0040 0.0000 -0.4 -0.3  0.0  0.0  1.0
 0.1800  15.00 0.34979 110.0 0.0065 0.0039 0.0000 -0.4 -0.2  0.2  0.0  1.0
 0.1800  17.00 0.35267 111.0 0.0070 0.0039 0.0000 -0.3 -0.2  0.3  0.0  1.0
 0.1800  19.00 0.34847 112.0 0.0075 0.0038 0.0000 -0.3 -0.1  0.3  0.0  1.0
 0.1800  21.50 0.36087 113.0 0.0070 0.0039 0.0000 -0.3 -0.1  0.2  0.0  1.0
 0.1800  24.50 0.33792 114.0 0.0081 0.0035 0.0000 -0.3 -0.1  0.0  0.0  1.0
 0.2250  11.75 0.32331 115.0 0.0066 0.0038 0.0000 -0.5 -0.3  0.2  0.0  1.0
 0.2250  13.25 0.34116 116.0 0.0070 0.0039 0.0000 -0.4 -0.3  0.2  0.0  1.0
 0.2250  15.00 0.32619 117.0 0.0063 0.0036 0.0000 -0.4 -0.2  0.1  0.0  1.0
 0.2250  17.00 0.33525 118.0 0.0068 0.0037 0.0000 -0.4 -0.2  0.0  0.0  1.0
 0.2250  19.00 0.31776 119.0 0.0071 0.0034 0.0000 -0.3 -0.1  0.2  0.0  1.0
 0.2250  21.50 0.32585 120.0 0.0065 0.0036 0.0000 -0.3 -0.1  0.3  0.0  1.0
 0.2250  24.50 0.31622 121.0 0.0071 0.0033 0.0000 -0.3 -0.1  0.1  0.0  1.0
 0.2250  28.00 0.31632 122.0 0.0060 0.0013 0.0000 -0.3  0.0  0.3  0.0  0.0
 0.2250  32.50 0.32366 123.0 0.0059 0.0012 0.0000 -0.3  0.0  0.2  0.0  0.0
 0.2750  13.25 0.30080 124.0 0.0079 0.0034 0.0000 -0.4 -0.2  0.3  0.0  1.0
 0.2750  15.00 0.31145 125.0 0.0073 0.0039 0.0000 -0.4 -0.1  0.6  0.0  1.0
 0.2750  17.00 0.29635 126.0 0.0072 0.0032 0.0000 -0.3 -0.1  0.2  0.0  1.0
 0.2750  19.00 0.29636 127.0 0.0076 0.0034 0.0000 -0.3 -0.1  0.5  0.0  1.0
 0.2750  21.50 0.29332 128.0 0.0068 0.0031 0.0000 -0.3  0.0  0.0  0.0  1.0
 0.2750  24.50 0.28738 129.0 0.0049 0.0017 0.0000 -0.3  0.0  0.3  0.0  0.4
 0.2750  28.00 0.28549 130.0 0.0047 0.0015 0.0000 -0.3  0.0 -0.2  0.0  0.4
 0.2750  32.50 0.28478 131.0 0.0048 0.0011 0.0000 -0.3  0.0  0.1  0.0  0.2
 0.2750  37.50 0.28665 132.0 0.0062 0.0013 0.0000 -0.2  0.1  0.4  0.0  0.0
 0.2750  43.00 0.27188 133.0 0.0062 0.0017 0.0000 -0.2  0.1  0.6  0.0  0.0
 0.3500  13.25 0.23713 134.0 0.0060 0.0028 0.0000 -0.2  0.2  0.6  0.0  1.0
 0.3500  15.00 0.23446 135.0 0.0055 0.0028 0.0000 -0.2  0.2  0.6  0.0  1.0
 0.3500  17.00 0.23473 136.0 0.0053 0.0025 0.0000 -0.2  0.2  0.1  0.0  1.0
 0.3500  19.00 0.22939 137.0 0.0055 0.0026 0.0000 -0.2  0.2  0.4  0.0  1.0
 0.3500  21.50 0.22173 138.0 0.0047 0.0024 0.0000 -0.2  0.2 -0.3  0.0  1.0
 0.3500  24.50 0.23176 139.0 0.0035 0.0015 0.0000 -0.2  0.2  0.4  0.0  0.4
 0.3500  28.00 0.22638 140.0 0.0033 0.0013 0.0000 -0.2  0.2  0.3  0.0  0.4
 0.3500  32.50 0.22116 141.0 0.0032 0.0009 0.0000 -0.2  0.2  0.0  0.0  0.3
 0.3500  37.50 0.22210 142.0 0.0042 0.0006 0.0000 -0.2  0.2  0.0  0.0  0.0
 0.3500  43.00 0.21858 143.0 0.0042 0.0011 0.0000 -0.2  0.2  0.4  0.0  0.0
 0.3500  49.50 0.20928 144.0 0.0043 0.0006 0.0000 -0.2  0.2  0.1  0.0  0.0
 0.3500  57.00 0.21417 145.0 0.0050 0.0010 0.0000 -0.2  0.2  0.4  0.0  0.0
 0.4500  13.25 0.15964 146.0 0.0059 0.0028 0.0000  0.5  1.3  0.3  0.0  1.0
 0.4500  15.00 0.16152 147.0 0.0055 0.0026 0.0000  0.4  1.2 -0.3  0.0  1.0
 0.4500  17.00 0.15248 148.0 0.0053 0.0024 0.0000  0.3  1.1 -0.4  0.0  1.0
 0.4500  19.00 0.15384 149.0 0.0055 0.0024 0.0000  0.2  1.0  0.7  0.0  1.0
 0.4500  21.50 0.15355 150.0 0.0048 0.0021 0.0000  0.2  0.9  0.2  0.0  1.0
 0.4500  24.50 0.14984 151.0 0.0032 0.0013 0.0000  0.1  0.8  0.0  0.0  0.4
 0.4500  28.00 0.14605 152.0 0.0030 0.0013 0.0000  0.0  0.7  0.3  0.0  0.4
 0.4500  32.50 0.14605 153.0 0.0029 0.0010 0.0000  0.0  0.6 -0.1  0.0  0.3
 0.4500  37.50 0.14330 154.0 0.0032 0.0009 0.0000 -0.1  0.6 -0.1  0.0  0.2
 0.4500  43.00 0.14231 155.0 0.0037 0.0009 0.0000 -0.1  0.5  0.4  0.0  0.0
 0.4500  49.50 0.13745 156.0 0.0037 0.0008 0.0000 -0.1  0.5  0.3  0.0  0.0
 0.4500  57.00 0.13757 157.0 0.0039 0.0012 0.0000 -0.1  0.5  0.7  0.0  0.0
 0.4500  65.50 0.13481 158.0 0.0042 0.0007 0.0000 -0.2  0.4  0.2  0.0  0.0
 0.4500  75.00 0.12375 159.0 0.0048 0.0006 0.0000 -0.2  0.4  0.0  0.0  0.0
 0.5500  15.00 0.08496 160.0 0.0039 0.0033 0.0000  1.5  3.0  1.8  0.0  1.0
 0.5500  17.00 0.08002 161.0 0.0036 0.0028 0.0000  1.3  2.7  1.5  0.0  1.0
 0.5500  19.00 0.09077 162.0 0.0045 0.0026 0.0000  1.1  2.4  0.6  0.0  1.0
 0.5500  21.50 0.08541 163.0 0.0037 0.0023 0.0000  0.9  2.2  0.7  0.0  1.0
 0.5500  24.50 0.09161 164.0 0.0043 0.0021 0.0000  0.7  1.9  0.6  0.0  1.0
 0.5500  28.00 0.08160 165.0 0.0023 0.0016 0.0000  0.6  1.7  0.6  0.0  0.4
 0.5500  32.50 0.07931 166.0 0.0022 0.0013 0.0000  0.4  1.5  0.3  0.0  0.3
 0.5500  37.50 0.07870 167.0 0.0025 0.0012 0.0000  0.3  1.4  0.4  0.0  0.2
 0.5500  43.00 0.07629 168.0 0.0029 0.0010 0.0000  0.2  1.2  0.4  0.0  0.0
 0.5500  49.50 0.07905 169.0 0.0030 0.0009 0.0000  0.1  1.1  0.3  0.0  0.0
 0.5500  57.00 0.07485 170.0 0.0031 0.0008 0.0000  0.1  1.0  0.1  0.0  0.0
 0.5500  65.50 0.06696 171.0 0.0032 0.0006 0.0000  0.0  0.9  0.0  0.0  0.0
 0.5500  75.00 0.07074 172.0 0.0036 0.0006 0.0000 -0.1  0.8 -0.1  0.0  0.0
 0.5500  86.00 0.07066 173.0 0.0038 0.0005 0.0000 -0.1  0.7  0.2  0.0  0.0
 0.6500  17.00 0.04112 174.0 0.0021 0.0039 0.0000  3.2  5.7  6.9  0.0  1.0
 0.6500  19.00 0.04283 175.0 0.0024 0.0036 0.0000  2.8  5.2  5.9  0.0  1.0
 0.6500  21.50 0.04107 176.0 0.0022 0.0031 0.0000  2.4  4.6  5.5  0.0  1.0
 0.6500  24.50 0.03655 177.0 0.0023 0.0024 0.0000  2.0  4.1  4.6  0.0  1.0
 0.6500  28.00 0.03694 178.0 0.0023 0.0021 0.0000  1.7  3.7  3.8  0.0  1.0
 0.6500  32.50 0.03681 179.0 0.0014 0.0016 0.0000  1.3  3.2  2.8  0.0  0.3
 0.6500  37.50 0.04068 180.0 0.0017 0.0015 0.0000  1.1  2.8  2.2  0.0  0.2
 0.6500  43.00 0.03615 181.0 0.0018 0.0012 0.0000  0.9  2.5  1.8  0.0  0.0
 0.6500  49.50 0.03593 182.0 0.0020 0.0010 0.0000  0.7  2.2  1.5  0.0  0.0
 0.6500  57.00 0.03047 183.0 0.0019 0.0007 0.0000  0.5  2.0  1.1  0.0  0.0
 0.6500  65.50 0.03567 184.0 0.0023 0.0007 0.0000  0.3  1.8  1.0  0.0  0.0
 0.6500  75.00 0.03176 185.0 0.0024 0.0006 0.0000  0.2  1.6  0.8  0.0  0.0
 0.6500  86.00 0.03051 186.0 0.0025 0.0005 0.0000  0.1  1.4  0.9  0.0  0.0
 0.6500  99.00 0.03451 187.0 0.0030 0.0005 0.0000  0.0  1.3  0.6  0.0  0.0
 0.7500  32.50 0.01335 188.0 0.0008 0.0014 0.0000  3.5  7.0  7.5  0.0  0.0
 0.7500  37.50 0.01194 189.0 0.0008 0.0011 0.0000  2.9  6.1  6.8  0.0  0.0
 0.7500  43.00 0.01239 190.0 0.0009 0.0011 0.0000  2.4  5.4  6.1  0.0  0.0
 0.7500  49.50 0.01156 191.0 0.0010 0.0009 0.0000  1.9  4.8  5.4  0.0  0.0
 0.7500  57.00 0.01170 192.0 0.0011 0.0007 0.0000  1.5  4.2  4.6  0.0  0.0
 0.7500  65.50 0.01057 193.0 0.0012 0.0006 0.0000  1.2  3.7  4.1  0.0  0.0
 0.7500  75.00 0.00993 194.0 0.0012 0.0005 0.0000  0.9  3.3  3.0  0.0  0.0
 0.7500  86.00 0.00963 195.0 0.0013 0.0004 0.0000  0.6  2.9  2.6  0.0  0.0
 0.7500  99.00 0.00817 196.0 0.0013 0.0003 0.0000  0.4  2.6  2.0  0.0  0.0
 0.0700  17.00 0.41459 197.0 0.0054 0.0069 0.0000 -0.3 -0.1 -0.4  1.5  0.5
 0.0700  19.00 0.41972 198.0 0.0055 0.0070 0.0000 -0.2  0.0  0.5  1.5  0.5
 0.1000  19.00 0.40180 199.0 0.0041 0.0035 0.0000 -0.3 -0.1  0.4  0.5  0.5
 0.1000  21.50 0.40171 200.0 0.0032 0.0039 0.0000 -0.3 -0.1  0.6  0.5  0.5
 0.1000  24.50 0.40528 201.0 0.0035 0.0034 0.0000 -0.3 -0.1  0.3  0.5  0.5
 0.1400  21.50 0.38121 202.0 0.0036 0.0032 0.0000 -0.4 -0.2  0.5  0.0  0.5
 0.1400  24.50 0.38366 203.0 0.0038 0.0036 0.0000 -0.3 -0.2  0.7  0.0  0.5
 0.1400  28.00 0.37999 204.0 0.0037 0.0025 0.0000 -0.3 -0.1  0.3  0.0  0.5
 0.1400  32.50 0.37396 205.0 0.0036 0.0027 0.0000 -0.3 -0.1  0.4  0.0  0.5
 0.1800  21.50 0.35183 206.0 0.0042 0.0030 0.0000 -0.4 -0.3  0.5  0.0  0.5
 0.1800  24.50 0.36243 207.0 0.0044 0.0025 0.0000 -0.4 -0.2  0.2  0.0  0.5
 0.1800  28.00 0.36224 208.0 0.0042 0.0025 0.0000 -0.3 -0.2  0.3  0.0  0.5
 0.1800  32.50 0.35007 209.0 0.0029 0.0021 0.0000 -0.3 -0.1  0.4  0.0  0.3
 0.1800  37.50 0.34450 210.0 0.0031 0.0015 0.0000 -0.3 -0.1 -0.2  0.0  0.2
 0.1800  43.00 0.34801 211.0 0.0031 0.0013 0.0000 -0.3  0.0  0.1  0.0  0.2
 0.2250  28.00 0.32347 212.0 0.0039 0.0024 0.0000 -0.4 -0.2 -0.3  0.0  0.5
 0.2250  32.50 0.32855 213.0 0.0037 0.0021 0.0000 -0.3 -0.1  0.2  0.0  0.5
 0.2250  37.50 0.31485 214.0 0.0028 0.0012 0.0000 -0.3 -0.1 -0.1  0.0  0.2
 0.2250  43.00 0.31585 215.0 0.0027 0.0015 0.0000 -0.3  0.0  0.3  0.0  0.2
 0.2250  49.50 0.30939 216.0 0.0027 0.0019 0.0000 -0.3  0.0  0.5  0.0  0.2
 0.2250  57.00 0.31816 217.0 0.0037 0.0011 0.0000 -0.2  0.0  0.3  0.0  0.0
 0.2750  28.00 0.28872 218.0 0.0041 0.0019 0.0000 -0.3 -0.1  0.3  0.0  0.5
 0.2750  32.50 0.28319 219.0 0.0037 0.0020 0.0000 -0.3  0.0 -0.4  0.0  0.5
 0.2750  37.50 0.27997 220.0 0.0029 0.0012 0.0000 -0.3  0.0  0.0  0.0  0.3
 0.2750  43.00 0.27380 221.0 0.0027 0.0011 0.0000 -0.3  0.0 -0.2  0.0  0.2
 0.2750  49.50 0.27157 222.0 0.0027 0.0015 0.0000 -0.3  0.0  0.4  0.0  0.2
 0.2750  57.00 0.27491 223.0 0.0029 0.0011 0.0000 -0.3  0.1  0.1  0.0  0.2
 0.2750  65.50 0.27275 224.0 0.0036 0.0012 0.0000 -0.2  0.1  0.4  0.0  0.0
 0.2750  75.00 0.26446 225.0 0.0039 0.0019 0.0000 -0.2  0.1  0.7  0.0  0.0
 0.3500  32.50 0.22247 226.0 0.0028 0.0014 0.0000 -0.2  0.2 -0.2  0.0  0.5
 0.3500  37.50 0.22019 227.0 0.0021 0.0010 0.0000 -0.2  0.2  0.2  0.0  0.3
 0.3500  43.00 0.21710 228.0 0.0020 0.0011 0.0000 -0.2  0.2  0.4  0.0  0.2
 0.3500  49.50 0.21531 229.0 0.0020 0.0010 0.0000 -0.2  0.2  0.3  0.0  0.2
 0.3500  57.00 0.21488 230.0 0.0020 0.0013 0.0000 -0.2  0.2  0.5  0.0  0.2
 0.3500  65.50 0.20861 231.0 0.0021 0.0008 0.0000 -0.2  0.2 -0.2  0.0  0.1
 0.3500  75.00 0.20327 232.0 0.0026 0.0006 0.0000 -0.2  0.2  0.1  0.0  0.0
 0.3500  86.00 0.20739 233.0 0.0028 0.0014 0.0000 -0.2  0.2  0.6  0.0  0.0
 0.3500  99.00 0.20279 234.0 0.0030 0.0008 0.0000 -0.2  0.2  0.3  0.0  0.0
 0.4500  32.50 0.14306 235.0 0.0027 0.0018 0.0000  0.2  1.0  0.6  0.0  0.5
 0.4500  37.50 0.13699 236.0 0.0028 0.0015 0.0000  0.2  0.9  0.3  0.0  0.5
 0.4500  43.00 0.13886 237.0 0.0018 0.0013 0.0000  0.1  0.8  0.4  0.0  0.2
 0.4500  49.50 0.13693 238.0 0.0018 0.0010 0.0000  0.0  0.7  0.1  0.0  0.2
 0.4500  57.00 0.13616 239.0 0.0019 0.0010 0.0000  0.0  0.6 -0.3  0.0  0.2
 0.4500  65.50 0.13059 240.0 0.0018 0.0009 0.0000 -0.1  0.6  0.3  0.0  0.2
 0.4500  75.00 0.12772 241.0 0.0023 0.0007 0.0000 -0.1  0.5  0.2  0.0  0.0
 0.4500  86.00 0.13136 242.0 0.0024 0.0009 0.0000 -0.1  0.5  0.5  0.0  0.0
 0.4500  99.00 0.12791 243.0 0.0024 0.0007 0.0000 -0.1  0.5  0.0  0.0  0.0
 0.4500 115.50 0.12426 244.0 0.0024 0.0007 0.0000 -0.2  0.4  0.3  0.0  0.0
 0.5500  32.50 0.07735 245.0 0.0020 0.0027 0.0000  1.1  2.5  2.1  0.0  0.5
 0.5500  37.50 0.08022 246.0 0.0023 0.0024 0.0000  0.9  2.2  1.7  0.0  0.5
 0.5500  43.00 0.07595 247.0 0.0014 0.0018 0.0000  0.7  1.9  1.2  0.0  0.2
 0.5500  49.50 0.07563 248.0 0.0014 0.0016 0.0000  0.6  1.7  1.1  0.0  0.2
 0.5500  57.00 0.07595 249.0 0.0015 0.0013 0.0000  0.4  1.5  0.6  0.0  0.2
 0.5500  65.50 0.07098 250.0 0.0014 0.0010 0.0000  0.3  1.3  0.2  0.0  0.1
 0.5500  75.00 0.07032 251.0 0.0016 0.0009 0.0000  0.2  1.2  0.2  0.0  0.1
 0.5500  86.00 0.07313 252.0 0.0019 0.0009 0.0000  0.1  1.1  0.4  0.0  0.0
 0.5500  99.00 0.06700 253.0 0.0019 0.0007 0.0000  0.0  1.0  0.1  0.0  0.0
 0.5500 115.50 0.06536 254.0 0.0019 0.0006 0.0000  0.0  0.9  0.0  0.0  0.0
 0.5500 137.50 0.06655 255.0 0.0020 0.0006 0.0000 -0.1  0.8  0.3  0.0  0.0
 0.6500  32.50 0.03722 256.0 0.0012 0.0030 0.0000  2.8  5.3  5.2  0.0  0.5
 0.6500  37.50 0.03408 257.0 0.0013 0.0024 0.0000  2.4  4.6  4.9  0.0  0.5
 0.6500  43.00 0.03539 258.0 0.0008 0.0022 0.0000  1.9  4.1  4.1  0.0  0.1
 0.6500  49.50 0.03513 259.0 0.0008 0.0019 0.0000  1.6  3.6  3.6  0.0  0.1
 0.6500  57.00 0.03329 260.0 0.0009 0.0015 0.0000  1.3  3.2  2.7  0.0  0.1
 0.6500  65.50 0.03250 261.0 0.0009 0.0012 0.0000  1.1  2.8  1.9  0.0  0.1
 0.6500  75.00 0.03215 262.0 0.0010 0.0009 0.0000  0.8  2.5  1.2  0.0  0.1
 0.6500  86.00 0.03362 263.0 0.0013 0.0008 0.0000  0.6  2.2  0.9  0.0  0.0
 0.6500  99.00 0.03084 264.0 0.0013 0.0007 0.0000  0.5  2.0  1.0  0.0  0.0
 0.6500 115.50 0.02844 265.0 0.0013 0.0005 0.0000  0.3  1.7  0.7  0.0  0.0
 0.6500 137.50 0.02787 266.0 0.0013 0.0004 0.0000  0.1  1.5  0.4  0.0  0.0
 0.7500  43.00 0.01252 267.0 0.0004 0.0019 0.0000  4.8  9.0 11.0  0.0  0.0
 0.7500  49.50 0.01189 268.0 0.0004 0.0016 0.0000  4.1  7.9  9.9  0.0  0.0
 0.7500  57.00 0.01076 269.0 0.0005 0.0013 0.0000  3.4  7.0  9.2  0.0  0.0
 0.7500  65.50 0.01068 270.0 0.0005 0.0011 0.0000  2.8  6.1  8.4  0.0  0.0
 0.7500  75.00 0.01117 271.0 0.0006 0.0011 0.0000  2.4  5.4  7.8  0.0  0.0
 0.7500  86.00 0.01000 272.0 0.0006 0.0008 0.0000  1.8  4.8  6.6  0.0  0.0
 0.7500  99.00 0.00906 273.0 0.0006 0.0007 0.0000  1.5  4.2  5.9  0.0  0.0
 0.7500 115.50 0.00814 274.0 0.0006 0.0005 0.0000  1.1  3.7  4.8  0.0  0.0
 0.7500 137.50 0.00904 275.0 0.0007 0.0004 0.0000  0.7  3.2  3.7  0.0  0.0
 0.1000  32.50 0.40558 276.0 0.0057 0.0045 0.0000 -0.3 -0.1  0.8  0.5  0.5
 0.1000  37.50 0.40695 277.0 0.0065 0.0034 0.0000 -0.2  0.0  0.4  0.5  0.5
 0.1400  37.50 0.37701 278.0 0.0066 0.0029 0.0000 -0.3 -0.1  0.5  0.0  0.5
 0.1400  43.00 0.37628 279.0 0.0065 0.0027 0.0000 -0.3 -0.1  0.4  0.0  0.5
 0.1400  49.50 0.36420 280.0 0.0067 0.0026 0.0000 -0.3  0.0  0.4  0.0  0.5
 0.1400  57.00 0.38075 281.0 0.0083 0.0026 0.0000 -0.2  0.0  0.4  0.0  0.5
 0.1800  37.50 0.34807 282.0 0.0070 0.0024 0.0000 -0.4 -0.2 -0.2  0.0  0.5
 0.1800  43.00 0.36142 283.0 0.0070 0.0022 0.0000 -0.3 -0.1 -0.1  0.0  0.5
 0.1800  49.50 0.34020 284.0 0.0071 0.0021 0.0000 -0.3 -0.1  0.2  0.0  0.5
 0.1800  57.00 0.34527 285.0 0.0048 0.0014 0.0000 -0.3  0.0  0.2  0.0  0.2
 0.1800  65.50 0.34112 286.0 0.0051 0.0014 0.0000 -0.2  0.0  0.3  0.0  0.2
 0.2250  37.50 0.31280 287.0 0.0066 0.0024 0.0000 -0.4 -0.2 -0.4  0.0  0.5
 0.2250  43.00 0.30989 288.0 0.0063 0.0022 0.0000 -0.3 -0.1  0.4  0.0  0.5
 0.2250  49.50 0.31821 289.0 0.0066 0.0019 0.0000 -0.3 -0.1  0.1  0.0  0.5
 0.2250  57.00 0.31194 290.0 0.0044 0.0012 0.0000 -0.3  0.0  0.1  0.0  0.2
 0.2250  65.50 0.31557 291.0 0.0047 0.0013 0.0000 -0.3  0.0 -0.2  0.0  0.2
 0.2250  75.00 0.30609 292.0 0.0050 0.0011 0.0000 -0.3  0.0  0.0  0.0  0.2
 0.2250  86.00 0.30722 293.0 0.0054 0.0012 0.0000 -0.2  0.1  0.3  0.0  0.1
 0.2750  37.50 0.27435 294.0 0.0071 0.0018 0.0000 -0.3 -0.1 -0.3  0.0  0.5
 0.2750  43.00 0.27909 295.0 0.0066 0.0016 0.0000 -0.3  0.0  0.0  0.0  0.5
 0.2750  49.50 0.26720 296.0 0.0066 0.0018 0.0000 -0.3  0.0 -0.3  0.0  0.5
 0.2750  57.00 0.27580 297.0 0.0046 0.0017 0.0000 -0.3  0.0 -0.5  0.0  0.2
 0.2750  65.50 0.26187 298.0 0.0047 0.0014 0.0000 -0.3  0.0  0.4  0.0  0.2
 0.2750  75.00 0.27649 299.0 0.0052 0.0015 0.0000 -0.3  0.1  0.4  0.0  0.2
 0.2750  86.00 0.26182 300.0 0.0051 0.0008 0.0000 -0.2  0.1  0.0  0.0  0.2
 0.2750  99.00 0.26097 301.0 0.0064 0.0008 0.0000 -0.2  0.1 -0.2  0.0  0.0
 0.2750 115.50 0.26278 302.0 0.0070 0.0008 0.0000 -0.2  0.1 -0.2  0.0  0.0
 0.3500  43.00 0.20778 303.0 0.0047 0.0016 0.0000 -0.2  0.2 -0.5  0.0  0.5
 0.3500  49.50 0.21507 304.0 0.0048 0.0014 0.0000 -0.2  0.2 -0.3  0.0  0.5
 0.3500  57.00 0.21277 305.0 0.0033 0.0013 0.0000 -0.2  0.2 -0.5  0.0  0.2
 0.3500  65.50 0.20136 306.0 0.0033 0.0011 0.0000 -0.2  0.2 -0.4  0.0  0.2
 0.3500  75.00 0.20997 307.0 0.0036 0.0010 0.0000 -0.2  0.2 -0.3  0.0  0.2
 0.3500  86.00 0.20664 308.0 0.0036 0.0013 0.0000 -0.2  0.2 -0.5  0.0  0.2
 0.3500  99.00 0.20421 309.0 0.0038 0.0011 0.0000 -0.2  0.2 -0.4  0.0  0.2
 0.3500 115.50 0.20511 310.0 0.0044 0.0007 0.0000 -0.2  0.2 -0.2  0.0  0.0
 0.3500 137.50 0.20266 311.0 0.0048 0.0007 0.0000 -0.2  0.2 -0.2  0.0  0.0
 0.4500  43.00 0.12933 312.0 0.0044 0.0021 0.0000  0.3  1.1 -1.1  0.0  0.5
 0.4500  49.50 0.13784 313.0 0.0045 0.0022 0.0000  0.2  1.0 -1.1  0.0  0.5
 0.4500  57.00 0.13221 314.0 0.0030 0.0015 0.0000  0.1  0.9 -0.6  0.0  0.2
 0.4500  65.50 0.12880 315.0 0.0031 0.0012 0.0000  0.1  0.8 -0.4  0.0  0.2
 0.4500  75.00 0.13342 316.0 0.0033 0.0010 0.0000  0.0  0.7 -0.2  0.0  0.2
 0.4500  86.00 0.12682 317.0 0.0032 0.0009 0.0000  0.0  0.6 -0.4  0.0  0.2
 0.4500  99.00 0.13172 318.0 0.0034 0.0009 0.0000 -0.1  0.6 -0.2  0.0  0.2
 0.4500 115.50 0.12014 319.0 0.0033 0.0008 0.0000 -0.1  0.5 -0.4  0.0  0.1
 0.4500 137.50 0.11853 320.0 0.0039 0.0006 0.0000 -0.1  0.5 -0.1  0.0  0.0
 0.4500 175.00 0.11937 321.0 0.0037 0.0006 0.0000 -0.2  0.4 -0.2  0.0  0.0
 0.5500  43.00 0.07505 322.0 0.0035 0.0023 0.0000  1.2  2.7 -0.5  0.0  0.5
 0.5500  49.50 0.07682 323.0 0.0035 0.0021 0.0000  1.0  2.4 -0.6  0.0  0.5
 0.5500  57.00 0.07395 324.0 0.0022 0.0017 0.0000  0.8  2.1 -0.4  0.0  0.2
 0.5500  65.50 0.06999 325.0 0.0023 0.0014 0.0000  0.6  1.8 -0.4  0.0  0.2
 0.5500  75.00 0.07270 326.0 0.0026 0.0012 0.0000  0.5  1.6 -0.1  0.0  0.2
 0.5500  86.00 0.06756 327.0 0.0025 0.0011 0.0000  0.4  1.5  0.0  0.0  0.2
 0.5500  99.00 0.06957 328.0 0.0026 0.0009 0.0000  0.3  1.3  0.1  0.0  0.2
 0.5500 115.50 0.06786 329.0 0.0026 0.0008 0.0000  0.2  1.2 -0.1  0.0  0.1
 0.5500 137.50 0.07058 330.0 0.0032 0.0008 0.0000  0.1  1.0 -0.2  0.0  0.5
 0.5500 175.00 0.06013 331.0 0.0027 0.0006 0.0000 -0.1  0.9 -0.4  0.0  0.0
 0.5500 230.00 0.06133 332.0 0.0037 0.0005 0.0000 -0.1  0.7 -0.4  0.0  0.0
 0.6500  49.50 0.03372 333.0 0.0021 0.0022 0.0000  2.7  5.1  3.2  0.0  0.5
 0.6500  57.00 0.03360 334.0 0.0014 0.0019 0.0000  2.2  4.5  2.5  0.0  0.2
 0.6500  65.50 0.03078 335.0 0.0014 0.0014 0.0000  1.8  3.9  1.6  0.0  0.2
 0.6500  75.00 0.03237 336.0 0.0016 0.0013 0.0000  1.5  3.5  1.2  0.0  0.2
 0.6500  86.00 0.03092 337.0 0.0016 0.0011 0.0000  1.2  3.1  0.9  0.0  0.1
 0.6500  99.00 0.03184 338.0 0.0017 0.0009 0.0000  1.0  2.7  0.7  0.0  0.1
 0.6500 115.50 0.02902 339.0 0.0017 0.0008 0.0000  0.7  2.4  0.7  0.0  0.1
 0.6500 137.50 0.03164 340.0 0.0022 0.0007 0.0000  0.5  2.1  0.6  0.0  0.0
 0.6500 175.00 0.02729 341.0 0.0019 0.0005 0.0000  0.2  1.7  0.8  0.0  0.0
 0.6500 230.00 0.02975 342.0 0.0025 0.0005 0.0000  0.0  1.4  0.7  0.0  0.0
 0.7500  57.00 0.01165 343.0 0.0008 0.0019 0.0000  5.4  9.8 12.4  0.0  0.0
 0.7500  65.50 0.01225 344.0 0.0009 0.0018 0.0000  4.6  8.6 10.9  0.0  0.0
 0.7500  75.00 0.01111 345.0 0.0009 0.0014 0.0000  3.8  7.6  9.2  0.0  0.0
 0.7500  86.00 0.00985 346.0 0.0009 0.0011 0.0000  3.2  6.7  7.7  0.0  0.0
 0.7500  99.00 0.01010 347.0 0.0010 0.0009 0.0000  2.7  5.9  5.4  0.0  0.0
 0.7500 115.50 0.00833 348.0 0.0009 0.0006 0.0000  2.1  5.1  5.0  0.0  0.0
 0.7500 137.50 0.00926 349.0 0.0011 0.0006 0.0000  1.6  4.4  4.1  0.0  0.0
 0.7500 175.00 0.00833 350.0 0.0010 0.0004 0.0000  1.0  3.5  3.6  0.0  0.0
 0.7500 230.00 0.00799 351.0 0.0013 0.0003 0.0000  0.5  2.8  2.0  0.0  0.0
