 BCDMS F2 deuteron (CERN-EP 89-170)
 * comment
 * comment
 0.030 5 : normalization error, #_of_correlated_sys.err
 x        Q2     F2       i  StaErr SysErT SyErrU Cor-SysD1 SysD2 ... SysD5
 0.0700   8.75 0.38165   1.0 0.0067 0.0071 0.0000 -0.3 -0.1  0.3  1.5  1.0
 0.0700  10.25 0.38360   2.0 0.0064 0.0077 0.0000 -0.3 -0.1  0.8  1.5  1.0
 0.1000  10.25 0.36055   3.0 0.0045 0.0047 0.0000 -0.4 -0.2  0.5  0.5  1.0
 0.1000  11.75 0.36655   4.0 0.0048 0.0049 0.0000 -0.4 -0.1  0.6  0.5  1.0
 0.1000  13.25 0.36055   5.0 0.0051 0.0044 0.0000 -0.3 -0.1  0.4  0.5  1.0
 0.1400  11.75 0.33304   6.0 0.0051 0.0038 0.0000 -0.5 -0.2  0.2  0.0  1.0
 0.1400  13.25 0.34403   7.0 0.0055 0.0040 0.0000 -0.4 -0.2  0.4  0.0  1.0
 0.1400  15.00 0.33974   8.0 0.0051 0.0039 0.0000 -0.4 -0.1  0.4  0.0  1.0
 0.1400  17.00 0.33773   9.0 0.0056 0.0037 0.0000 -0.4 -0.1  0.2  0.0  1.0
 0.1400  19.00 0.34631  10.0 0.0065 0.0036 0.0000 -0.3 -0.1  0.0  0.0  1.0
 0.1800  11.75 0.31578  11.0 0.0060 0.0037 0.0000 -0.5 -0.3 -0.2  0.0  1.0
 0.1800  13.25 0.31458  12.0 0.0061 0.0036 0.0000 -0.5 -0.2  0.0  0.0  1.0
 0.1800  15.00 0.30259  13.0 0.0055 0.0034 0.0000 -0.4 -0.2  0.2  0.0  1.0
 0.1800  17.00 0.30863  14.0 0.0062 0.0035 0.0000 -0.4 -0.1  0.3  0.0  1.0
 0.1800  19.00 0.31282  15.0 0.0068 0.0035 0.0000 -0.4 -0.1  0.3  0.0  1.0
 0.1800  21.50 0.29966  16.0 0.0060 0.0032 0.0000 -0.3 -0.1  0.2  0.0  1.0
 0.1800  24.50 0.29859  17.0 0.0073 0.0031 0.0000 -0.3  0.0  0.0  0.0  1.0
 0.2250  11.75 0.27821  18.0 0.0056 0.0032 0.0000 -0.5 -0.2  0.2  0.0  1.0
 0.2250  13.25 0.28755  19.0 0.0060 0.0033 0.0000 -0.5 -0.2  0.2  0.0  1.0
 0.2250  15.00 0.27928  20.0 0.0054 0.0031 0.0000 -0.4 -0.2  0.1  0.0  1.0
 0.2250  17.00 0.27217  21.0 0.0056 0.0029 0.0000 -0.4 -0.1  0.0  0.0  1.0
 0.2250  19.00 0.27346  22.0 0.0062 0.0030 0.0000 -0.4 -0.1  0.2  0.0  1.0
 0.2250  21.50 0.27142  23.0 0.0056 0.0030 0.0000 -0.4 -0.1  0.3  0.0  1.0
 0.2250  24.50 0.26840  24.0 0.0063 0.0028 0.0000 -0.3  0.0  0.1  0.0  1.0
 0.2250  28.00 0.26202  25.0 0.0056 0.0011 0.0000 -0.3  0.0  0.3  0.0  0.0
 0.2250  32.50 0.26189  26.0 0.0056 0.0009 0.0000 -0.3  0.0  0.2  0.0  0.0
 0.2750  13.25 0.25894  27.0 0.0063 0.0029 0.0000 -0.4 -0.1  0.3  0.0  1.0
 0.2750  15.00 0.24846  28.0 0.0054 0.0032 0.0000 -0.4  0.0  0.7  0.0  1.0
 0.2750  17.00 0.23970  29.0 0.0057 0.0026 0.0000 -0.4  0.0  0.2  0.0  1.0
 0.2750  19.00 0.23833  30.0 0.0063 0.0028 0.0000 -0.4  0.0  0.5  0.0  1.0
 0.2750  21.50 0.23372  31.0 0.0055 0.0024 0.0000 -0.3  0.0  0.0  0.0  1.0
 0.2750  24.50 0.23571  32.0 0.0044 0.0014 0.0000 -0.3  0.0  0.3  0.0  0.4
 0.2750  28.00 0.23538  33.0 0.0041 0.0013 0.0000 -0.3  0.1 -0.2  0.0  0.4
 0.2750  32.50 0.23041  34.0 0.0043 0.0009 0.0000 -0.3  0.1  0.1  0.0  0.2
 0.2750  37.50 0.22231  35.0 0.0057 0.0011 0.0000 -0.3  0.1  0.4  0.0  0.0
 0.2750  43.00 0.22061  36.0 0.0059 0.0017 0.0000 -0.3  0.1  0.7  0.0  0.0
 0.3500  13.25 0.18309  37.0 0.0042 0.0024 0.0000 -0.1  0.4  0.7  0.0  1.0
 0.3500  15.00 0.18897  38.0 0.0039 0.0024 0.0000 -0.2  0.3  0.7  0.0  1.0
 0.3500  17.00 0.17921  39.0 0.0040 0.0019 0.0000 -0.2  0.3  0.1  0.0  1.0
 0.3500  19.00 0.17414  40.0 0.0042 0.0020 0.0000 -0.2  0.3  0.4  0.0  1.0
 0.3500  21.50 0.18573  41.0 0.0039 0.0021 0.0000 -0.2  0.3 -0.3  0.0  1.0
 0.3500  24.50 0.17887  42.0 0.0029 0.0013 0.0000 -0.2  0.3  0.5  0.0  0.4
 0.3500  28.00 0.17794  43.0 0.0027 0.0011 0.0000 -0.2  0.3  0.3  0.0  0.4
 0.3500  32.50 0.17747  44.0 0.0028 0.0020 0.0000 -0.2  0.3  0.0  1.0  0.3
 0.3500  37.50 0.17344  45.0 0.0037 0.0005 0.0000 -0.2  0.2  0.0  0.0  0.0
 0.3500  43.00 0.17070  46.0 0.0037 0.0010 0.0000 -0.2  0.2  0.5  0.0  0.0
 0.3500  49.50 0.16729  47.0 0.0038 0.0005 0.0000 -0.2  0.2  0.1  0.0  0.0
 0.3500  57.00 0.16445  48.0 0.0044 0.0009 0.0000 -0.2  0.2  0.5  0.0  0.0
 0.4500  13.25 0.12077  49.0 0.0040 0.0024 0.0000  0.7  1.5  0.3  0.0  1.0
 0.4500  15.00 0.11864  50.0 0.0036 0.0022 0.0000  0.6  1.4 -0.3  0.0  1.0
 0.4500  17.00 0.12121  51.0 0.0039 0.0020 0.0000  0.4  1.2 -0.5  0.0  1.0
 0.4500  19.00 0.11297  52.0 0.0040 0.0019 0.0000  0.3  1.1  0.8  0.0  1.0
 0.4500  21.50 0.11777  53.0 0.0037 0.0017 0.0000  0.3  1.0  0.2  0.0  1.0
 0.4500  24.50 0.10969  54.0 0.0025 0.0011 0.0000  0.2  0.9  0.0  0.0  0.4
 0.4500  28.00 0.10940  55.0 0.0023 0.0010 0.0000  0.1  0.8  0.3  0.0  0.4
 0.4500  32.50 0.10935  56.0 0.0023 0.0008 0.0000  0.0  0.7 -0.1  0.0  0.3
 0.4500  37.50 0.10882  57.0 0.0027 0.0008 0.0000  0.0  0.7 -0.1  0.0  0.2
 0.4500  43.00 0.10567  58.0 0.0030 0.0008 0.0000 -0.1  0.6  0.5  0.0  0.0
 0.4500  49.50 0.09836  59.0 0.0030 0.0006 0.0000 -0.1  0.5  0.4  0.0  0.0
 0.4500  57.00 0.10376  60.0 0.0034 0.0010 0.0000 -0.2  0.5  0.8  0.0  0.0
 0.4500  65.50 0.09801  61.0 0.0035 0.0006 0.0000 -0.2  0.5  0.2  0.0  0.0
 0.4500  75.00 0.09714  62.0 0.0042 0.0004 0.0000 -0.2  0.4  0.0  0.0  0.0
 0.5500  15.00 0.05873  63.0 0.0024 0.0027 0.0000  2.0  3.4  2.1  0.0  1.0
 0.5500  17.00 0.05719  64.0 0.0026 0.0023 0.0000  1.7  3.0  1.8  0.0  1.0
 0.5500  19.00 0.06293  65.0 0.0030 0.0021 0.0000  1.4  2.7  0.7  0.0  1.0
 0.5500  21.50 0.05927  66.0 0.0026 0.0018 0.0000  1.2  2.4  0.8  0.0  1.0
 0.5500  24.50 0.05603  67.0 0.0028 0.0015 0.0000  1.0  2.1  0.7  0.0  1.0
 0.5500  28.00 0.05914  68.0 0.0017 0.0013 0.0000  0.8  1.9  0.7  0.0  0.4
 0.5500  32.50 0.05680  69.0 0.0017 0.0010 0.0000  0.6  1.6  0.4  0.0  0.3
 0.5500  37.50 0.05526  70.0 0.0019 0.0009 0.0000  0.4  1.4  0.5  0.0  0.2
 0.5500  43.00 0.05607  71.0 0.0023 0.0008 0.0000  0.3  1.3  0.5  0.0  0.0
 0.5500  49.50 0.05516  72.0 0.0024 0.0007 0.0000  0.2  1.1  0.4  0.0  0.0
 0.5500  57.00 0.04991  73.0 0.0024 0.0005 0.0000  0.1  1.0  0.1  0.0  0.0
 0.5500  65.50 0.05210  74.0 0.0027 0.0005 0.0000  0.0  0.9  0.0  0.0  0.0
 0.5500  75.00 0.05026  75.0 0.0029 0.0004 0.0000 -0.1  0.8 -0.1  0.0  0.0
 0.5500  86.00 0.04732  76.0 0.0030 0.0004 0.0000 -0.1  0.8  0.2  0.0  0.0
 0.6500  17.00 0.02809  77.0 0.0015 0.0032 0.0000  4.0  6.3  8.6  0.0  1.0
 0.6500  19.00 0.02872  78.0 0.0018 0.0028 0.0000  3.5  5.6  7.3  0.0  1.0
 0.6500  21.50 0.02676  79.0 0.0015 0.0024 0.0000  3.0  5.0  6.8  0.0  1.0
 0.6500  24.50 0.02864  80.0 0.0018 0.0022 0.0000  2.5  4.4  5.7  0.0  1.0
 0.6500  28.00 0.02373  81.0 0.0016 0.0016 0.0000  2.1  3.9  4.7  0.0  1.0
 0.6500  32.50 0.02464  82.0 0.0010 0.0013 0.0000  1.7  3.4  3.4  0.0  0.3
 0.6500  37.50 0.02526  83.0 0.0012 0.0011 0.0000  1.4  2.9  2.7  0.0  0.2
 0.6500  43.00 0.02666  84.0 0.0015 0.0010 0.0000  1.1  2.6  2.2  0.0  0.0
 0.6500  49.50 0.02457  85.0 0.0016 0.0007 0.0000  0.8  2.3  1.8  0.0  0.0
 0.6500  57.00 0.02305  86.0 0.0016 0.0006 0.0000  0.6  2.0  1.3  0.0  0.0
 0.6500  65.50 0.02072  87.0 0.0017 0.0005 0.0000  0.4  1.8  1.2  0.0  0.0
 0.6500  75.00 0.02507  88.0 0.0021 0.0005 0.0000  0.3  1.6  1.0  0.0  0.0
 0.6500  86.00 0.01941  89.0 0.0020 0.0003 0.0000  0.1  1.4  1.1  0.0  0.0
 0.6500  99.00 0.02352  90.0 0.0024 0.0003 0.0000  0.0  1.3  0.7  0.0  0.0
 0.7500  32.50 0.00868  91.0 0.0005 0.0011 0.0000  4.0  6.9  9.4  0.0  0.0
 0.7500  37.50 0.00986  92.0 0.0007 0.0011 0.0000  3.3  6.0  8.4  0.0  0.0
 0.7500  43.00 0.00802  93.0 0.0007 0.0008 0.0000  2.7  5.2  7.5  0.0  0.0
 0.7500  49.50 0.00863  94.0 0.0008 0.0007 0.0000  2.2  4.6  6.6  0.0  0.0
 0.7500  57.00 0.00879  95.0 0.0009 0.0006 0.0000  1.7  4.0  5.5  0.0  0.0
 0.7500  65.50 0.00788  96.0 0.0010 0.0005 0.0000  1.3  3.5  4.9  0.0  0.0
 0.7500  75.00 0.00779  97.0 0.0011 0.0004 0.0000  1.0  3.1  3.5  0.0  0.0
 0.7500  86.00 0.00711  98.0 0.0012 0.0003 0.0000  0.7  2.7  3.0  0.0  0.0
 0.7500  99.00 0.00656  99.0 0.0012 0.0002 0.0000  0.4  2.4  2.3  0.0  0.0
 0.0700  17.00 0.39517 100.0 0.0072 0.0066 0.0000 -0.3 -0.1 -0.4  1.5  0.5
 0.0700  19.00 0.38663 101.0 0.0064 0.0065 0.0000 -0.3  0.0  0.5  1.5  0.5
 0.1000  19.00 0.36425 102.0 0.0048 0.0033 0.0000 -0.4 -0.1  0.4  0.5  0.5
 0.1000  21.50 0.37191 103.0 0.0040 0.0036 0.0000 -0.3 -0.1  0.6  0.5  0.5
 0.1000  24.50 0.36414 104.0 0.0043 0.0030 0.0000 -0.3 -0.1  0.3  0.5  0.5
 0.1400  21.50 0.33812 105.0 0.0044 0.0028 0.0000 -0.4 -0.2  0.5  0.0  0.5
 0.1400  24.50 0.34444 106.0 0.0046 0.0033 0.0000 -0.4 -0.1  0.7  0.0  0.5
 0.1400  28.00 0.33278 107.0 0.0043 0.0024 0.0000 -0.4 -0.1  0.3  0.0  0.5
 0.1400  32.50 0.32780 108.0 0.0043 0.0023 0.0000 -0.3  0.0  0.4  0.0  0.5
 0.1800  21.50 0.30303 109.0 0.0049 0.0027 0.0000 -0.5 -0.2  0.5  0.0  0.5
 0.1800  24.50 0.30320 110.0 0.0050 0.0021 0.0000 -0.4 -0.2  0.2  0.0  0.5
 0.1800  28.00 0.30764 111.0 0.0047 0.0022 0.0000 -0.4 -0.1  0.3  0.0  0.5
 0.1800  32.50 0.30751 112.0 0.0037 0.0020 0.0000 -0.4 -0.1  0.4  0.0  0.3
 0.1800  37.50 0.29877 113.0 0.0038 0.0012 0.0000 -0.3  0.0 -0.2  0.0  0.2
 0.1800  43.00 0.29948 114.0 0.0038 0.0011 0.0000 -0.3  0.0  0.1  0.0  0.2
 0.2250  28.00 0.27651 115.0 0.0044 0.0020 0.0000 -0.4 -0.1 -0.3  0.0  0.5
 0.2250  32.50 0.26586 116.0 0.0042 0.0018 0.0000 -0.4 -0.1  0.2  0.0  0.5
 0.2250  37.50 0.26808 117.0 0.0034 0.0012 0.0000 -0.4  0.0 -0.1  0.0  0.2
 0.2250  43.00 0.26686 118.0 0.0033 0.0013 0.0000 -0.3  0.0  0.3  0.0  0.2
 0.2250  49.50 0.25931 119.0 0.0034 0.0016 0.0000 -0.3  0.0  0.5  0.0  0.2
 0.2250  57.00 0.24941 120.0 0.0044 0.0011 0.0000 -0.3  0.1  0.3  0.0  0.0
 0.2750  28.00 0.24560 121.0 0.0046 0.0017 0.0000 -0.4  0.0  0.3  0.0  0.5
 0.2750  32.50 0.23751 122.0 0.0043 0.0017 0.0000 -0.3  0.0 -0.4  0.0  0.5
 0.2750  37.50 0.22324 123.0 0.0033 0.0010 0.0000 -0.3  0.1  0.0  0.0  0.3
 0.2750  43.00 0.22426 124.0 0.0032 0.0010 0.0000 -0.3  0.1 -0.2  0.0  0.2
 0.2750  49.50 0.22357 125.0 0.0033 0.0012 0.0000 -0.3  0.1  0.4  0.0  0.2
 0.2750  57.00 0.21954 126.0 0.0035 0.0009 0.0000 -0.3  0.1  0.1  0.0  0.2
 0.2750  65.50 0.22581 127.0 0.0046 0.0012 0.0000 -0.3  0.1  0.4  0.0  0.0
 0.2750  75.00 0.21139 128.0 0.0047 0.0018 0.0000 -0.3  0.1  0.8  0.0  0.0
 0.3500  32.50 0.18002 129.0 0.0030 0.0012 0.0000 -0.2  0.3 -0.2  0.0  0.5
 0.3500  37.50 0.17061 130.0 0.0022 0.0009 0.0000 -0.2  0.3  0.2  0.0  0.3
 0.3500  43.00 0.17128 131.0 0.0022 0.0011 0.0000 -0.2  0.3  0.5  0.0  0.2
 0.3500  49.50 0.16784 132.0 0.0022 0.0009 0.0000 -0.2  0.3  0.3  0.0  0.2
 0.3500  57.00 0.16677 133.0 0.0023 0.0012 0.0000 -0.2  0.3  0.6  0.0  0.2
 0.3500  65.50 0.16136 134.0 0.0024 0.0007 0.0000 -0.2  0.3 -0.2  0.0  0.1
 0.3500  75.00 0.16098 135.0 0.0030 0.0006 0.0000 -0.2  0.3  0.1  0.0  0.0
 0.3500  86.00 0.16179 136.0 0.0032 0.0013 0.0000 -0.2  0.3  0.7  0.0  0.0
 0.3500  99.00 0.15136 137.0 0.0034 0.0007 0.0000 -0.2  0.3  0.3  0.0  0.0
 0.4500  32.50 0.10628 138.0 0.0027 0.0015 0.0000  0.3  1.1  0.7  0.0  0.5
 0.4500  37.50 0.10404 139.0 0.0029 0.0012 0.0000  0.2  1.0  0.3  0.0  0.5
 0.4500  43.00 0.10582 140.0 0.0019 0.0011 0.0000  0.2  0.9  0.5  0.0  0.2
 0.4500  49.50 0.10359 141.0 0.0019 0.0009 0.0000  0.1  0.8  0.1  0.0  0.2
 0.4500  57.00 0.10345 142.0 0.0020 0.0009 0.0000  0.0  0.7 -0.4  0.0  0.2
 0.4500  65.50 0.10068 143.0 0.0021 0.0008 0.0000  0.0  0.6  0.4  0.0  0.2
 0.4500  75.00 0.09958 144.0 0.0026 0.0006 0.0000 -0.1  0.6  0.2  0.0  0.0
 0.4500  86.00 0.09540 145.0 0.0026 0.0008 0.0000 -0.1  0.5  0.6  0.0  0.0
 0.4500  99.00 0.09126 146.0 0.0027 0.0005 0.0000 -0.2  0.5  0.0  0.0  0.0
 0.4500 115.50 0.09271 147.0 0.0027 0.0006 0.0000 -0.2  0.5  0.4  0.0  0.0
 0.5500  32.50 0.05387 148.0 0.0019 0.0021 0.0000  1.4  2.7  2.5  0.0  0.5
 0.5500  37.50 0.05323 149.0 0.0021 0.0017 0.0000  1.1  2.3  2.0  0.0  0.5
 0.5500  43.00 0.05352 150.0 0.0013 0.0014 0.0000  0.9  2.1  1.4  0.0  0.2
 0.5500  49.50 0.05289 151.0 0.0014 0.0012 0.0000  0.7  1.8  1.3  0.0  0.2
 0.5500  57.00 0.05382 152.0 0.0015 0.0010 0.0000  0.5  1.6  0.7  0.0  0.2
 0.5500  65.50 0.05231 153.0 0.0015 0.0008 0.0000  0.4  1.4  0.2  0.0  0.1
 0.5500  75.00 0.05231 154.0 0.0017 0.0007 0.0000  0.3  1.3  0.2  0.0  0.1
 0.5500  86.00 0.04929 155.0 0.0020 0.0006 0.0000  0.2  1.1  0.5  0.0  0.0
 0.5500  99.00 0.05107 156.0 0.0021 0.0005 0.0000  0.1  1.0  0.1  0.0  0.0
 0.5500 115.50 0.05010 157.0 0.0022 0.0005 0.0000  0.0  0.9  0.0  0.0  0.0
 0.5500 137.50 0.04591 158.0 0.0021 0.0004 0.0000 -0.1  0.8  0.4  0.0  0.0
 0.6500  32.50 0.02539 159.0 0.0012 0.0023 0.0000  3.4  5.6  6.4  0.0  0.5
 0.6500  37.50 0.02533 160.0 0.0013 0.0021 0.0000  2.9  4.8  6.0  0.0  0.5
 0.6500  43.00 0.02318 161.0 0.0007 0.0016 0.0000  2.4  4.2  5.0  0.0  0.1
 0.6500  49.50 0.02471 162.0 0.0008 0.0015 0.0000  2.0  3.7  4.4  0.0  0.1
 0.6500  57.00 0.02321 163.0 0.0009 0.0011 0.0000  1.6  3.2  3.3  0.0  0.1
 0.6500  65.50 0.02272 164.0 0.0009 0.0009 0.0000  1.3  2.8  2.3  0.0  0.1
 0.6500  75.00 0.02199 165.0 0.0010 0.0007 0.0000  1.0  2.5  1.4  0.0  0.1
 0.6500  86.00 0.02057 166.0 0.0012 0.0005 0.0000  0.8  2.2  1.1  0.0  0.0
 0.6500  99.00 0.02150 167.0 0.0014 0.0005 0.0000  0.5  1.9  1.2  0.0  0.0
 0.6500 115.50 0.02005 168.0 0.0014 0.0004 0.0000  0.3  1.7  0.8  0.0  0.0
 0.6500 137.50 0.01954 169.0 0.0015 0.0003 0.0000  0.2  1.5  0.5  0.0  0.0
 0.7500  43.00 0.00935 170.0 0.0005 0.0016 0.0000  5.4  8.7 13.5  0.0  0.0
 0.7500  49.50 0.00936 171.0 0.0005 0.0014 0.0000  4.5  7.6 12.0  0.0  0.0
 0.7500  57.00 0.00831 172.0 0.0005 0.0011 0.0000  3.8  6.6 11.1  0.0  0.0
 0.7500  65.50 0.00765 173.0 0.0006 0.0009 0.0000  3.1  5.8 10.0  0.0  0.0
 0.7500  75.00 0.00804 174.0 0.0006 0.0009 0.0000  2.5  5.0  9.2  0.0  0.0
 0.7500  86.00 0.00721 175.0 0.0006 0.0007 0.0000  2.0  4.4  7.7  0.0  0.0
 0.7500  99.00 0.00859 176.0 0.0008 0.0007 0.0000  1.6  3.9  6.8  0.0  0.0
 0.7500 115.50 0.00675 177.0 0.0007 0.0004 0.0000  1.2  3.3  5.5  0.0  0.0
 0.7500 137.50 0.00664 178.0 0.0008 0.0003 0.0000  0.8  2.9  4.2  0.0  0.0
 0.1000  32.50 0.37969 179.0 0.0076 0.0054 0.0000 -0.3 -0.1  0.8  0.5  1.0
 0.1000  37.50 0.37547 180.0 0.0084 0.0046 0.0000 -0.3  0.0  0.4  0.5  1.0
 0.1400  37.50 0.33370 181.0 0.0084 0.0040 0.0000 -0.4 -0.1  0.5  0.0  1.0
 0.1400  43.00 0.33244 182.0 0.0083 0.0037 0.0000 -0.3 -0.1  0.4  0.0  1.0
 0.1400  49.50 0.33497 183.0 0.0088 0.0037 0.0000 -0.3  0.0  0.4  0.0  1.0
 0.1400  57.00 0.32518 184.0 0.0103 0.0036 0.0000 -0.3  0.0  0.4  0.0  1.0
 0.1800  37.50 0.30046 185.0 0.0087 0.0033 0.0000 -0.4 -0.1 -0.2  0.0  1.0
 0.1800  43.00 0.31355 186.0 0.0088 0.0034 0.0000 -0.4 -0.1 -0.1  0.0  1.0
 0.1800  49.50 0.31585 187.0 0.0093 0.0034 0.0000 -0.3  0.0  0.2  0.0  1.0
 0.1800  57.00 0.29215 188.0 0.0064 0.0016 0.0000 -0.3  0.0  0.2  0.0  0.4
 0.1800  65.50 0.29697 189.0 0.0069 0.0017 0.0000 -0.3  0.0  0.3  0.0  0.4
 0.2250  37.50 0.25963 190.0 0.0079 0.0030 0.0000 -0.4 -0.1 -0.4  0.0  1.0
 0.2250  43.00 0.26822 191.0 0.0079 0.0031 0.0000 -0.4 -0.1  0.4  0.0  1.0
 0.2250  49.50 0.27849 192.0 0.0083 0.1114 0.0000 -0.4  0.0  0.1 40.0  1.0
 0.2250  57.00 0.25793 193.0 0.0059 0.0013 0.0000 -0.3  0.0  0.1  0.0  0.4
 0.2250  65.50 0.25211 194.0 0.0060 0.0014 0.0000 -0.3  0.0 -0.2  0.0  0.4
 0.2250  75.00 0.25361 195.0 0.0065 0.0011 0.0000 -0.3  0.1  0.0  0.0  0.3
 0.2250  86.00 0.25124 196.0 0.0071 0.0012 0.0000 -0.3  0.1  0.3  0.0  0.2
 0.2750  37.50 0.21193 197.0 0.0080 0.0024 0.0000 -0.4  0.0 -0.3  0.0  1.0
 0.2750  43.00 0.23198 198.0 0.0082 0.0024 0.0000 -0.3  0.0  0.0  0.0  1.0
 0.2750  49.50 0.22207 199.0 0.0082 0.0024 0.0000 -0.3  0.1 -0.3  0.0  1.0
 0.2750  57.00 0.21255 200.0 0.0057 0.0017 0.0000 -0.3  0.1 -0.6  0.0  0.4
 0.2750  65.50 0.22518 201.0 0.0063 0.0015 0.0000 -0.3  0.1  0.4  0.0  0.4
 0.2750  75.00 0.20527 202.0 0.0062 0.0013 0.0000 -0.3  0.1  0.4  0.0  0.4
 0.2750  86.00 0.21299 203.0 0.0066 0.0009 0.0000 -0.3  0.1  0.0  0.0  0.3
 0.2750  99.00 0.21647 204.0 0.0087 0.0008 0.0000 -0.3  0.1 -0.2  0.0  0.0
 0.2750 115.50 0.20187 205.0 0.0093 0.0008 0.0000 -0.3  0.2 -0.2  0.0  0.0
 0.3500  43.00 0.17518 206.0 0.0059 0.0022 0.0000 -0.2  0.4 -0.6  0.0  1.0
 0.3500  49.50 0.17219 207.0 0.0058 0.0019 0.0000 -0.2  0.3 -0.3  0.0  1.0
 0.3500  57.00 0.16241 208.0 0.0040 0.0013 0.0000 -0.2  0.3 -0.6  0.0  0.4
 0.3500  65.50 0.16573 209.0 0.0042 0.0012 0.0000 -0.2  0.3 -0.5  0.0  0.4
 0.3500  75.00 0.15904 210.0 0.0043 0.0010 0.0000 -0.2  0.3 -0.3  0.0  0.4
 0.3500  86.00 0.15943 211.0 0.0044 0.0013 0.0000 -0.2  0.3 -0.6  0.0  0.4
 0.3500  99.00 0.15372 212.0 0.0046 0.0011 0.0000 -0.2  0.3 -0.5  0.0  0.3
 0.3500 115.50 0.15870 213.0 0.0058 0.0007 0.0000 -0.2  0.3 -0.2  0.0  0.0
 0.3500 137.50 0.14921 214.0 0.0059 0.0006 0.0000 -0.2  0.3 -0.2  0.0  0.0
 0.4500  43.00 0.09555 215.0 0.0052 0.0020 0.0000  0.4  1.2 -1.3  0.0  1.0
 0.4500  49.50 0.10071 216.0 0.0052 0.0020 0.0000  0.3  1.1 -1.3  0.0  1.0
 0.4500  57.00 0.10251 217.0 0.0037 0.0013 0.0000  0.2  1.0 -0.7  0.0  0.4
 0.4500  65.50 0.09825 218.0 0.0037 0.0010 0.0000  0.1  0.8 -0.5  0.0  0.4
 0.4500  75.00 0.09663 219.0 0.0038 0.0009 0.0000  0.0  0.8 -0.2  0.0  0.4
 0.4500  86.00 0.09667 220.0 0.0039 0.0009 0.0000  0.0  0.7 -0.5  0.0  0.4
 0.4500  99.00 0.09943 221.0 0.0041 0.0007 0.0000 -0.1  0.6 -0.2  0.0  0.3
 0.4500 115.50 0.09581 222.0 0.0041 0.0008 0.0000 -0.1  0.6 -0.5  0.0  0.2
 0.4500 137.50 0.08823 223.0 0.0049 0.0005 0.0000 -0.2  0.5 -0.1  0.0  0.0
 0.4500 175.00 0.09061 224.0 0.0046 0.0005 0.0000 -0.2  0.5 -0.2  0.0  0.0
 0.5500  43.00 0.05251 225.0 0.0039 0.0018 0.0000  1.5  2.8 -0.6  0.0  1.0
 0.5500  49.50 0.05634 226.0 0.0043 0.0017 0.0000  1.3  2.5 -0.7  0.0  1.0
 0.5500  57.00 0.05492 227.0 0.0027 0.0014 0.0000  1.0  2.2 -0.5  0.0  0.4
 0.5500  65.50 0.05051 228.0 0.0027 0.0011 0.0000  0.8  1.9 -0.5  0.0  0.4
 0.5500  75.00 0.05669 229.0 0.0031 0.0010 0.0000  0.6  1.7 -0.1  0.0  0.4
 0.5500  86.00 0.04728 230.0 0.0028 0.0008 0.0000  0.5  1.5  0.0  0.0  0.4
 0.5500  99.00 0.04950 231.0 0.0031 0.0007 0.0000  0.3  1.3  0.1  0.0  0.3
 0.5500 115.50 0.04637 232.0 0.0031 0.0006 0.0000  0.2  1.2 -0.1  0.0  0.2
 0.5500 137.50 0.04308 233.0 0.0037 0.0006 0.0000  0.1  1.0 -0.2  0.0  1.0
 0.5500 175.00 0.03951 234.0 0.0031 0.0004 0.0000 -0.1  0.9 -0.5  0.0  0.0
 0.5500 230.00 0.04192 235.0 0.0046 0.0004 0.0000 -0.2  0.7 -0.5  0.0  0.0
 0.6500  49.50 0.02537 236.0 0.0025 0.0018 0.0000  3.1  5.2  3.9  0.0  1.0
 0.6500  57.00 0.02488 237.0 0.0017 0.0015 0.0000  2.6  4.5  3.0  0.0  0.4
 0.6500  65.50 0.02244 238.0 0.0017 0.0011 0.0000  2.2  4.0  1.9  0.0  0.4
 0.6500  75.00 0.02380 239.0 0.0018 0.0010 0.0000  1.8  3.5  1.4  0.0  0.3
 0.6500  86.00 0.02282 240.0 0.0019 0.0008 0.0000  1.4  3.1  1.1  0.0  0.2
 0.6500  99.00 0.02300 241.0 0.0021 0.0007 0.0000  1.1  2.7  0.8  0.0  0.2
 0.6500 115.50 0.01989 242.0 0.0019 0.0005 0.0000  0.8  2.3  0.8  0.0  0.1
 0.6500 137.50 0.02032 243.0 0.0025 0.0004 0.0000  0.6  2.0  0.7  0.0  0.0
 0.6500 175.00 0.01820 244.0 0.0024 0.0003 0.0000  0.3  1.6  0.9  0.0  0.0
 0.6500 230.00 0.01614 245.0 0.0026 0.0002 0.0000  0.0  1.3  0.8  0.0  0.0
 0.7500  57.00 0.00911 246.0 0.0011 0.0017 0.0000  5.9  9.3 14.9  0.0  0.0
 0.7500  65.50 0.00910 247.0 0.0011 0.0015 0.0000  4.9  8.1 13.0  0.0  0.0
 0.7500  75.00 0.00787 248.0 0.0011 0.0011 0.0000  4.1  7.1 10.8  0.0  0.0
 0.7500  86.00 0.00903 249.0 0.0013 0.0010 0.0000  3.4  6.2  9.0  0.0  0.0
 0.7500  99.00 0.00808 250.0 0.0012 0.0007 0.0000  2.8  5.4  6.2  0.0  0.0
 0.7500 115.50 0.00615 251.0 0.0012 0.0005 0.0000  2.2  4.7  5.7  0.0  0.0
 0.7500 137.50 0.00565 252.0 0.0012 0.0004 0.0000  1.6  3.9  4.6  0.0  0.0
 0.7500 175.00 0.00542 253.0 0.0012 0.0003 0.0000  1.0  3.1  4.0  0.0  0.0
 0.7500 230.00 0.00642 254.0 0.0017 0.0002 0.0000  0.5  2.5  2.2  0.0  0.0
