BoNuS F2N/F2D Measured data --- submitted by P.Monaghan <peter@jlab.org> Aug 2014
Data normalized to new Christy fit at x=0.3 - 4.2 GeV beam set (norm. factor 0.901) - 5.3 GeV (norm. factor 1.000))
S.Tkachenko et al. [BONUS], Phys.Rev. C89 (2014) 045206 

0.045    :  normalization uncertainty

      x		Q^2    f2N/f2D	    i	   stat	     sys     E_beam [GeV]   dummy
   0.07900   0.42300   0.00500	   1.0	 0.32600   0.00300	4.2    	  1.00000
   0.25700   0.61100   0.53100	   6.0	 0.86200   0.00400	4.2    	  1.00000
   0.21800   0.62900   0.71400	   7.0	 0.39300   0.00500	4.2    	  1.00000
   0.21200   0.62800   0.38400	   8.0	 0.27000   0.00300	4.2    	  1.00000
   0.20400   0.62400   0.72700	   9.0	 0.32500   0.00500	4.2    	  1.00000
   0.19700   0.62700   0.66900	  10.0	 0.28800   0.00400	4.2    	  1.00000
   0.19100   0.62400   0.34000	  11.0	 0.18100   0.00200	4.2    	  1.00000
   0.18800   0.62600   0.32800	  12.0	 0.17000   0.00200	4.2    	  1.00000
   0.18500   0.62500   0.24000	  13.0	 0.13000   0.00100	4.2    	  1.00000
   0.17900   0.62600   0.32300	  14.0	 0.12900   0.00200	4.2    	  1.00000
   0.17700   0.62500   0.24000	  15.0	 0.10800   0.00100	4.2    	  1.00000
   0.17100   0.62600   0.42900	  16.0	 0.13100   0.00200	4.2    	  1.00000
   0.16700   0.62500   0.23500	  17.0	 0.08900   0.00100	4.2    	  1.00000
   0.16400   0.62500   0.27900	  18.0	 0.08600   0.00200	4.2    	  1.00000
   0.16200   0.62500   0.44400	  19.0	 0.09900   0.00200	4.2    	  1.00000
   0.15900   0.62400   0.28600	  20.0	 0.07400   0.00200	4.2    	  1.00000
   0.15400   0.62400   0.38700	  21.0	 0.07800   0.00200	4.2    	  1.00000
   0.15000   0.62300   0.38200	  22.0	 0.07200   0.00200	4.2    	  1.00000
   0.14700   0.62300   0.48800	  23.0	 0.07100   0.00200	4.2    	  1.00000
   0.14400   0.62200   0.28300	  24.0	 0.05600   0.00100	4.2    	  1.00000
   0.14200   0.62100   0.37500	  25.0	 0.05700   0.00200	4.2    	  1.00000
   0.13800   0.62000   0.38800	  26.0	 0.05300   0.00200	4.2    	  1.00000
   0.13600   0.61900   0.43100	  27.0	 0.05200   0.00200	4.2    	  1.00000
   0.13300   0.61800   0.43400	  28.0	 0.05000   0.00200	4.2    	  1.00000
   0.13000   0.61700   0.40900	  29.0	 0.04600   0.00200	4.2    	  1.00000
   0.12700   0.61600   0.39500	  30.0	 0.04200   0.00200	4.2    	  1.00000
   0.12500   0.61500   0.37100	  31.0	 0.04000   0.00200	4.2    	  1.00000
   0.12200   0.61400   0.36500	  32.0	 0.03800   0.00200	4.2    	  1.00000
   0.12000   0.61200   11.8270	  33.0	 13.7070   0.05100	4.2    	  1.00000
   0.11700   0.61000   20.1010	  34.0	 5.97500   0.08600	4.2    	  1.00000
   0.62500   0.75500   0.21400	  35.0	 0.29200   0.01000	4.2    	  1.00000
   0.59900   0.75300   0.44100	  36.0	 0.26300   0.01900	4.2    	  1.00000
   0.58500   0.75200   0.20700	  37.0	 0.20400   0.00800	4.2    	  1.00000
   0.55600   0.75100   1.03300	  38.0	 0.28100   0.03600	4.2    	  1.00000
   0.53700   0.75200   0.52000	  39.0	 0.18900   0.01700	4.2    	  1.00000
   0.51900   0.75100   0.70800	  40.0	 0.19000   0.02100	4.2    	  1.00000
   0.49800   0.75000   0.63200	  41.0	 0.18000   0.01700	4.2    	  1.00000
   0.48800   0.75000   0.38000	  42.0	 0.13400   0.00900	4.2    	  1.00000
   0.46700   0.75000   0.16600	  43.0	 0.09400   0.00400	4.2    	  1.00000
   0.45100   0.74900   0.20600	  44.0	 0.10500   0.00400	4.2    	  1.00000
   0.44000   0.74900   0.34500	  45.0	 0.11200   0.00700	4.2    	  1.00000
   0.42800   0.74800   0.29600	  46.0	 0.10600   0.00600	4.2    	  1.00000
   0.41200   0.74700   0.32400	  47.0	 0.10800   0.00600	4.2    	  1.00000
   0.39600   0.74800   0.19100	  48.0	 0.08300   0.00300	4.2    	  1.00000
   0.38800   0.74700   0.46800	  49.0	 0.09800   0.00700	4.2    	  1.00000
   0.37600   0.74600   0.34000	  50.0	 0.08500   0.00500	4.2    	  1.00000
   0.36500   0.74600   0.36700	  51.0	 0.08000   0.00500	4.2    	  1.00000
   0.35500   0.74500   0.47200	  52.0	 0.08200   0.00600	4.2    	  1.00000
   0.34500   0.74400   0.39200	  53.0	 0.07100   0.00500	4.2    	  1.00000
   0.33600   0.74300   0.35200	  54.0	 0.06500   0.00400	4.2    	  1.00000
   0.32600   0.74200   0.33200	  55.0	 0.05900   0.00400	4.2    	  1.00000
   0.31700   0.74200   0.54100	  56.0	 0.07000   0.00600	4.2    	  1.00000
   0.30800   0.74100   0.36800	  57.0	 0.05800   0.00400	4.2    	  1.00000
   0.30000   0.73900   0.46400	  58.0	 0.06000   0.00500	4.2    	  1.00000
   0.29100   0.73800   0.39700	  59.0	 0.05400   0.00400	4.2    	  1.00000
   0.28400   0.73800   0.34200	  60.0	 0.05000   0.00300	4.2    	  1.00000
   0.27700   0.73700   0.36700	  61.0	 0.04900   0.00300	4.2    	  1.00000
   0.26900   0.73600   0.42900	  62.0	 0.04800   0.00400	4.2    	  1.00000
   0.26200   0.73500   0.42900	  63.0	 0.04700   0.00400	4.2    	  1.00000
   0.25600   0.73400   0.44400	  64.0	 0.04500   0.00400	4.2    	  1.00000
   0.24900   0.73300   0.47200	  65.0	 0.04400   0.00400	4.2    	  1.00000
   0.24400   0.73200   0.35300	  66.0	 0.03800   0.00300	4.2    	  1.00000
   0.23800   0.73100   0.39700	  67.0	 0.03900   0.00300	4.2    	  1.00000
   0.23100   0.73000   0.37700	  68.0	 0.03600   0.00300	4.2    	  1.00000
   0.22600   0.72900   0.34800	  69.0	 0.03500   0.00300	4.2    	  1.00000
   0.22100   0.72800   0.38500	  70.0	 0.03500   0.00300	4.2    	  1.00000
   0.21600   0.72700   0.45500	  71.0	 0.03700   0.00300	4.2    	  1.00000
   0.21000   0.72600   0.46400	  72.0	 0.03600   0.00300	4.2    	  1.00000
   0.20600   0.72500   0.42000	  73.0	 0.03400   0.00300	4.2    	  1.00000
   0.20200   0.72300   0.45200	  74.0	 0.03400   0.00300	4.2    	  1.00000
   0.19600   0.72200   0.44200	  75.0	 0.03300   0.00300	4.2    	  1.00000
   0.19200   0.72100   0.45600	  76.0	 0.03300   0.00300	4.2    	  1.00000
   0.18800   0.71900   0.43400	  77.0	 0.03200   0.00300	4.2    	  1.00000
   0.18300   0.71800   0.41100	  78.0	 0.03100   0.00200	4.2    	  1.00000
   0.18000   0.71700   0.43300	  79.0	 0.03100   0.00200	4.2    	  1.00000
   0.17600   0.71600   0.43700	  80.0	 0.03000   0.00200	4.2    	  1.00000
   0.17300   0.71400   0.39400	  81.0	 0.02900   0.00200	4.2    	  1.00000
   0.16900   0.71300   0.44900	  82.0	 0.03000   0.00200	4.2    	  1.00000
   0.16500   0.71200   0.43000	  83.0	 0.02900   0.00200	4.2    	  1.00000
   0.16300   0.71200   0.44700	  84.0	 0.02900   0.00200	4.2    	  1.00000
   0.15900   0.71100   0.46800	  85.0	 0.02900   0.00200	4.2    	  1.00000
   0.15600   0.71200   0.45000	  86.0	 0.02800   0.00200	4.2    	  1.00000
   0.15300   0.71100   0.43700	  87.0	 0.02800   0.00200	4.2    	  1.00000
   0.15000   0.71100   0.37500	  88.0	 0.02600   0.00200	4.2    	  1.00000
   0.14700   0.71000   0.41000	  89.0	 0.02700   0.00200	4.2    	  1.00000
   0.14500   0.70900   0.43200	  90.0	 0.02700   0.00200	4.2    	  1.00000
   0.14200   0.70900   0.47100	  91.0	 0.02800   0.00200	4.2    	  1.00000
   0.13900   0.70800   0.48100	  92.0	 0.02900   0.00200	4.2    	  1.00000
   0.70000   0.86500   0.16000	  93.0	 0.04000   0.01100	4.2    	  1.00000
   0.67600   0.86300   0.32300	  94.0	 0.06000   0.02000	4.2    	  1.00000
   0.65200   0.86300   0.43200	  95.0	 0.06200   0.02400	4.2    	  1.00000
   0.62900   0.86200   0.63200	  96.0	 0.06200   0.03100	4.2    	  1.00000
   0.60900   0.86100   0.65300	  97.0	 0.05600   0.03000	4.2    	  1.00000
   0.59000   0.86100   0.73600	  98.0	 0.05400   0.03000	4.2    	  1.00000
   0.57100   0.85900   0.74900	  99.0	 0.05100   0.02800	4.2    	  1.00000
   0.55200   0.85900   0.60900	 100.0	 0.04400   0.02100	4.2    	  1.00000
   0.53400   0.85800   0.49800	 101.0	 0.03900   0.01600	4.2    	  1.00000
   0.51800   0.85800   0.47700	 102.0	 0.03800   0.01400	4.2    	  1.00000
   0.50100   0.85700   0.45200	 103.0	 0.03700   0.01200	4.2    	  1.00000
   0.48600   0.85700   0.47200	 104.0	 0.03800   0.01200	4.2    	  1.00000
   0.47300   0.85600   0.42400	 105.0	 0.03700   0.01000	4.2    	  1.00000
   0.45700   0.85500   0.36500	 106.0	 0.03500   0.00800	4.2    	  1.00000
   0.44400   0.85400   0.40000	 107.0	 0.03700   0.00800	4.2    	  1.00000
   0.43100   0.85300   0.37700	 108.0	 0.03500   0.00700	4.2    	  1.00000
   0.41900   0.85300   0.40500	 109.0	 0.03600   0.00700	4.2    	  1.00000
   0.40800   0.85200   0.43600	 110.0	 0.03500   0.00800	4.2    	  1.00000
   0.39600   0.85100   0.37500	 111.0	 0.03200   0.00600	4.2    	  1.00000
   0.38400   0.85000   0.46600	 112.0	 0.03400   0.00700	4.2    	  1.00000
   0.37400   0.84900   0.44500	 113.0	 0.03100   0.00700	4.2    	  1.00000
   0.36500   0.84900   0.44700	 114.0	 0.03100   0.00600	4.2    	  1.00000
   0.35600   0.84800   0.40600	 115.0	 0.03000   0.00500	4.2    	  1.00000
   0.34500   0.84700   0.38300	 116.0	 0.02800   0.00500	4.2    	  1.00000
   0.33800   0.84700   0.39800	 117.0	 0.02900   0.00500	4.2    	  1.00000
   0.32900   0.84600   0.40200	 118.0	 0.02900   0.00500	4.2    	  1.00000
   0.32100   0.84600   0.41800	 119.0	 0.02900   0.00500	4.2    	  1.00000
   0.31300   0.84500   0.44100	 120.0	 0.02900   0.00500	4.2    	  1.00000
   0.30400   0.84500   0.45900	 121.0	 0.02900   0.00500	4.2    	  1.00000
   0.29800   0.84500   0.43500	 122.0	 0.02800   0.00400	4.2    	  1.00000
   0.29300   0.84500   0.47300	 123.0	 0.02900   0.00500	4.2    	  1.00000
   0.28400   0.84500   0.42100	 124.0	 0.02700   0.00400	4.2    	  1.00000
   0.27700   0.84500   0.38000	 125.0	 0.02500   0.00400	4.2    	  1.00000
   0.27200   0.84500   0.41800	 126.0	 0.02600   0.00400	4.2    	  1.00000
   0.26600   0.84500   0.37100	 127.0	 0.02500   0.00300	4.2    	  1.00000
   0.25900   0.84500   0.38300	 128.0	 0.02500   0.00300	4.2    	  1.00000
   0.25400   0.84500   0.39100	 129.0	 0.02500   0.00300	4.2    	  1.00000
   0.24800   0.84500   0.40500	 130.0	 0.02600   0.00300	4.2    	  1.00000
   0.24300   0.84500   0.44400	 131.0	 0.02700   0.00300	4.2    	  1.00000
   0.23700   0.84500   0.39700	 132.0	 0.02600   0.00300	4.2    	  1.00000
   0.23200   0.84400   0.42700	 133.0	 0.02600   0.00300	4.2    	  1.00000
   0.22700   0.84400   0.45800	 134.0	 0.02700   0.00300	4.2    	  1.00000
   0.22300   0.84300   0.42900	 135.0	 0.02700   0.00300	4.2    	  1.00000
   0.21800   0.84300   0.43800	 136.0	 0.02600   0.00300	4.2    	  1.00000
   0.21400   0.84200   0.42200	 137.0	 0.02600   0.00300	4.2    	  1.00000
   0.21000   0.84200   0.43600	 138.0	 0.02600   0.00300	4.2    	  1.00000
   0.20500   0.84200   0.43800	 139.0	 0.02600   0.00300	4.2    	  1.00000
   0.20200   0.84200   0.37900	 140.0	 0.02500   0.00200	4.2    	  1.00000
   0.19800   0.84200   0.42000	 141.0	 0.02600   0.00300	4.2    	  1.00000
   0.19300   0.84200   0.47800	 142.0	 0.02700   0.00300	4.2    	  1.00000
   0.19000   0.84300   0.45100	 143.0	 0.02600   0.00300	4.2    	  1.00000
   0.18700   0.84200   0.40400	 144.0	 0.02500   0.00200	4.2    	  1.00000
   0.18300   0.84300   0.41400	 145.0	 0.02600   0.00200	4.2    	  1.00000
   0.18000   0.84300   0.44300	 146.0	 0.02700   0.00300	4.2    	  1.00000
   0.17700   0.84300   0.47400	 147.0	 0.02700   0.00300	4.2    	  1.00000
   0.17400   0.84300   0.42800	 148.0	 0.02600   0.00200	4.2    	  1.00000
   0.17000   0.84200   0.44100	 149.0	 0.02700   0.00200	4.2    	  1.00000
   0.16700   0.84200   0.44600	 150.0	 0.02700   0.00200	4.2    	  1.00000
   0.73400   1.00700   0.17100	 151.0	 0.03200   0.01400	4.2    	  1.00000
   0.71000   1.00700   0.28300	 152.0	 0.04500   0.02100	4.2    	  1.00000
   0.68700   1.00600   0.52600	 153.0	 0.05200   0.03500	4.2    	  1.00000
   0.66800   1.00600   0.64000	 154.0	 0.05200   0.03800	4.2    	  1.00000
   0.64500   1.00600   0.72800	 155.0	 0.05000   0.03900	4.2    	  1.00000
   0.62800   1.00500   0.71600	 156.0	 0.04500   0.03500	4.2    	  1.00000
   0.60900   1.00600   0.76200	 157.0	 0.04400   0.03400	4.2    	  1.00000
   0.59100   1.00600   0.58000	 158.0	 0.03800   0.02400	4.2    	  1.00000
   0.57500   1.00600   0.53900	 159.0	 0.03600   0.02100	4.2    	  1.00000
   0.55800   1.00600   0.45200	 160.0	 0.03300   0.01600	4.2    	  1.00000
   0.54300   1.00700   0.46600	 161.0	 0.03500   0.01500	4.2    	  1.00000
   0.52700   1.00600   0.44000	 162.0	 0.03400   0.01300	4.2    	  1.00000
   0.51300   1.00600   0.40500	 163.0	 0.03400   0.01200	4.2    	  1.00000
   0.49800   1.00600   0.40400	 164.0	 0.03400   0.01100	4.2    	  1.00000
   0.48500   1.00600   0.43700	 165.0	 0.03500   0.01100	4.2    	  1.00000
   0.47000   1.00600   0.34800	 166.0	 0.03200   0.00800	4.2    	  1.00000
   0.45900   1.00500   0.40100	 167.0	 0.03200   0.00900	4.2    	  1.00000
   0.44700   1.00500   0.36000	 168.0	 0.03100   0.00800	4.2    	  1.00000
   0.43600   1.00500   0.42600	 169.0	 0.03200   0.00800	4.2    	  1.00000
   0.42500   1.00400   0.43200	 170.0	 0.03100   0.00800	4.2    	  1.00000
   0.41500   1.00300   0.41200	 171.0	 0.02900   0.00700	4.2    	  1.00000
   0.40600   1.00300   0.43100	 172.0	 0.02900   0.00700	4.2    	  1.00000
   0.39500   1.00200   0.46800	 173.0	 0.02900   0.00800	4.2    	  1.00000
   0.38600   1.00300   0.36100	 174.0	 0.02700   0.00600	4.2    	  1.00000
   0.37700   1.00300   0.43300	 175.0	 0.02900   0.00600	4.2    	  1.00000
   0.36800   1.00300   0.42300	 176.0	 0.02800   0.00600	4.2    	  1.00000
   0.36000   1.00300   0.41900	 177.0	 0.02800   0.00600	4.2    	  1.00000
   0.35100   1.00400   0.48100	 178.0	 0.02900   0.00600	4.2    	  1.00000
   0.34400   1.00300   0.39500	 179.0	 0.02700   0.00500	4.2    	  1.00000
   0.33600   1.00400   0.44400	 180.0	 0.02800   0.00500	4.2    	  1.00000
   0.32700   1.00500   0.42500	 181.0	 0.02700   0.00500	4.2    	  1.00000
   0.32200   1.00600   0.37200	 182.0	 0.02500   0.00400	4.2    	  1.00000
   0.31500   1.00600   0.39200	 183.0	 0.02600   0.00400	4.2    	  1.00000
   0.30700   1.00600   0.37300	 184.0	 0.02500   0.00400	4.2    	  1.00000
   0.30100   1.00700   0.40000	 185.0	 0.02600   0.00400	4.2    	  1.00000
   0.29400   1.00700   0.31200	 186.0	 0.02300   0.00300	4.2    	  1.00000
   0.28900   1.00700   0.41200	 187.0	 0.02600   0.00400	4.2    	  1.00000
   0.28300   1.00700   0.38000	 188.0	 0.02500   0.00400	4.2    	  1.00000
   0.27600   1.00700   0.37800	 189.0	 0.02500   0.00300	4.2    	  1.00000
   0.27100   1.00700   0.41100	 190.0	 0.02600   0.00400	4.2    	  1.00000
   0.26600   1.00700   0.43800	 191.0	 0.02600   0.00400	4.2    	  1.00000
   0.26000   1.00700   0.46600	 192.0	 0.02700   0.00400	4.2    	  1.00000
   0.25500   1.00600   0.46700	 193.0	 0.02700   0.00400	4.2    	  1.00000
   0.24900   1.00500   0.43100	 194.0	 0.02600   0.00300	4.2    	  1.00000
   0.24400   1.00500   0.39500	 195.0	 0.02600   0.00300	4.2    	  1.00000
   0.24000   1.00400   0.40800	 196.0	 0.02600   0.00300	4.2    	  1.00000
   0.23600   1.00400   0.48200	 197.0	 0.02800   0.00400	4.2    	  1.00000
   0.23100   1.00300   0.37700	 198.0	 0.02500   0.00300	4.2    	  1.00000
   0.22700   1.00300   0.43100	 199.0	 0.02700   0.00300	4.2    	  1.00000
   0.22300   1.00300   0.42000	 200.0	 0.02700   0.00300	4.2    	  1.00000
   0.21900   1.00300   0.45700	 201.0	 0.02800   0.00300	4.2    	  1.00000
   0.21500   1.00400   0.43800	 202.0	 0.02700   0.00300	4.2    	  1.00000
   0.21200   1.00400   0.43000	 203.0	 0.02700   0.00300	4.2    	  1.00000
   0.20800   1.00500   0.42400	 204.0	 0.02700   0.00300	4.2    	  1.00000
   0.20400   1.00600   0.45400	 205.0	 0.02700   0.00300	4.2    	  1.00000
   0.76500   1.19800   0.15000	 206.0	 0.03200   0.01400	4.2    	  1.00000
   0.74500   1.19900   0.38400	 207.0	 0.05400   0.03400	4.2    	  1.00000
   0.72400   1.19900   0.36100	 208.0	 0.05300   0.02800	4.2    	  1.00000
   0.70400   1.19800   0.56800	 209.0	 0.05800   0.04100	4.2    	  1.00000
   0.68600   1.19800   0.73000	 210.0	 0.06000   0.04800	4.2    	  1.00000
   0.66800   1.19800   0.66300	 211.0	 0.05200   0.04000	4.2    	  1.00000
   0.65100   1.19800   0.59700	 212.0	 0.04600   0.03300	4.2    	  1.00000
   0.63300   1.19900   0.66500	 213.0	 0.04700   0.03400	4.2    	  1.00000
   0.61600   1.19900   0.47500	 214.0	 0.04000   0.02200	4.2    	  1.00000
   0.60100   1.20000   0.41200	 215.0	 0.03700   0.01800	4.2    	  1.00000
   0.58500   1.20000   0.44400	 216.0	 0.03900   0.01800	4.2    	  1.00000
   0.57000   1.20000   0.39500	 217.0	 0.03800   0.01500	4.2    	  1.00000
   0.55600   1.20000   0.38300	 218.0	 0.03700   0.01300	4.2    	  1.00000
   0.54200   1.20000   0.43500	 219.0	 0.03900   0.01400	4.2    	  1.00000
   0.52800   1.19900   0.42000	 220.0	 0.03700   0.01300	4.2    	  1.00000
   0.51700   1.19900   0.44700	 221.0	 0.03800   0.01300	4.2    	  1.00000
   0.50500   1.19900   0.45700	 222.0	 0.03700   0.01300	4.2    	  1.00000
   0.49100   1.19800   0.41200	 223.0	 0.03500   0.01100	4.2    	  1.00000
   0.48000   1.19800   0.39300	 224.0	 0.03400   0.01000	4.2    	  1.00000
   0.47000   1.19800   0.44500	 225.0	 0.03400   0.01000	4.2    	  1.00000
   0.45800   1.19800   0.46200	 226.0	 0.03400   0.01000	4.2    	  1.00000
   0.44800   1.19700   0.42600	 227.0	 0.03200   0.00900	4.2    	  1.00000
   0.43900   1.19700   0.41800	 228.0	 0.03100   0.00800	4.2    	  1.00000
   0.42900   1.19800   0.40900	 229.0	 0.03000   0.00800	4.2    	  1.00000
   0.41800   1.19800   0.42200	 230.0	 0.03100   0.00800	4.2    	  1.00000
   0.40900   1.19800   0.36600	 231.0	 0.03000   0.00600	4.2    	  1.00000
   0.40000   1.19800   0.42200	 232.0	 0.03000   0.00700	4.2    	  1.00000
   0.39200   1.19800   0.40900	 233.0	 0.03000   0.00700	4.2    	  1.00000
   0.38400   1.19800   0.42000	 234.0	 0.03000   0.00600	4.2    	  1.00000
   0.37600   1.19900   0.42700	 235.0	 0.03100   0.00600	4.2    	  1.00000
   0.36800   1.19800   0.44300	 236.0	 0.03000   0.00600	4.2    	  1.00000
   0.36000   1.19900   0.41400	 237.0	 0.02900   0.00600	4.2    	  1.00000
   0.35300   1.19800   0.39200	 238.0	 0.02800   0.00500	4.2    	  1.00000
   0.34700   1.19800   0.39600	 239.0	 0.02800   0.00500	4.2    	  1.00000
   0.33800   1.19800   0.39500	 240.0	 0.02800   0.00500	4.2    	  1.00000
   0.33100   1.19800   0.42500	 241.0	 0.02900   0.00500	4.2    	  1.00000
   0.32500   1.19800   0.45500	 242.0	 0.03000   0.00500	4.2    	  1.00000
   0.31900   1.19800   0.42300	 243.0	 0.02900   0.00500	4.2    	  1.00000
   0.31200   1.19800   0.38400	 244.0	 0.02800   0.00400	4.2    	  1.00000
   0.30700   1.19700   0.44500	 245.0	 0.03000   0.00500	4.2    	  1.00000
   0.30100   1.19700   0.44900	 246.0	 0.03000   0.00500	4.2    	  1.00000
   0.29500   1.19800   0.48600	 247.0	 0.03100   0.00500	4.2    	  1.00000
   0.29000   1.19800   0.44200	 248.0	 0.03000   0.00400	4.2    	  1.00000
   0.28500   1.19900   0.46000	 249.0	 0.03000   0.00400	4.2    	  1.00000
   0.28000   1.20000   0.42300	 250.0	 0.02900   0.00400	4.2    	  1.00000
   0.27500   1.20100   0.39000	 251.0	 0.02700   0.00400	4.2    	  1.00000
   0.27000   1.20200   0.43400	 252.0	 0.02900   0.00400	4.2    	  1.00000
   0.26500   1.20300   0.39200	 253.0	 0.02700   0.00300	4.2    	  1.00000
   0.26100   1.20300   0.42800	 254.0	 0.02700   0.00400	4.2    	  1.00000
   0.25500   1.20200   0.44100	 255.0	 0.02800   0.00400	4.2    	  1.00000
   0.25100   1.20300   0.42200	 256.0	 0.02700   0.00300	4.2    	  1.00000
   0.24700   1.20300   0.40700	 257.0	 0.02600   0.00300	4.2    	  1.00000
   0.79600   1.42500   0.13100	 258.0	 0.03500   0.01500	4.2    	  1.00000
   0.77600   1.42400   0.37200	 259.0	 0.06000   0.03800	4.2    	  1.00000
   0.75900   1.42400   0.38900	 260.0	 0.06400   0.03600	4.2    	  1.00000
   0.73900   1.42300   0.53900	 261.0	 0.06700   0.04500	4.2    	  1.00000
   0.72200   1.42300   0.78100	 262.0	 0.07000   0.06100	4.2    	  1.00000
   0.70300   1.42300   0.67600	 263.0	 0.06300   0.04900	4.2    	  1.00000
   0.68800   1.42200   0.62300	 264.0	 0.05600   0.04100	4.2    	  1.00000
   0.67200   1.42300   0.55600	 265.0	 0.05100   0.03400	4.2    	  1.00000
   0.65600   1.42300   0.50200	 266.0	 0.04700   0.02800	4.2    	  1.00000
   0.64100   1.42500   0.45800	 267.0	 0.04500   0.02400	4.2    	  1.00000
   0.62600   1.42400   0.53600	 268.0	 0.04800   0.02600	4.2    	  1.00000
   0.61200   1.42300   0.41400	 269.0	 0.04400   0.01900	4.2    	  1.00000
   0.59700   1.42400   0.41400	 270.0	 0.04400   0.01800	4.2    	  1.00000
   0.58400   1.42400   0.39400	 271.0	 0.04200   0.01600	4.2    	  1.00000
   0.57200   1.42400   0.39300	 272.0	 0.04200   0.01500	4.2    	  1.00000
   0.55800   1.42400   0.36900	 273.0	 0.04000   0.01300	4.2    	  1.00000
   0.54800   1.42400   0.37500	 274.0	 0.04000   0.01300	4.2    	  1.00000
   0.53500   1.42400   0.41000	 275.0	 0.04000   0.01300	4.2    	  1.00000
   0.52400   1.42400   0.41400	 276.0	 0.04000   0.01200	4.2    	  1.00000
   0.51300   1.42400   0.45300	 277.0	 0.04000   0.01300	4.2    	  1.00000
   0.50200   1.42500   0.48900	 278.0	 0.04000   0.01300	4.2    	  1.00000
   0.49100   1.42500   0.46300	 279.0	 0.03800   0.01200	4.2    	  1.00000
   0.48100   1.42600   0.43600	 280.0	 0.03700   0.01100	4.2    	  1.00000
   0.47300   1.42500   0.45100	 281.0	 0.03700   0.01100	4.2    	  1.00000
   0.46200   1.42500   0.40300	 282.0	 0.03500   0.00900	4.2    	  1.00000
   0.45200   1.42500   0.36500	 283.0	 0.03300   0.00800	4.2    	  1.00000
   0.44300   1.42500   0.38100	 284.0	 0.03400   0.00800	4.2    	  1.00000
   0.43400   1.42500   0.40900	 285.0	 0.03400   0.00800	4.2    	  1.00000
   0.42600   1.42400   0.43500	 286.0	 0.03500   0.00800	4.2    	  1.00000
   0.41600   1.42500   0.39400	 287.0	 0.03400   0.00700	4.2    	  1.00000
   0.40900   1.42500   0.41900	 288.0	 0.03400   0.00700	4.2    	  1.00000
   0.40200   1.42600   0.35800	 289.0	 0.03100   0.00600	4.2    	  1.00000
   0.39400   1.42600   0.40500	 290.0	 0.03200   0.00700	4.2    	  1.00000
   0.38600   1.42500   0.36400	 291.0	 0.03000   0.00600	4.2    	  1.00000
   0.38000   1.42700   0.36400	 292.0	 0.03000   0.00500	4.2    	  1.00000
   0.37300   1.42600   0.35700	 293.0	 0.03000   0.00500	4.2    	  1.00000
   0.36600   1.42800   0.38300	 294.0	 0.03000   0.00500	4.2    	  1.00000
   0.35800   1.43000   0.35100	 295.0	 0.02900   0.00500	4.2    	  1.00000
   0.35200   1.42900   0.40500	 296.0	 0.03000   0.00500	4.2    	  1.00000
   0.34600   1.43000   0.41200	 297.0	 0.03000   0.00500	4.2    	  1.00000
   0.34000   1.43000   0.39400	 298.0	 0.02900   0.00500	4.2    	  1.00000
   0.33200   1.43000   0.38600	 299.0	 0.02900   0.00500	4.2    	  1.00000
   0.32600   1.42900   0.41300	 300.0	 0.03000   0.00500	4.2    	  1.00000
   0.32100   1.42800   0.42100	 301.0	 0.03000   0.00500	4.2    	  1.00000
   0.31500   1.42800   0.41900	 302.0	 0.02900   0.00500	4.2    	  1.00000
   0.31100   1.42800   0.43300	 303.0	 0.03000   0.00500	4.2    	  1.00000
   0.30500   1.42800   0.46400	 304.0	 0.03000   0.00500	4.2    	  1.00000
   0.29900   1.42800   0.35800	 305.0	 0.02700   0.00400	4.2    	  1.00000
   0.82200   1.69900   0.15200	 306.0	 0.04100   0.01900	4.2    	  1.00000
   0.80500   1.69600   0.31500	 307.0	 0.06600   0.03700	4.2    	  1.00000
   0.78600   1.69700   0.39800	 308.0	 0.07400   0.04200	4.2    	  1.00000
   0.76900   1.69600   0.50900	 309.0	 0.07800   0.05000	4.2    	  1.00000
   0.75400   1.69400   0.54500	 310.0	 0.07800   0.05000	4.2    	  1.00000
   0.74000   1.69500   0.79900	 311.0	 0.08300   0.06800	4.2    	  1.00000
   0.72400   1.69500   0.58000	 312.0	 0.06900   0.04600	4.2    	  1.00000
   0.71000   1.69500   0.48500	 313.0	 0.06000   0.03500	4.2    	  1.00000
   0.69500   1.69600   0.53600	 314.0	 0.06200   0.03700	4.2    	  1.00000
   0.67900   1.69500   0.42200	 315.0	 0.05400   0.02700	4.2    	  1.00000
   0.66500   1.69800   0.41200	 316.0	 0.05300   0.02400	4.2    	  1.00000
   0.65300   1.69700   0.39200	 317.0	 0.05300   0.02200	4.2    	  1.00000
   0.63800   1.69700   0.37500	 318.0	 0.05100   0.02000	4.2    	  1.00000
   0.62800   1.69900   0.38800	 319.0	 0.05000   0.01900	4.2    	  1.00000
   0.61200   1.69800   0.35700	 320.0	 0.04900   0.01700	4.2    	  1.00000
   0.60400   1.70000   0.41900	 321.0	 0.05100   0.01900	4.2    	  1.00000
   0.59000   1.70000   0.44600	 322.0	 0.04900   0.01900	4.2    	  1.00000
   0.58100   1.70100   0.29300	 323.0	 0.04300   0.01200	4.2    	  1.00000
   0.56800   1.70200   0.34600	 324.0	 0.04300   0.01300	4.2    	  1.00000
   0.55500   1.70300   0.45000	 325.0	 0.04700   0.01600	4.2    	  1.00000
   0.54600   1.70300   0.45600	 326.0	 0.04600   0.01500	4.2    	  1.00000
   0.53500   1.70300   0.41400	 327.0	 0.04200   0.01300	4.2    	  1.00000
   0.52700   1.70400   0.39000	 328.0	 0.04000   0.01200	4.2    	  1.00000
   0.51700   1.70400   0.38600	 329.0	 0.04000   0.01100	4.2    	  1.00000
   0.50700   1.70500   0.39500	 330.0	 0.04000   0.01100	4.2    	  1.00000
   0.49700   1.70500   0.38700	 331.0	 0.03900   0.01000	4.2    	  1.00000
   0.48600   1.70400   0.37500	 332.0	 0.03700   0.01000	4.2    	  1.00000
   0.47800   1.70400   0.35100	 333.0	 0.03600   0.00900	4.2    	  1.00000
   0.47000   1.70400   0.43900	 334.0	 0.03800   0.01000	4.2    	  1.00000
   0.46000   1.70400   0.45600	 335.0	 0.03900   0.01000	4.2    	  1.00000
   0.45200   1.70400   0.42500	 336.0	 0.03700   0.00900	4.2    	  1.00000
   0.44400   1.70200   0.38400	 337.0	 0.03400   0.00800	4.2    	  1.00000
   0.43600   1.70400   0.41800	 338.0	 0.03500   0.00800	4.2    	  1.00000
   0.42900   1.70400   0.38500	 339.0	 0.03300   0.00700	4.2    	  1.00000
   0.42100   1.70400   0.33500	 340.0	 0.03100   0.00600	4.2    	  1.00000
   0.41300   1.70300   0.35600	 341.0	 0.03200   0.00600	4.2    	  1.00000
   0.40600   1.70400   0.39600	 342.0	 0.03300   0.00700	4.2    	  1.00000
   0.40100   1.70400   0.34500	 343.0	 0.03100   0.00600	4.2    	  1.00000
   0.39200   1.70300   0.38600	 344.0	 0.03200   0.00600	4.2    	  1.00000
   0.38500   1.70400   0.39700	 345.0	 0.03300   0.00600	4.2    	  1.00000
   0.37900   1.70400   0.39800	 346.0	 0.03200   0.00600	4.2    	  1.00000
   0.37200   1.70200   0.39600	 347.0	 0.03200   0.00600	4.2    	  1.00000
   0.36800   1.70100   0.46100	 348.0	 0.03500   0.00700	4.2    	  1.00000
   0.84700   2.03000   0.10500	 349.0	 0.04800   0.01500	4.2    	  1.00000
   0.83100   2.03500   0.18900	 350.0	 0.07100   0.02500	4.2    	  1.00000
   0.81600   2.03400   0.30800	 351.0	 0.08900   0.03800	4.2    	  1.00000
   0.80100   2.03500   0.51100	 352.0	 0.10200   0.05900	4.2    	  1.00000
   0.78900   2.03200   0.62800	 353.0	 0.10700   0.06800	4.2    	  1.00000
   0.77100   2.03000   0.54100	 354.0	 0.08900   0.05400	4.2    	  1.00000
   0.75900   2.03200   0.66900	 355.0	 0.09400   0.06300	4.2    	  1.00000
   0.74500   2.03400   0.61800	 356.0	 0.08400   0.05400	4.2    	  1.00000
   0.73000   2.03100   0.61900	 357.0	 0.08300   0.05000	4.2    	  1.00000
   0.72100   2.03200   0.44800	 358.0	 0.07000   0.03500	4.2    	  1.00000
   0.70600   2.03100   0.36100	 359.0	 0.06000   0.02600	4.2    	  1.00000
   0.69300   2.03000   0.38500	 360.0	 0.06300   0.02600	4.2    	  1.00000
   0.67800   2.03200   0.29900	 361.0	 0.05600   0.01900	4.2    	  1.00000
   0.66800   2.03200   0.29600	 362.0	 0.05500   0.01800	4.2    	  1.00000
   0.65400   2.03000   0.34100	 363.0	 0.05600   0.01900	4.2    	  1.00000
   0.64200   2.03500   0.29600	 364.0	 0.05400   0.01600	4.2    	  1.00000
   0.63300   2.03100   0.35800	 365.0	 0.05700   0.01800	4.2    	  1.00000
   0.62200   2.03000   0.42700	 366.0	 0.05900   0.02100	4.2    	  1.00000
   0.61100   2.03100   0.35700	 367.0	 0.05400   0.01600	4.2    	  1.00000
   0.60000   2.03200   0.49000	 368.0	 0.05800   0.02200	4.2    	  1.00000
   0.58900   2.03200   0.39200	 369.0	 0.05300   0.01600	4.2    	  1.00000
   0.58000   2.03300   0.48000	 370.0	 0.05400   0.01900	4.2    	  1.00000
   0.57000   2.03400   0.38800	 371.0	 0.05000   0.01500	4.2    	  1.00000
   0.55900   2.03400   0.41200	 372.0	 0.05000   0.01500	4.2    	  1.00000
   0.54800   2.03100   0.42400	 373.0	 0.05000   0.01400	4.2    	  1.00000
   0.53900   2.03400   0.40400	 374.0	 0.04800   0.01300	4.2    	  1.00000
   0.53000   2.03300   0.31100	 375.0	 0.04200   0.01000	4.2    	  1.00000
   0.52200   2.03300   0.43900	 376.0	 0.04700   0.01300	4.2    	  1.00000
   0.51300   2.03100   0.47600	 377.0	 0.04800   0.01400	4.2    	  1.00000
   0.50600   2.03000   0.40300	 378.0	 0.04500   0.01100	4.2    	  1.00000
   0.49400   2.03000   0.46100	 379.0	 0.04600   0.01200	4.2    	  1.00000
   0.48700   2.03000   0.39700	 380.0	 0.04300   0.01000	4.2    	  1.00000
   0.47900   2.03000   0.31800	 381.0	 0.03900   0.00800	4.2    	  1.00000
   0.47200   2.03100   0.36800	 382.0	 0.04100   0.00900	4.2    	  1.00000
   0.46500   2.02900   0.41300	 383.0	 0.04200   0.01000	4.2    	  1.00000
   0.45600   2.03100   0.40900	 384.0	 0.04200   0.00900	4.2    	  1.00000
   0.44900   2.03000   0.39600	 385.0	 0.04100   0.00800	4.2    	  1.00000
   0.86700   2.42000   0.09500	 386.0	 0.05200   0.01500	4.2    	  1.00000
   0.86000   2.42100   0.07300	 387.0	 0.08200   0.01100	4.2    	  1.00000
   0.84000   2.42000   0.42600	 388.0	 0.12400   0.06000	4.2    	  1.00000
   0.82900   2.41700   0.58600	 389.0	 0.14000   0.07600	4.2    	  1.00000
   0.81400   2.41700   0.58000	 390.0	 0.12900   0.07000	4.2    	  1.00000
   0.80100   2.41400   0.85800	 391.0	 0.14800   0.09800	4.2    	  1.00000
   0.79000   2.41900   0.56600	 392.0	 0.11500   0.06100	4.2    	  1.00000
   0.77800   2.41700   0.58400	 393.0	 0.10800   0.06000	4.2    	  1.00000
   0.76000   2.42000   0.58700	 394.0	 0.10300   0.05500	4.2    	  1.00000
   0.75000   2.41600   0.35200	 395.0	 0.08400   0.03200	4.2    	  1.00000
   0.73900   2.41500   0.42400	 396.0	 0.08600   0.03600	4.2    	  1.00000
   0.72700   2.41800   0.47000	 397.0	 0.08900   0.03700	4.2    	  1.00000
   0.71500   2.41600   0.35000	 398.0	 0.07500   0.02700	4.2    	  1.00000
   0.70300   2.41900   0.24000	 399.0	 0.06500   0.01700	4.2    	  1.00000
   0.69200   2.41900   0.29600	 400.0	 0.07200   0.02000	4.2    	  1.00000
   0.68100   2.41600   0.37300	 401.0	 0.07600   0.02400	4.2    	  1.00000
   0.67300   2.42000   0.34300	 402.0	 0.07100   0.02100	4.2    	  1.00000
   0.66300   2.41900   0.43000	 403.0	 0.07500   0.02500	4.2    	  1.00000
   0.65300   2.42100   0.35500	 404.0	 0.07000   0.02000	4.2    	  1.00000
   0.64200   2.42000   0.37100	 405.0	 0.06800   0.02000	4.2    	  1.00000
   0.63100   2.41800   0.50700	 406.0	 0.07600   0.02600	4.2    	  1.00000
   0.62100   2.41900   0.34300	 407.0	 0.06300   0.01700	4.2    	  1.00000
   0.61300   2.41900   0.33700	 408.0	 0.06100   0.01500	4.2    	  1.00000
   0.60000   2.41800   0.29600	 409.0	 0.05600   0.01300	4.2    	  1.00000
   0.59300   2.42000   0.28700	 410.0	 0.05600   0.01200	4.2    	  1.00000
   0.58500   2.41800   0.37100	 411.0	 0.06100   0.01500	4.2    	  1.00000
   0.57500   2.41700   0.49300	 412.0	 0.06700   0.01900	4.2    	  1.00000
   0.56600   2.41500   0.41000	 413.0	 0.06200   0.01500	4.2    	  1.00000
   0.55400   2.41200   0.45600	 414.0	 0.06400   0.01600	4.2    	  1.00000
   0.88700   2.87700   0.30500	 415.0	 0.11300   0.05300	4.2    	  1.00000
   0.87200   2.87500   0.30500	 416.0	 0.14200   0.04900	4.2    	  1.00000
   0.86200   2.87500   0.40600	 417.0	 0.16800   0.06200	4.2    	  1.00000
   0.85100   2.88000   0.78800	 418.0	 0.21200   0.11500	4.2    	  1.00000
   0.83800   2.87500   0.45800	 419.0	 0.17500   0.06300	4.2    	  1.00000
   0.82400   2.87000   0.40200	 420.0	 0.16000   0.05300	4.2    	  1.00000
   0.81500   2.87300   0.53700	 421.0	 0.16000   0.06600	4.2    	  1.00000
   0.80200   2.87000   0.50800	 422.0	 0.14600   0.05900	4.2    	  1.00000
   0.79000   2.86700   0.65000	 423.0	 0.15000   0.07100	4.2    	  1.00000
   0.77800   2.87300   0.24800	 424.0	 0.09700   0.02500	4.2    	  1.00000
   0.76700   2.86300   0.26300	 425.0	 0.10400   0.02600	4.2    	  1.00000
   0.75900   2.87400   0.24800	 426.0	 0.10000   0.02300	4.2    	  1.00000
   0.75200   2.86700   0.34200	 427.0	 0.11600   0.03100	4.2    	  1.00000
   0.74200   2.87400   0.35500	 428.0	 0.11700   0.03100	4.2    	  1.00000
   0.72500   2.87000   0.39200	 429.0	 0.11400   0.03100	4.2    	  1.00000
   0.71500   2.86400   0.43700	 430.0	 0.11600   0.03300	4.2    	  1.00000
   0.70300   2.87000   0.37800	 431.0	 0.10700   0.02700	4.2    	  1.00000
   0.70100   2.86300   0.24100	 432.0	 0.09400   0.01700	4.2    	  1.00000
   0.89600   3.41800   0.11000	 433.0	 0.08900   0.02000	4.2    	  1.00000
   0.87700   3.41400   0.08200	 434.0	 0.06400   0.01400      4.2       1.00000
   0.09000   0.60200   0.23100     1.0	 0.31000   0.00100	 5.3       1.00000
   0.08600   0.60300   7.93700	   2.0	 6.46600   0.02600	 5.3       1.00000
   0.14700   0.73200   0.37600	   3.0	 0.20500   0.00200	 5.3       1.00000
   0.14600   0.73600   0.10000	   4.0	 0.17100   0.00000	 5.3       1.00000
   0.14200   0.73700   0.21000	   5.0	 0.14700   0.00100	 5.3       1.00000
   0.13900   0.74100   0.42000	   6.0	 0.16500   0.00200	 5.3       1.00000
   0.13500   0.74300   0.23800	   7.0	 0.12000   0.00100	 5.3       1.00000
   0.13400   0.74200   0.31200	   8.0	 0.11900   0.00100	 5.3       1.00000
   0.13200   0.74300   0.32900	   9.0	 0.11100   0.00100	 5.3       1.00000
   0.12700   0.74500   16.7990	  10.0	 9.64600   0.06800	 5.3       1.00000
   0.12500   0.74400   10.4840	  11.0	 9.86300   0.04200	 5.3       1.00000
   0.12300   0.74400   15.6000	  12.0	 5.65200   0.06200	 5.3       1.00000
   0.12000   0.74500   14.5730	  13.0	 7.66100   0.05700	 5.3       1.00000
   0.11900   0.74500   0.19400	  14.0	 0.07300   0.00100	 5.3       1.00000
   0.11600   0.74400   13.7470	  15.0	 4.65900   0.05300	 5.3       1.00000
   0.11400   0.74400   14.2240	  16.0	 2.99100   0.05400	 5.3       1.00000
   0.11300   0.74300   13.6740	  17.0	 3.26200   0.05200	 5.3       1.00000
   0.11000   0.74200   0.24000	  18.0	 0.05600   0.00100	 5.3       1.00000
   0.10800   0.74100   12.4670	  19.0	 2.23300   0.04600	 5.3       1.00000
   0.10600   0.74000   11.4430	  20.0	 2.09600   0.04200	 5.3       1.00000
   0.10500   0.73900   0.33200	  21.0	 0.04900   0.00100	 5.3       1.00000
   0.10300   0.73700   6.44400	  22.0	 1.07800   0.02300	 5.3       1.00000
   0.29800   0.88700   1.00700	  23.0	 0.53800   0.00900	 5.3       1.00000
   0.29300   0.89200   0.54100	  24.0	 0.31000   0.00500	 5.3       1.00000
   0.28700   0.89600   1.01700	  25.0	 0.42600   0.00900	 5.3       1.00000
   0.27000   0.89200   0.47200	  26.0	 0.24200   0.00400	 5.3       1.00000
   0.26400   0.89600   0.07500	  27.0	 0.14000   0.00100	 5.3       1.00000
   0.26000   0.89700   0.22300	  28.0	 0.12800   0.00200	 5.3       1.00000
   0.25100   0.89700   0.46200	  29.0	 0.16600   0.00300	 5.3       1.00000
   0.24800   0.89500   0.66700	  30.0	 0.17100   0.00500	 5.3       1.00000
   0.24500   0.89500   0.37400	  31.0	 0.11200   0.00300	 5.3       1.00000
   0.23800   0.89400   0.50300	  32.0	 0.12600   0.00300	 5.3       1.00000
   0.23400   0.89400   0.49300	  33.0	 0.11300   0.00300	 5.3       1.00000
   0.22800   0.89400   0.45600	  34.0	 0.09900   0.00300	 5.3       1.00000
   0.22400   0.89300   0.42200	  35.0	 0.08400   0.00300	 5.3       1.00000
   0.22100   0.89300   0.48600	  36.0	 0.08600   0.00300	 5.3       1.00000
   0.21400   0.89300   0.46600	  37.0	 0.07500   0.00300	 5.3       1.00000
   0.21100   0.89200   0.42800	  38.0	 0.06700   0.00300	 5.3       1.00000
   0.20600   0.89200   0.38200	  39.0	 0.06100   0.00200	 5.3       1.00000
   0.20200   0.89100   0.43800	  40.0	 0.05900   0.00300	 5.3       1.00000
   0.19900   0.89000   0.43400	  41.0	 0.05600   0.00200	 5.3       1.00000
   0.19300   0.88900   0.42200	  42.0	 0.05000   0.00200	 5.3       1.00000
   0.19000   0.88800   0.47700	  43.0	 0.04900   0.00300	 5.3       1.00000
   0.18700   0.88700   0.39500	  44.0	 0.04400   0.00200	 5.3       1.00000
   0.18300   0.88500   0.46200	  45.0	 0.04300   0.00200	 5.3       1.00000
   0.18000   0.88300   0.49500	  46.0	 0.04200   0.00300	 5.3       1.00000
   0.17500   0.88100   0.41600	  47.0	 0.03700   0.00200	 5.3       1.00000
   0.17300   0.88000   0.44700	  48.0	 0.03600   0.00200	 5.3       1.00000
   0.16900   0.87900   0.38900	  49.0	 0.03200   0.00200	 5.3       1.00000
   0.16600   0.87700   0.45500	  50.0	 0.03200   0.00200	 5.3       1.00000
   0.16300   0.87600   0.40500	  51.0	 0.03000   0.00200	 5.3       1.00000
   0.16000   0.87400   0.41700	  52.0	 0.02900   0.00200	 5.3       1.00000
   0.15700   0.87300   0.42700	  53.0	 0.02800   0.00200	 5.3       1.00000
   0.15400   0.87100   0.40200	  54.0	 0.02600   0.00200	 5.3       1.00000
   0.15100   0.86900   0.46600	  55.0	 0.02600   0.00200	 5.3       1.00000
   0.14800   0.86800   0.39500	  56.0	 0.02300   0.00200	 5.3       1.00000
   0.14600   0.86600   0.43900	  57.0	 0.02400   0.00200	 5.3       1.00000
   0.14300   0.86400   0.40000	  58.0	 0.02300   0.00200	 5.3       1.00000
   0.14000   0.86100   0.45500	  59.0	 0.03300   0.00200	 5.3       1.00000
   0.13700   0.85900   14.0280	  60.0	 5.03200   0.06000	 5.3       1.00000
   0.13500   0.85700   14.4980	  61.0	 2.39200   0.06100	 5.3       1.00000
   0.13300   0.85500   12.8320	  62.0	 1.93700   0.05400	 5.3       1.00000
   0.13100   0.85400   12.1410	  63.0	 1.65900   0.05000	 5.3       1.00000
   0.12900   0.85300   11.7890	  64.0	 1.28700   0.04800	 5.3       1.00000
   0.12700   0.85200   10.0690	  65.0	 1.48000   0.04100	 5.3       1.00000
   0.12500   0.85200   11.7270	  66.0	 1.94800   0.04700	 5.3       1.00000
   0.12300   0.85000   0.05700	  67.0	 0.01000   0.00000	 5.3       1.00000
   0.12000   0.85000   10.2130	  68.0	 1.23400   0.04000	 5.3       1.00000
   0.11900   0.84900   4.94300	  69.0	 0.73700   0.01900	 5.3       1.00000
   0.74700   1.07600   0.33300	  70.0	 0.20500   0.02500	 5.3       1.00000
   0.72200   1.07700   0.28900	  71.0	 0.16200   0.02000	 5.3       1.00000
   0.70400   1.07500   0.46200	  72.0	 0.21100   0.03000	 5.3       1.00000
   0.68100   1.07500   0.48300	  73.0	 0.20300   0.02800	 5.3       1.00000
   0.65900   1.07600   0.63100	  74.0	 0.18600   0.03300	 5.3       1.00000
   0.64400   1.07500   0.60900	  75.0	 0.14200   0.02900	 5.3       1.00000
   0.62300   1.07400   0.58600	  76.0	 0.13600   0.02600	 5.3       1.00000
   0.60600   1.07400   0.72600	  77.0	 0.13900   0.02900	 5.3       1.00000
   0.58900   1.07200   0.30200	  78.0	 0.08800   0.01100	 5.3       1.00000
   0.57500   1.07200   0.32800	  79.0	 0.08800   0.01100	 5.3       1.00000
   0.55700   1.07100   0.37700	  80.0	 0.08900   0.01200	 5.3       1.00000
   0.54100   1.07000   0.37300	  81.0	 0.08700   0.01100	 5.3       1.00000
   0.53000   1.06900   0.47600	  82.0	 0.09100   0.01300	 5.3       1.00000
   0.51400   1.06700   0.39300	  83.0	 0.07900   0.01000	 5.3       1.00000
   0.49900   1.06700   0.41200	  84.0	 0.07900   0.01000	 5.3       1.00000
   0.48800   1.06700   0.28900	  85.0	 0.06600   0.00700	 5.3       1.00000
   0.47500   1.06500   0.34000	  86.0	 0.06500   0.00700	 5.3       1.00000
   0.46300   1.06400   0.37700	  87.0	 0.06200   0.00800	 5.3       1.00000
   0.45000   1.06300   0.41700	  88.0	 0.06300   0.00800	 5.3       1.00000
   0.43900   1.06100   0.44000	  89.0	 0.05800   0.00800	 5.3       1.00000
   0.42900   1.06000   0.49700	  90.0	 0.05600   0.00900	 5.3       1.00000
   0.41500   1.05900   0.34300	  91.0	 0.04800   0.00600	 5.3       1.00000
   0.40800   1.05800   0.44900	  92.0	 0.04900   0.00700	 5.3       1.00000
   0.39500   1.05600   0.37100	  93.0	 0.04400   0.00500	 5.3       1.00000
   0.38700   1.05500   0.29800	  94.0	 0.03900   0.00400	 5.3       1.00000
   0.37900   1.05400   0.36200	  95.0	 0.04100   0.00500	 5.3       1.00000
   0.36900   1.05300   0.47500	  96.0	 0.04300   0.00600	 5.3       1.00000
   0.36000   1.05100   0.39000	  97.0	 0.03800   0.00500	 5.3       1.00000
   0.35200   1.05000   0.43700	  98.0	 0.03800   0.00500	 5.3       1.00000
   0.34400   1.04900   0.42800	  99.0	 0.03600   0.00500	 5.3       1.00000
   0.33700   1.04700   0.45800	 100.0	 0.03500   0.00500	 5.3       1.00000
   0.32900   1.04600   0.42200	 101.0	 0.03300   0.00500	 5.3       1.00000
   0.32200   1.04500   0.37900	 102.0	 0.03000   0.00400	 5.3       1.00000
   0.31400   1.04400   0.37700	 103.0	 0.02900   0.00400	 5.3       1.00000
   0.30700   1.04200   0.36200	 104.0	 0.02700   0.00300	 5.3       1.00000
   0.30100   1.04100   0.44300	 105.0	 0.02900   0.00400	 5.3       1.00000
   0.29400   1.03900   0.42400	 106.0	 0.02800   0.00400	 5.3       1.00000
   0.28800   1.03800   0.43200	 107.0	 0.02700   0.00400	 5.3       1.00000
   0.28200   1.03600   0.38500	 108.0	 0.02500   0.00300	 5.3       1.00000
   0.27500   1.03500   0.40000	 109.0	 0.02500   0.00300	 5.3       1.00000
   0.27100   1.03300   0.44600	 110.0	 0.02600   0.00400	 5.3       1.00000
   0.26400   1.03200   0.43700	 111.0	 0.02500   0.00300	 5.3       1.00000
   0.25800   1.03100   0.39400	 112.0	 0.02300   0.00300	 5.3       1.00000
   0.25400   1.02900   0.40800	 113.0	 0.02300   0.00300	 5.3       1.00000
   0.24800   1.02700   0.43200	 114.0	 0.02300   0.00300	 5.3       1.00000
   0.24300   1.02600   0.39100	 115.0	 0.02200   0.00300	 5.3       1.00000
   0.23800   1.02500   0.40500	 116.0	 0.02200   0.00300	 5.3       1.00000
   0.23300   1.02300   0.42600	 117.0	 0.02200   0.00300	 5.3       1.00000
   0.22800   1.02200   0.41500	 118.0	 0.02100   0.00300	 5.3       1.00000
   0.22500   1.02000   0.42100	 119.0	 0.02100   0.00300	 5.3       1.00000
   0.22000   1.01900   0.43300	 120.0	 0.02100   0.00300	 5.3       1.00000
   0.21600   1.01700   0.44400	 121.0	 0.02100   0.00300	 5.3       1.00000
   0.21200   1.01600   0.41000	 122.0	 0.02000   0.00200	 5.3       1.00000
   0.20800   1.01500   0.42000	 123.0	 0.02000   0.00200	 5.3       1.00000
   0.20500   1.01400   0.42400	 124.0	 0.02000   0.00200	 5.3       1.00000
   0.20200   1.01300   0.41800	 125.0	 0.02000   0.00200	 5.3       1.00000
   0.19700   1.01300   0.41800	 126.0	 0.01900   0.00200	 5.3       1.00000
   0.19400   1.01200   0.44100	 127.0	 0.02000   0.00200	 5.3       1.00000
   0.19100   1.01200   0.43500	 128.0	 0.01900   0.00200	 5.3       1.00000
   0.18700   1.01200   0.42100	 129.0	 0.01900   0.00200	 5.3       1.00000
   0.18500   1.01100   0.41800	 130.0	 0.01900   0.00200	 5.3       1.00000
   0.18100   1.01100   0.40900	 131.0	 0.01900   0.00200	 5.3       1.00000
   0.17800   1.01100   0.44900	 132.0	 0.01900   0.00200	 5.3       1.00000
   0.17500   1.01100   0.42600	 133.0	 0.01800   0.00200	 5.3       1.00000
   0.17200   1.01000   0.41400	 134.0	 0.01800   0.00200	 5.3       1.00000
   0.16900   1.01000   0.44600	 135.0	 0.01900   0.00200	 5.3       1.00000
   0.16600   1.00900   0.45100	 136.0	 0.01900   0.00200	 5.3       1.00000
   0.16400   1.00800   0.43400	 137.0	 0.01800   0.00200	 5.3       1.00000
   0.16100   1.00800   0.43100	 138.0	 0.01800   0.00200	 5.3       1.00000
   0.15900   1.00800   0.41900	 139.0	 0.01800   0.00200	 5.3       1.00000
   0.15600   1.00800   0.43600	 140.0	 0.01800   0.00200	 5.3       1.00000
   0.15400   1.00800   0.43700	 141.0	 0.01800   0.00200	 5.3       1.00000
   0.15200   1.00800   0.43800	 142.0	 0.01800   0.00200	 5.3       1.00000
   0.14900   1.00800   0.44000	 143.0	 0.01800   0.00200	 5.3       1.00000
   0.14700   1.00700   0.45500	 144.0	 0.01800   0.00200	 5.3       1.00000
   0.14500   1.00700   0.45500	 145.0	 0.01900   0.00200	 5.3       1.00000
   0.14300   1.00700   0.44000	 146.0	 0.01800   0.00200	 5.3       1.00000
   0.76800   1.22100   0.22000	 147.0	 0.03700   0.01900	 5.3       1.00000
   0.74700   1.22200   0.43300	 148.0	 0.05600   0.03400	 5.3       1.00000
   0.72700   1.22000   0.52400	 149.0	 0.05800   0.03800	 5.3       1.00000
   0.70700   1.22100   0.66300	 150.0	 0.05800   0.04300	 5.3       1.00000
   0.68800   1.22000   0.69900	 151.0	 0.05300   0.04100	 5.3       1.00000
   0.67100   1.21800   0.75400	 152.0	 0.05100   0.04100	 5.3       1.00000
   0.65400   1.21800   0.68900	 153.0	 0.04500   0.03500	 5.3       1.00000
   0.63600   1.21700   0.60400	 154.0	 0.04000   0.02800	 5.3       1.00000
   0.61900   1.21700   0.53200	 155.0	 0.03700   0.02300	 5.3       1.00000
   0.60400   1.21700   0.45000	 156.0	 0.03400   0.01800	 5.3       1.00000
   0.58800   1.21600   0.43900	 157.0	 0.03300   0.01600	 5.3       1.00000
   0.57500   1.21600   0.37700	 158.0	 0.03200   0.01300	 5.3       1.00000
   0.55900   1.21500   0.38700	 159.0	 0.03200   0.01200	 5.3       1.00000
   0.54500   1.21400   0.43600	 160.0	 0.03300   0.01300	 5.3       1.00000
   0.53200   1.21400   0.37700	 161.0	 0.03100   0.01100	 5.3       1.00000
   0.51800   1.21300   0.43500	 162.0	 0.03200   0.01200	 5.3       1.00000
   0.50700   1.21200   0.35500	 163.0	 0.02800   0.00900	 5.3       1.00000
   0.49400   1.21200   0.35700	 164.0	 0.02800   0.00800	 5.3       1.00000
   0.48200   1.21100   0.45100	 165.0	 0.02900   0.01000	 5.3       1.00000
   0.47100   1.21000   0.42800	 166.0	 0.02700   0.00900	 5.3       1.00000
   0.45900   1.21000   0.45300	 167.0	 0.02700   0.00900	 5.3       1.00000
   0.45000   1.20800   0.40200	 168.0	 0.02500   0.00800	 5.3       1.00000
   0.43900   1.20800   0.42800	 169.0	 0.02500   0.00800	 5.3       1.00000
   0.43000   1.20700   0.39900	 170.0	 0.02400   0.00700	 5.3       1.00000
   0.42100   1.20700   0.41100	 171.0	 0.02400   0.00700	 5.3       1.00000
   0.41000   1.20600   0.35000	 172.0	 0.02200   0.00500	 5.3       1.00000
   0.40100   1.20600   0.40600	 173.0	 0.02300   0.00600	 5.3       1.00000
   0.39300   1.20500   0.38600	 174.0	 0.02200   0.00600	 5.3       1.00000
   0.38500   1.20500   0.36800	 175.0	 0.02200   0.00500	 5.3       1.00000
   0.37700   1.20500   0.40500	 176.0	 0.02200   0.00500	 5.3       1.00000
   0.36900   1.20400   0.43300	 177.0	 0.02200   0.00600	 5.3       1.00000
   0.36100   1.20400   0.40300	 178.0	 0.02100   0.00500	 5.3       1.00000
   0.35400   1.20400   0.40400	 179.0	 0.02000   0.00500	 5.3       1.00000
   0.34800   1.20400   0.38700	 180.0	 0.02000   0.00500	 5.3       1.00000
   0.34000   1.20400   0.42400	 181.0	 0.02100   0.00500	 5.3       1.00000
   0.33300   1.20400   0.42800	 182.0	 0.02100   0.00500	 5.3       1.00000
   0.32600   1.20400   0.37700	 183.0	 0.01900   0.00400	 5.3       1.00000
   0.31900   1.20400   0.35900	 184.0	 0.01900   0.00400	 5.3       1.00000
   0.31400   1.20400   0.42800	 185.0	 0.02000   0.00400	 5.3       1.00000
   0.30800   1.20400   0.40700	 186.0	 0.02000   0.00400	 5.3       1.00000
   0.30200   1.20400   0.42700	 187.0	 0.02000   0.00400	 5.3       1.00000
   0.29500   1.20500   0.45900	 188.0	 0.02100   0.00400	 5.3       1.00000
   0.29100   1.20500   0.44200	 189.0	 0.02000   0.00400	 5.3       1.00000
   0.28500   1.20400   0.43200	 190.0	 0.02000   0.00400	 5.3       1.00000
   0.28000   1.20400   0.43400	 191.0	 0.02000   0.00400	 5.3       1.00000
   0.27400   1.20300   0.44300	 192.0	 0.02000   0.00400	 5.3       1.00000
   0.26900   1.20300   0.41100	 193.0	 0.01900   0.00300	 5.3       1.00000
   0.26400   1.20200   0.43800	 194.0	 0.02000   0.00300	 5.3       1.00000
   0.25900   1.20100   0.42600	 195.0	 0.02000   0.00300	 5.3       1.00000
   0.25500   1.20100   0.38200	 196.0	 0.01900   0.00300	 5.3       1.00000
   0.25000   1.20000   0.40400	 197.0	 0.01900   0.00300	 5.3       1.00000
   0.24600   1.19900   0.41300	 198.0	 0.01900   0.00300	 5.3       1.00000
   0.24200   1.19900   0.44000	 199.0	 0.01900   0.00300	 5.3       1.00000
   0.23800   1.19900   0.42200	 200.0	 0.01900   0.00300	 5.3       1.00000
   0.23400   1.19900   0.40700	 201.0	 0.01900   0.00300	 5.3       1.00000
   0.23000   1.20100   0.41900	 202.0	 0.01900   0.00300	 5.3       1.00000
   0.22700   1.20100   0.44600	 203.0	 0.01900   0.00300	 5.3       1.00000
   0.22300   1.20100   0.45600	 204.0	 0.01900   0.00300	 5.3       1.00000
   0.21900   1.20200   0.39100	 205.0	 0.01800   0.00200	 5.3       1.00000
   0.21500   1.20200   0.41100	 206.0	 0.01900   0.00300	 5.3       1.00000
   0.21200   1.20300   0.44100	 207.0	 0.01900   0.00300	 5.3       1.00000
   0.20800   1.20400   0.40000	 208.0	 0.01800   0.00200	 5.3       1.00000
   0.20500   1.20300   0.41500	 209.0	 0.01800   0.00200	 5.3       1.00000
   0.20200   1.20400   0.46000	 210.0	 0.01900   0.00300	 5.3       1.00000
   0.19800   1.20300   0.42600	 211.0	 0.01800   0.00200	 5.3       1.00000
   0.19500   1.20200   0.41500	 212.0	 0.01800   0.00200	 5.3       1.00000
   0.19200   1.20100   0.42900	 213.0	 0.01900   0.00200	 5.3       1.00000
   0.18900   1.20000   0.37400	 214.0	 0.01800   0.00200	 5.3       1.00000
   0.18600   1.19900   0.42700	 215.0	 0.01900   0.00200	 5.3       1.00000
   0.18400   1.19800   0.41700	 216.0	 0.01800   0.00200	 5.3       1.00000
   0.18100   1.19800   0.45100	 217.0	 0.01900   0.00200	 5.3       1.00000
   0.17900   1.19900   0.41700	 218.0	 0.01800   0.00200	 5.3       1.00000
   0.17600   1.20000   0.40900	 219.0	 0.01800   0.00200	 5.3       1.00000
   0.17400   1.20100   0.41800	 220.0	 0.01800   0.00200	 5.3       1.00000
   0.17100   1.20200   0.42000	 221.0	 0.01700   0.00200	 5.3       1.00000
   0.79400   1.43000   0.20100	 222.0	 0.03000   0.02000	 5.3       1.00000
   0.77500   1.43000   0.30100	 223.0	 0.04200   0.02800	 5.3       1.00000
   0.75700   1.43100   0.43100	 224.0	 0.04800   0.03600	 5.3       1.00000
   0.73900   1.43000   0.53800	 225.0	 0.04800   0.04100	 5.3       1.00000
   0.72200   1.42800   0.64100	 226.0	 0.04700   0.04500	 5.3       1.00000
   0.70500   1.42900   0.70500	 227.0	 0.04500   0.04600	 5.3       1.00000
   0.68800   1.42900   0.62800	 228.0	 0.04000   0.03800	 5.3       1.00000
   0.67200   1.42900   0.56500	 229.0	 0.03600   0.03100	 5.3       1.00000
   0.65600   1.43000   0.53200	 230.0	 0.03500   0.02700	 5.3       1.00000
   0.64100   1.42800   0.41700	 231.0	 0.03100   0.02000	 5.3       1.00000
   0.62600   1.43000   0.38300	 232.0	 0.03000   0.01700	 5.3       1.00000
   0.61100   1.42900   0.35700	 233.0	 0.02900   0.01500	 5.3       1.00000
   0.59800   1.42900   0.36900	 234.0	 0.02900   0.01400	 5.3       1.00000
   0.58500   1.42900   0.39400	 235.0	 0.03000   0.01400	 5.3       1.00000
   0.57300   1.42800   0.38300	 236.0	 0.02900   0.01300	 5.3       1.00000
   0.55900   1.42900   0.40200	 237.0	 0.02900   0.01300	 5.3       1.00000
   0.54700   1.42800   0.39900	 238.0	 0.02900   0.01200	 5.3       1.00000
   0.53500   1.42900   0.42300	 239.0	 0.02900   0.01200	 5.3       1.00000
   0.52400   1.42800   0.43900	 240.0	 0.02800   0.01200	 5.3       1.00000
   0.51200   1.42800   0.38200	 241.0	 0.02600   0.01000	 5.3       1.00000
   0.50100   1.42600   0.45800	 242.0	 0.02700   0.01100	 5.3       1.00000
   0.49000   1.42500   0.39300	 243.0	 0.02500   0.00900	 5.3       1.00000
   0.48100   1.42500   0.41300	 244.0	 0.02400   0.00900	 5.3       1.00000
   0.47100   1.42500   0.37000	 245.0	 0.02300   0.00800	 5.3       1.00000
   0.46100   1.42400   0.37300	 246.0	 0.02300   0.00700	 5.3       1.00000
   0.45300   1.42400   0.40100	 247.0	 0.02400   0.00800	 5.3       1.00000
   0.44300   1.42400   0.37400	 248.0	 0.02300   0.00700	 5.3       1.00000
   0.43400   1.42400   0.40100	 249.0	 0.02300   0.00700	 5.3       1.00000
   0.42600   1.42400   0.41600	 250.0	 0.02300   0.00700	 5.3       1.00000
   0.41700   1.42400   0.43800	 251.0	 0.02300   0.00700	 5.3       1.00000
   0.41000   1.42500   0.40500	 252.0	 0.02200   0.00600	 5.3       1.00000
   0.40100   1.42500   0.41800	 253.0	 0.02200   0.00600	 5.3       1.00000
   0.39400   1.42500   0.40000	 254.0	 0.02100   0.00600	 5.3       1.00000
   0.38600   1.42600   0.35100	 255.0	 0.02000   0.00500	 5.3       1.00000
   0.37900   1.42700   0.38500	 256.0	 0.02100   0.00500	 5.3       1.00000
   0.37200   1.42700   0.36700	 257.0	 0.02000   0.00500	 5.3       1.00000
   0.36500   1.42800   0.38800	 258.0	 0.02100   0.00500	 5.3       1.00000
   0.35900   1.42900   0.41000	 259.0	 0.02100   0.00500	 5.3       1.00000
   0.35200   1.43000   0.38100	 260.0	 0.02000   0.00500	 5.3       1.00000
   0.34500   1.43100   0.42400	 261.0	 0.02100   0.00500	 5.3       1.00000
   0.34000   1.43100   0.41900	 262.0	 0.02100   0.00500	 5.3       1.00000
   0.33400   1.43200   0.44700	 263.0	 0.02100   0.00500	 5.3       1.00000
   0.32700   1.43100   0.38700	 264.0	 0.02000   0.00400	 5.3       1.00000
   0.32200   1.43200   0.45700	 265.0	 0.02100   0.00500	 5.3       1.00000
   0.31600   1.43100   0.45500	 266.0	 0.02100   0.00500	 5.3       1.00000
   0.31000   1.43100   0.39700	 267.0	 0.02000   0.00400	 5.3       1.00000
   0.30500   1.43000   0.40400	 268.0	 0.02000   0.00400	 5.3       1.00000
   0.30000   1.43100   0.43100	 269.0	 0.02000   0.00400	 5.3       1.00000
   0.29400   1.42900   0.39700	 270.0	 0.01900   0.00400	 5.3       1.00000
   0.28900   1.42900   0.37700	 271.0	 0.01900   0.00300	 5.3       1.00000
   0.28500   1.42900   0.44200	 272.0	 0.02000   0.00400	 5.3       1.00000
   0.28000   1.42900   0.39100	 273.0	 0.01900   0.00300	 5.3       1.00000
   0.27600   1.42800   0.40000	 274.0	 0.01900   0.00300	 5.3       1.00000
   0.27100   1.42800   0.39900	 275.0	 0.02000   0.00300	 5.3       1.00000
   0.26700   1.42900   0.42300	 276.0	 0.02000   0.00300	 5.3       1.00000
   0.26200   1.42800   0.41000	 277.0	 0.02000   0.00300	 5.3       1.00000
   0.25800   1.42800   0.40500	 278.0	 0.01900   0.00300	 5.3       1.00000
   0.25400   1.42700   0.39200	 279.0	 0.01900   0.00300	 5.3       1.00000
   0.25000   1.42700   0.45000	 280.0	 0.02000   0.00300	 5.3       1.00000
   0.24500   1.42800   0.41900	 281.0	 0.02000   0.00300	 5.3       1.00000
   0.24100   1.42700   0.38700	 282.0	 0.01900   0.00300	 5.3       1.00000
   0.23800   1.42700   0.40900	 283.0	 0.01900   0.00300	 5.3       1.00000
   0.23400   1.42700   0.42100	 284.0	 0.02000   0.00300	 5.3       1.00000
   0.23100   1.42700   0.45500	 285.0	 0.02000   0.00300	 5.3       1.00000
   0.22900   1.42800   0.39000	 286.0	 0.01900   0.00300	 5.3       1.00000
   0.22500   1.42900   0.40600	 287.0	 0.01900   0.00300	 5.3       1.00000
   0.22200   1.43100   0.42400	 288.0	 0.01900   0.00300	 5.3       1.00000
   0.21800   1.43300   0.43100	 289.0	 0.01900   0.00300	 5.3       1.00000
   0.21500   1.43400   0.43800	 290.0	 0.01800   0.00300	 5.3       1.00000
   0.21100   1.43500   0.44000	 291.0	 0.01800   0.00300	 5.3       1.00000
   0.20800   1.43500   0.44900	 292.0	 0.01800   0.00300	 5.3       1.00000
   0.20600   1.43500   0.42100	 293.0	 0.01700   0.00200	 5.3       1.00000
   0.20300   1.43300   0.44700	 294.0	 0.01800   0.00300	 5.3       1.00000
   0.82300   1.70000   0.18000	 295.0	 0.03100   0.02100	 5.3       1.00000
   0.80400   1.70100   0.29200	 296.0	 0.04700   0.03100	 5.3       1.00000
   0.78800   1.70100   0.38000	 297.0	 0.05200   0.03700	 5.3       1.00000
   0.77000   1.70000   0.54400	 298.0	 0.05700   0.04800	 5.3       1.00000
   0.75500   1.70200   0.60900	 299.0	 0.05500   0.05000	 5.3       1.00000
   0.74000   1.70200   0.60200	 300.0	 0.05100   0.04600	 5.3       1.00000
   0.72500   1.70400   0.68600	 301.0	 0.05000   0.04900	 5.3       1.00000
   0.71000   1.70300   0.59300	 302.0	 0.04400   0.03900	 5.3       1.00000
   0.69400   1.70400   0.52500	 303.0	 0.04000   0.03200	 5.3       1.00000
   0.68000   1.70400   0.39000	 304.0	 0.03600   0.02200	 5.3       1.00000
   0.66800   1.70500   0.38600	 305.0	 0.03500   0.02100	 5.3       1.00000
   0.65200   1.70500   0.39600	 306.0	 0.03500   0.02000	 5.3       1.00000
   0.63900   1.70600   0.41200	 307.0	 0.03500   0.01900	 5.3       1.00000
   0.62600   1.70700   0.39800	 308.0	 0.03400   0.01800	 5.3       1.00000
   0.61700   1.70500   0.37600	 309.0	 0.03300   0.01600	 5.3       1.00000
   0.60300   1.70500   0.39400	 310.0	 0.03300   0.01600	 5.3       1.00000
   0.59000   1.70500   0.37900	 311.0	 0.03200   0.01400	 5.3       1.00000
   0.57900   1.70500   0.37100	 312.0	 0.03000   0.01300	 5.3       1.00000
   0.56800   1.70400   0.38500	 313.0	 0.03000   0.01300	 5.3       1.00000
   0.55700   1.70400   0.42200	 314.0	 0.03000   0.01300	 5.3       1.00000
   0.54600   1.70400   0.43600	 315.0	 0.02900   0.01300	 5.3       1.00000
   0.53500   1.70400   0.44200	 316.0	 0.02900   0.01300	 5.3       1.00000
   0.52600   1.70400   0.44300	 317.0	 0.02800   0.01200	 5.3       1.00000
   0.51600   1.70400   0.38600	 318.0	 0.02700   0.01000	 5.3       1.00000
   0.50600   1.70400   0.36300	 319.0	 0.02500   0.00900	 5.3       1.00000
   0.49600   1.70400   0.39200	 320.0	 0.02600   0.00900	 5.3       1.00000
   0.48700   1.70300   0.38400	 321.0	 0.02500   0.00900	 5.3       1.00000
   0.47800   1.70400   0.36700	 322.0	 0.02400   0.00800	 5.3       1.00000
   0.46900   1.70300   0.36900	 323.0	 0.02400   0.00800	 5.3       1.00000
   0.46100   1.70300   0.41700	 324.0	 0.02500   0.00800	 5.3       1.00000
   0.45300   1.70400   0.45600	 325.0	 0.02500   0.00900	 5.3       1.00000
   0.44400   1.70400   0.36900	 326.0	 0.02300   0.00700	 5.3       1.00000
   0.43700   1.70400   0.37000	 327.0	 0.02200   0.00700	 5.3       1.00000
   0.42900   1.70400   0.37800	 328.0	 0.02200   0.00700	 5.3       1.00000
   0.42200   1.70300   0.37100	 329.0	 0.02200   0.00600	 5.3       1.00000
   0.41300   1.70400   0.38100	 330.0	 0.02200   0.00600	 5.3       1.00000
   0.40700   1.70400   0.33000	 331.0	 0.02100   0.00500	 5.3       1.00000
   0.40000   1.70400   0.43400	 332.0	 0.02300   0.00700	 5.3       1.00000
   0.39300   1.70400   0.38700	 333.0	 0.02200   0.00600	 5.3       1.00000
   0.38700   1.70400   0.37800	 334.0	 0.02200   0.00500	 5.3       1.00000
   0.38100   1.70500   0.40500	 335.0	 0.02200   0.00600	 5.3       1.00000
   0.37300   1.70400   0.43000	 336.0	 0.02200   0.00600	 5.3       1.00000
   0.36700   1.70400   0.41800	 337.0	 0.02200   0.00500	 5.3       1.00000
   0.36100   1.70400   0.36200	 338.0	 0.02100   0.00500	 5.3       1.00000
   0.35500   1.70400   0.40500	 339.0	 0.02200   0.00500	 5.3       1.00000
   0.34800   1.70300   0.43800	 340.0	 0.02200   0.00500	 5.3       1.00000
   0.34300   1.70200   0.40000	 341.0	 0.02200   0.00500	 5.3       1.00000
   0.33700   1.70300   0.42800	 342.0	 0.02200   0.00500	 5.3       1.00000
   0.33200   1.70400   0.39400	 343.0	 0.02100   0.00400	 5.3       1.00000
   0.32800   1.70400   0.41600	 344.0	 0.02200   0.00400	 5.3       1.00000
   0.32300   1.70400   0.42800	 345.0	 0.02200   0.00400	 5.3       1.00000
   0.31800   1.70400   0.43600	 346.0	 0.02200   0.00400	 5.3       1.00000
   0.31300   1.70500   0.44000	 347.0	 0.02200   0.00400	 5.3       1.00000
   0.30700   1.70500   0.43100	 348.0	 0.02100   0.00400	 5.3       1.00000
   0.30300   1.70700   0.40100	 349.0	 0.02100   0.00400	 5.3       1.00000
   0.29800   1.70700   0.41400	 350.0	 0.02100   0.00400	 5.3       1.00000
   0.29300   1.70700   0.44400	 351.0	 0.02100   0.00400	 5.3       1.00000
   0.29000   1.70800   0.41400	 352.0	 0.02000   0.00400	 5.3       1.00000
   0.28500   1.70900   0.40600	 353.0	 0.02000   0.00400	 5.3       1.00000
   0.28100   1.70900   0.41900	 354.0	 0.02000   0.00400	 5.3       1.00000
   0.27600   1.71000   0.39900	 355.0	 0.01900   0.00300	 5.3       1.00000
   0.27300   1.71000   0.42000	 356.0	 0.01900   0.00300	 5.3       1.00000
   0.26800   1.71000   0.40700	 357.0	 0.01900   0.00300	 5.3       1.00000
   0.26400   1.71000   0.45100	 358.0	 0.01900   0.00400	 5.3       1.00000
   0.26000   1.71000   0.39100	 359.0	 0.01800   0.00300	 5.3       1.00000
   0.25700   1.70900   0.42400	 360.0	 0.01900   0.00300	 5.3       1.00000
   0.25300   1.70800   0.43100	 361.0	 0.01900   0.00300	 5.3       1.00000
   0.25000   1.70800   0.45200	 362.0	 0.01900   0.00300	 5.3       1.00000
   0.24600   1.70800   0.42700	 363.0	 0.01800   0.00300	 5.3       1.00000
   0.24200   1.70800   0.41900	 364.0	 0.01800   0.00300	 5.3       1.00000
   0.23900   1.70700   0.44000	 365.0	 0.02600   0.00300	 5.3       1.00000
   0.84700   2.03200   0.14900	 366.0	 0.03500   0.01900	 5.3       1.00000
   0.82900   2.03200   0.29700	 367.0	 0.05600   0.03500	 5.3       1.00000
   0.81600   2.03200   0.44700	 368.0	 0.06700   0.04900	 5.3       1.00000
   0.80200   2.03200   0.50300	 369.0	 0.06800   0.05200	 5.3       1.00000
   0.78700   2.03100   0.53400	 370.0	 0.06500   0.05100	 5.3       1.00000
   0.77300   2.03200   0.49500	 371.0	 0.05900   0.04400	 5.3       1.00000
   0.75900   2.03100   0.56300	 372.0	 0.05600   0.04700	 5.3       1.00000
   0.74500   2.03200   0.61300	 373.0	 0.05400   0.04800	 5.3       1.00000
   0.73100   2.03100   0.52200	 374.0	 0.05000   0.03800	 5.3       1.00000
   0.71600   2.03200   0.47600	 375.0	 0.04600   0.03200	 5.3       1.00000
   0.70500   2.03300   0.35700	 376.0	 0.04000   0.02300	 5.3       1.00000
   0.69300   2.03100   0.38700	 377.0	 0.04200   0.02400	 5.3       1.00000
   0.67900   2.03500   0.33900	 378.0	 0.04000   0.01900	 5.3       1.00000
   0.66700   2.03300   0.36900	 379.0	 0.04000   0.02000	 5.3       1.00000
   0.65500   2.03300   0.41500	 380.0	 0.04100   0.02100	 5.3       1.00000
   0.64300   2.03400   0.33700	 381.0	 0.03700   0.01600	 5.3       1.00000
   0.63300   2.03500   0.38700	 382.0	 0.03900   0.01800	 5.3       1.00000
   0.62200   2.03300   0.31900	 383.0	 0.03400   0.01400	 5.3       1.00000
   0.61000   2.03300   0.40500	 384.0	 0.03600   0.01700	 5.3       1.00000
   0.60000   2.03300   0.43600	 385.0	 0.03600   0.01700	 5.3       1.00000
   0.59000   2.03200   0.40500	 386.0	 0.03500   0.01500	 5.3       1.00000
   0.58000   2.03400   0.45000	 387.0	 0.03400   0.01600	 5.3       1.00000
   0.57000   2.03400   0.37700	 388.0	 0.03200   0.01300	 5.3       1.00000
   0.55900   2.03200   0.33600	 389.0	 0.03000   0.01100	 5.3       1.00000
   0.55000   2.03400   0.36800	 390.0	 0.03100   0.01100	 5.3       1.00000
   0.54100   2.03300   0.38100	 391.0	 0.03100   0.01100	 5.3       1.00000
   0.53100   2.03300   0.38500	 392.0	 0.03000   0.01100	 5.3       1.00000
   0.52200   2.03300   0.44100	 393.0	 0.03100   0.01200	 5.3       1.00000
   0.51200   2.03400   0.39300	 394.0	 0.02900   0.01000	 5.3       1.00000
   0.50500   2.03500   0.38500	 395.0	 0.02900   0.01000	 5.3       1.00000
   0.49600   2.03300   0.42700	 396.0	 0.02900   0.01000	 5.3       1.00000
   0.48900   2.03300   0.34800	 397.0	 0.02600   0.00800	 5.3       1.00000
   0.48100   2.03300   0.38800	 398.0	 0.02700   0.00900	 5.3       1.00000
   0.47300   2.03300   0.41400	 399.0	 0.02700   0.00900	 5.3       1.00000
   0.46400   2.03300   0.37900	 400.0	 0.02600   0.00800	 5.3       1.00000
   0.45700   2.03300   0.38400	 401.0	 0.02600   0.00800	 5.3       1.00000
   0.45000   2.03300   0.39500	 402.0	 0.02600   0.00800	 5.3       1.00000
   0.44300   2.03400   0.36400	 403.0	 0.02500   0.00700	 5.3       1.00000
   0.43600   2.03300   0.39700	 404.0	 0.02600   0.00700	 5.3       1.00000
   0.42900   2.03300   0.40900	 405.0	 0.02600   0.00700	 5.3       1.00000
   0.42200   2.03400   0.40900	 406.0	 0.02600   0.00700	 5.3       1.00000
   0.41600   2.03400   0.43200	 407.0	 0.02600   0.00700	 5.3       1.00000
   0.41000   2.03500   0.43700	 408.0	 0.02600   0.00700	 5.3       1.00000
   0.40300   2.03700   0.37700	 409.0	 0.02400   0.00600	 5.3       1.00000
   0.39700   2.03800   0.38900	 410.0	 0.02400   0.00600	 5.3       1.00000
   0.39200   2.03900   0.37600	 411.0	 0.02400   0.00500	 5.3       1.00000
   0.38600   2.04000   0.44600	 412.0	 0.02500   0.00600	 5.3       1.00000
   0.37900   2.04100   0.41800	 413.0	 0.02400   0.00600	 5.3       1.00000
   0.37400   2.04100   0.35900	 414.0	 0.02300   0.00500	 5.3       1.00000
   0.36800   2.04100   0.43900	 415.0	 0.02400   0.00600	 5.3       1.00000
   0.36300   2.04200   0.38900	 416.0	 0.02300   0.00500	 5.3       1.00000
   0.35700   2.04100   0.41800	 417.0	 0.02300   0.00500	 5.3       1.00000
   0.35100   2.04000   0.38600	 418.0	 0.02300   0.00500	 5.3       1.00000
   0.34700   2.03900   0.38800	 419.0	 0.02200   0.00400	 5.3       1.00000
   0.34200   2.03900   0.40100	 420.0	 0.02200   0.00500	 5.3       1.00000
   0.33600   2.03900   0.41300	 421.0	 0.02200   0.00500	 5.3       1.00000
   0.33100   2.04000   0.38900	 422.0	 0.02200   0.00400	 5.3       1.00000
   0.32600   2.04000   0.39600	 423.0	 0.02200   0.00400	 5.3       1.00000
   0.32200   2.04000   0.37300	 424.0	 0.02100   0.00400	 5.3       1.00000
   0.31800   2.04000   0.40900	 425.0	 0.02200   0.00400	 5.3       1.00000
   0.31300   2.03900   0.40900	 426.0	 0.02200   0.00400	 5.3       1.00000
   0.30700   2.03700   0.40600	 427.0	 0.02200   0.00400	 5.3       1.00000
   0.30400   2.03600   0.41000	 428.0	 0.02200   0.00400	 5.3       1.00000
   0.30000   2.03600   0.45200	 429.0	 0.02200   0.00400	 5.3       1.00000
   0.29600   2.03400   0.42000	 430.0	 0.02200   0.00400	 5.3       1.00000
   0.29100   2.03400   0.46300	 431.0	 0.02300   0.00400	 5.3       1.00000
   0.28700   2.03300   0.42900	 432.0	 0.02300   0.00400	 5.3       1.00000
   0.28200   2.03400   0.38200	 433.0	 0.03200   0.00300	 5.3       1.00000
   0.86800   2.42000   0.22200	 434.0	 0.04800   0.03200	 5.3       1.00000
   0.85400   2.42100   0.23000	 435.0	 0.06300   0.03100	 5.3       1.00000
   0.84000   2.41900   0.37300	 436.0	 0.08000   0.04700	 5.3       1.00000
   0.83000   2.41700   0.53400	 437.0	 0.08900   0.06300	 5.3       1.00000
   0.81500   2.41500   0.52900	 438.0	 0.08000   0.05900	 5.3       1.00000
   0.80100   2.41700   0.77300	 439.0	 0.08900   0.08000	 5.3       1.00000
   0.78800   2.41600   0.53100	 440.0	 0.07200   0.05200	 5.3       1.00000
   0.77700   2.42000   0.52300	 441.0	 0.06600   0.04800	 5.3       1.00000
   0.76400   2.41600   0.49200	 442.0	 0.06300   0.04200	 5.3       1.00000
   0.75100   2.41600   0.38800	 443.0	 0.05500   0.03100	 5.3       1.00000
   0.73900   2.41700   0.36800	 444.0	 0.05100   0.02800	 5.3       1.00000
   0.72700   2.41800   0.34900	 445.0	 0.05100   0.02500	 5.3       1.00000
   0.71700   2.41900   0.27200	 446.0	 0.04700   0.01900	 5.3       1.00000
   0.70500   2.41700   0.34300	 447.0	 0.05000   0.02200	 5.3       1.00000
   0.69300   2.41800   0.30200	 448.0	 0.04700   0.01900	 5.3       1.00000
   0.68300   2.42200   0.33000	 449.0	 0.04600   0.01900	 5.3       1.00000
   0.67500   2.41700   0.29000	 450.0	 0.04500   0.01600	 5.3       1.00000
   0.66000   2.41900   0.31500	 451.0	 0.04400   0.01700	 5.3       1.00000
   0.65100   2.41900   0.39300	 452.0	 0.04600   0.02000	 5.3       1.00000
   0.64200   2.42100   0.44300	 453.0	 0.04700   0.02100	 5.3       1.00000
   0.63200   2.42200   0.48900	 454.0	 0.04700   0.02200	 5.3       1.00000
   0.62100   2.42100   0.35300	 455.0	 0.04000   0.01500	 5.3       1.00000
   0.61300   2.42400   0.42800	 456.0	 0.04100   0.01800	 5.3       1.00000
   0.60200   2.42200   0.39600	 457.0	 0.03900   0.01600	 5.3       1.00000
   0.59300   2.42300   0.34300	 458.0	 0.03800   0.01300	 5.3       1.00000
   0.58400   2.42400   0.35000	 459.0	 0.03600   0.01300	 5.3       1.00000
   0.57600   2.42600   0.33000	 460.0	 0.03500   0.01200	 5.3       1.00000
   0.56500   2.42700   0.39400	 461.0	 0.03700   0.01300	 5.3       1.00000
   0.55900   2.42700   0.39400	 462.0	 0.03600   0.01300	 5.3       1.00000
   0.54800   2.42800   0.35600	 463.0	 0.03400   0.01100	 5.3       1.00000
   0.54200   2.42800   0.38800	 464.0	 0.03300   0.01200	 5.3       1.00000
   0.53200   2.43000   0.41500	 465.0	 0.03300   0.01200	 5.3       1.00000
   0.52500   2.43000   0.40200	 466.0	 0.03200   0.01100	 5.3       1.00000
   0.51800   2.42900   0.38700	 467.0	 0.03100   0.01000	 5.3       1.00000
   0.50900   2.43000   0.39400	 468.0	 0.03100   0.01000	 5.3       1.00000
   0.50200   2.42900   0.38600	 469.0	 0.03000   0.00900	 5.3       1.00000
   0.49500   2.42800   0.38800	 470.0	 0.03000   0.00900	 5.3       1.00000
   0.48800   2.42800   0.39600	 471.0	 0.03000   0.00900	 5.3       1.00000
   0.48000   2.42900   0.34000	 472.0	 0.02800   0.00800	 5.3       1.00000
   0.47400   2.42700   0.35600	 473.0	 0.02900   0.00800	 5.3       1.00000
   0.46600   2.42800   0.42800	 474.0	 0.03000   0.00900	 5.3       1.00000
   0.45700   2.42700   0.41400	 475.0	 0.02900   0.00800	 5.3       1.00000
   0.45200   2.42800   0.40500	 476.0	 0.02900   0.00800	 5.3       1.00000
   0.44500   2.42800   0.39600	 477.0	 0.02800   0.00700	 5.3       1.00000
   0.43800   2.42700   0.43000	 478.0	 0.02900   0.00800	 5.3       1.00000
   0.43200   2.42900   0.39100	 479.0	 0.02700   0.00700	 5.3       1.00000
   0.42600   2.42800   0.42000	 480.0	 0.02800   0.00700	 5.3       1.00000
   0.42200   2.42900   0.40000	 481.0	 0.02700   0.00700	 5.3       1.00000
   0.41500   2.42800   0.47500	 482.0	 0.02900   0.00800	 5.3       1.00000
   0.40900   2.42700   0.44700	 483.0	 0.02800   0.00700	 5.3       1.00000
   0.40200   2.42700   0.37200	 484.0	 0.02600   0.00600	 5.3       1.00000
   0.39600   2.42600   0.39400	 485.0	 0.02600   0.00600	 5.3       1.00000
   0.39100   2.42500   0.41100	 486.0	 0.02600   0.00600	 5.3       1.00000
   0.38700   2.42200   0.41500	 487.0	 0.02700   0.00600	 5.3       1.00000
   0.38100   2.42300   0.43100	 488.0	 0.02700   0.00600	 5.3       1.00000
   0.37500   2.42300   0.37800	 489.0	 0.02600   0.00500	 5.3       1.00000
   0.37100   2.42400   0.39200	 490.0	 0.02600   0.00500	 5.3       1.00000
   0.36600   2.42400   0.41000	 491.0	 0.02700   0.00500	 5.3       1.00000
   0.36000   2.42300   0.40000	 492.0	 0.02700   0.00500	 5.3       1.00000
   0.35500   2.42300   0.44400	 493.0	 0.02800   0.00500	 5.3       1.00000
   0.35000   2.42200   0.43400	 494.0	 0.02800   0.00500	 5.3       1.00000
   0.34400   2.41900   0.46100	 495.0	 0.02900   0.00500	 5.3       1.00000
   0.33900   2.41700   0.42700	 496.0	 0.03000   0.00500	 5.3       1.00000
   0.33500   2.41500   0.39700	 497.0	 0.03100   0.00400	 5.3       1.00000
   0.88600   2.88900   0.15100	 498.0	 0.05400   0.02400	 5.3       1.00000
   0.87700   2.88900   0.27900	 499.0	 0.08400   0.04200	 5.3       1.00000
   0.86300   2.89100   0.41700	 500.0	 0.10700   0.05800	 5.3       1.00000
   0.85300   2.88600   0.38300	 501.0	 0.10100   0.05200	 5.3       1.00000
   0.84100   2.88900   0.50800	 502.0	 0.10700   0.06300	 5.3       1.00000
   0.82700   2.88800   0.54500	 503.0	 0.10300   0.06300	 5.3       1.00000
   0.81800   2.89000   0.61500	 504.0	 0.09900   0.06900	 5.3       1.00000
   0.80700   2.88600   0.52700	 505.0	 0.09100   0.05600	 5.3       1.00000
   0.79400   2.88900   0.48900	 506.0	 0.08100   0.04900	 5.3       1.00000
   0.78300   2.88700   0.39600	 507.0	 0.07100   0.03800	 5.3       1.00000
   0.77100   2.88800   0.34700	 508.0	 0.06400   0.03100	 5.3       1.00000
   0.76000   2.88700   0.54100	 509.0	 0.07700   0.04700	 5.3       1.00000
   0.75200   2.88800   0.30900	 510.0	 0.06200   0.02500	 5.3       1.00000
   0.73900   2.88800   0.30100	 511.0	 0.05900   0.02300	 5.3       1.00000
   0.73000   2.89000   0.41100	 512.0	 0.06400   0.03000	 5.3       1.00000
   0.72000   2.88800   0.23000	 513.0	 0.05100   0.01600	 5.3       1.00000
   0.71200   2.88900   0.34400	 514.0	 0.05700   0.02300	 5.3       1.00000
   0.70100   2.88800   0.47100	 515.0	 0.06100   0.03000	 5.3       1.00000
   0.69000   2.88700   0.28600	 516.0	 0.05000   0.01700	 5.3       1.00000
   0.68000   2.88800   0.41300	 517.0	 0.05500   0.02400	 5.3       1.00000
   0.66800   2.88600   0.47300	 518.0	 0.05600   0.02600	 5.3       1.00000
   0.66200   2.88700   0.40800	 519.0	 0.05300   0.02200	 5.3       1.00000
   0.65400   2.88600   0.36400	 520.0	 0.04700   0.01900	 5.3       1.00000
   0.64300   2.88800   0.37100	 521.0	 0.04700   0.01800	 5.3       1.00000
   0.63700   2.88900   0.41400	 522.0	 0.04800   0.02000	 5.3       1.00000
   0.62600   2.89100   0.38600	 523.0	 0.04600   0.01700	 5.3       1.00000
   0.61500   2.89100   0.47600	 524.0	 0.04900   0.02000	 5.3       1.00000
   0.60900   2.88800   0.36200	 525.0	 0.04500   0.01500	 5.3       1.00000
   0.60100   2.88800   0.38600	 526.0	 0.04300   0.01500	 5.3       1.00000
   0.59100   2.89000   0.41300	 527.0	 0.04400   0.01500	 5.3       1.00000
   0.58600   2.89000   0.34800	 528.0	 0.03900   0.01300	 5.3       1.00000
   0.57600   2.89100   0.34700	 529.0	 0.03800   0.01200	 5.3       1.00000
   0.56700   2.88800   0.31400	 530.0	 0.03600   0.01100	 5.3       1.00000
   0.56100   2.89100   0.39600	 531.0	 0.03800   0.01300	 5.3       1.00000
   0.55000   2.89000   0.35000	 532.0	 0.03500   0.01100	 5.3       1.00000
   0.54500   2.88900   0.33100	 533.0	 0.03400   0.01000	 5.3       1.00000
   0.53800   2.88900   0.40700	 534.0	 0.03700   0.01200	 5.3       1.00000
   0.53000   2.88700   0.36900	 535.0	 0.03600   0.01000	 5.3       1.00000
   0.52200   2.88700   0.36900	 536.0	 0.03600   0.01000	 5.3       1.00000
   0.51600   2.88700   0.43100	 537.0	 0.03700   0.01100	 5.3       1.00000
   0.51000   2.88600   0.37900	 538.0	 0.03500   0.01000	 5.3       1.00000
   0.50200   2.88700   0.41500	 539.0	 0.03600   0.01000	 5.3       1.00000
   0.49500   2.88800   0.44200	 540.0	 0.03700   0.01100	 5.3       1.00000
   0.48900   2.89000   0.35300	 541.0	 0.03400   0.00800	 5.3       1.00000
   0.48400   2.88800   0.36400	 542.0	 0.03400   0.00800	 5.3       1.00000
   0.47500   2.88700   0.37200	 543.0	 0.03400   0.00800	 5.3       1.00000
   0.46800   2.88600   0.41700	 544.0	 0.03500   0.00900	 5.3       1.00000
   0.46300   2.88500   0.42000	 545.0	 0.03600   0.00900	 5.3       1.00000
   0.45600   2.88500   0.35100	 546.0	 0.03400   0.00700	 5.3       1.00000
   0.45100   2.88000   0.37500	 547.0	 0.03500   0.00700	 5.3       1.00000
   0.44400   2.87700   0.43200	 548.0	 0.03700   0.00800	 5.3       1.00000
   0.43900   2.87900   0.37500	 549.0	 0.03600   0.00700	 5.3       1.00000
   0.43200   2.87400   0.40700	 550.0	 0.03700   0.00700	 5.3       1.00000
   0.42700   2.87200   0.39800	 551.0	 0.03700   0.00700	 5.3       1.00000
   0.42200   2.87000   0.40700	 552.0	 0.03900   0.00700	 5.3       1.00000
   0.41600   2.87000   0.40700	 553.0	 0.03900   0.00700	 5.3       1.00000
   0.41000   2.87100   0.37200	 554.0	 0.03900   0.00600	 5.3       1.00000
   0.40600   2.87300   0.36700	 555.0	 0.04100   0.00600	 5.3       1.00000
   0.39900   2.87300   0.30200	 556.0	 0.04000   0.00500	 5.3       1.00000
   0.89500   3.44600   0.41300	 557.0	 0.12800   0.06700	 5.3       1.00000
   0.88100   3.43400   0.46700	 558.0	 0.14300   0.07100	 5.3       1.00000
   0.87400   3.43900   0.43700	 559.0	 0.13900   0.06500	 5.3       1.00000
   0.86300   3.43300   0.57700	 560.0	 0.14600   0.08100	 5.3       1.00000
   0.85300   3.44400   0.60200	 561.0	 0.13600   0.08000	 5.3       1.00000
   0.84400   3.44200   0.45200	 562.0	 0.12000   0.05700	 5.3       1.00000
   0.83100   3.43800   0.55200	 563.0	 0.11900   0.06600	 5.3       1.00000
   0.82300   3.44900   0.48600	 564.0	 0.10100   0.05700	 5.3       1.00000
   0.81400   3.43400   0.22700	 565.0	 0.07500   0.02500	 5.3       1.00000
   0.80300   3.44400   0.33800	 566.0	 0.08400   0.03500	 5.3       1.00000
   0.78900   3.44300   0.43100	 567.0	 0.08900   0.04200	 5.3       1.00000
   0.78100   3.44400   0.20200	 568.0	 0.07800   0.01900	 5.3       1.00000
   0.77200   3.43800   0.29900	 569.0	 0.07800   0.02700	 5.3       1.00000
   0.76400   3.44300   0.46400	 570.0	 0.08800   0.04000	 5.3       1.00000
   0.75600   3.44300   0.33500	 571.0	 0.07300   0.02800	 5.3       1.00000
   0.74400   3.43800   0.38400	 572.0	 0.07700   0.03000	 5.3       1.00000
   0.73500   3.44200   0.22500	 573.0	 0.06000   0.01700	 5.3       1.00000
   0.72500   3.43900   0.29000	 574.0	 0.06900   0.02100	 5.3       1.00000
   0.71500   3.44200   0.46700	 575.0	 0.07800   0.03200	 5.3       1.00000
   0.70900   3.44100   0.41300	 576.0	 0.07000   0.02700	 5.3       1.00000
   0.69900   3.44100   0.32900	 577.0	 0.06600   0.02100	 5.3       1.00000
   0.69100   3.44800   0.38900	 578.0	 0.06300   0.02400	 5.3       1.00000
   0.68300   3.44000   0.34600	 579.0	 0.06000   0.02000	 5.3       1.00000
   0.67200   3.44200   0.30200	 580.0	 0.05700   0.01700	 5.3       1.00000
   0.66300   3.44400   0.46700	 581.0	 0.06400   0.02500	 5.3       1.00000
   0.65800   3.44000   0.44600	 582.0	 0.06200   0.02300	 5.3       1.00000
   0.65000   3.44100   0.32700	 583.0	 0.05400   0.01600	 5.3       1.00000
   0.63900   3.43700   0.29900	 584.0	 0.05200   0.01400	 5.3       1.00000
   0.63200   3.43800   0.43800	 585.0	 0.05900   0.02000	 5.3       1.00000
   0.62500   3.43600   0.48300	 586.0	 0.05900   0.02200	 5.3       1.00000
   0.61600   3.43300   0.38300	 587.0	 0.05200   0.01600	 5.3       1.00000
   0.60800   3.43300   0.28500	 588.0	 0.04700   0.01200	 5.3       1.00000
   0.60200   3.43400   0.37100	 589.0	 0.04900   0.01500	 5.3       1.00000
   0.59400   3.43000   0.32500	 590.0	 0.04800   0.01200	 5.3       1.00000
   0.58700   3.42700   0.40800	 591.0	 0.05200   0.01500	 5.3       1.00000
   0.57900   3.42500   0.26200	 592.0	 0.04400   0.00900	 5.3       1.00000
   0.57500   3.42400   0.41300	 593.0	 0.05300   0.01400	 5.3       1.00000
   0.56600   3.42600   0.30700	 594.0	 0.04800   0.01000	 5.3       1.00000
   0.55800   3.42300   0.43700	 595.0	 0.05400   0.01400	 5.3       1.00000
   0.55000   3.42000   0.43800	 596.0	 0.05600   0.01400	 5.3       1.00000
   0.54400   3.42500   0.37600	 597.0	 0.05000   0.01100	 5.3       1.00000
   0.53700   3.42200   0.32200	 598.0	 0.04900   0.00900	 5.3       1.00000
   0.53200   3.42200   0.51200	 599.0	 0.06000   0.01400	 5.3       1.00000
   0.52500   3.42500   0.39300	 600.0	 0.05200   0.01100	 5.3       1.00000
   0.51800   3.42500   0.40600	 601.0	 0.05400   0.01100	 5.3       1.00000
   0.51100   3.42100   0.36200	 602.0	 0.05400   0.00900	 5.3       1.00000
   0.50500   3.42200   0.35100	 603.0	 0.05400   0.00900	 5.3       1.00000
   0.49800   3.42500   0.40200	 604.0	 0.05600   0.01000	 5.3       1.00000
   0.49100   3.42200   0.38000	 605.0	 0.05800   0.00900	 5.3       1.00000
   0.48300   3.41800   0.33000	 606.0	 0.05600   0.00700	 5.3       1.00000
   0.47400   3.41800   0.35700	 607.0	 0.06800   0.00800	 5.3       1.00000
   0.47100   3.41100   0.30800	 608.0	 0.07100   0.00700	 5.3       1.00000
   0.46300   3.40300   0.17300	 609.0	 0.07900   0.00400	 5.3       1.00000
   0.92000   4.10700   0.23200	 610.0	 0.11700   0.04300	 5.3       1.00000
   0.89900   4.09900   0.16700	 611.0	 0.16000   0.02800	 5.3       1.00000
   0.89100   4.08800   0.11700	 612.0	 0.17100   0.01900	 5.3       1.00000
   0.87900   4.08900   0.77100	 613.0	 0.23500   0.11600	 5.3       1.00000
   0.87200   4.09500   0.53200	 614.0	 0.18900   0.07700	 5.3       1.00000
   0.86300   4.08700   0.56300	 615.0	 0.18800   0.07800	 5.3       1.00000
   0.85200   4.08400   0.60800	 616.0	 0.18000   0.08100	 5.3       1.00000
   0.84500   4.09200   0.33100	 617.0	 0.14600   0.04200	 5.3       1.00000
   0.83700   4.09200   0.28000	 618.0	 0.12700   0.03400	 5.3       1.00000
   0.82400   4.09400   0.23000	 619.0	 0.11400   0.02700	 5.3       1.00000
   0.81700   4.08800   0.52600	 620.0	 0.13800   0.05900	 5.3       1.00000
   0.81200   4.08600   0.37800	 621.0	 0.12100   0.04100	 5.3       1.00000
   0.80200   4.09800   0.44200	 622.0	 0.12700   0.04600	 5.3       1.00000
   0.78900   4.09200   0.48200	 623.0	 0.13000   0.04800	 5.3       1.00000
   0.78500   4.09500   0.21400	 624.0	 0.09100   0.02100	 5.3       1.00000
   0.77000   4.08800   0.22000	 625.0	 0.09700   0.02000	 5.3       1.00000
   0.76800   4.08000   0.37300	 626.0	 0.10300   0.03400	 5.3       1.00000
   0.75900   4.07700   0.15100	 627.0	 0.09100   0.01200	 5.3       1.00000
   0.75100   4.07500   0.37900	 628.0	 0.11700   0.03100	 5.3       1.00000
   0.73900   4.07800   0.32800	 629.0	 0.10300   0.02500	 5.3       1.00000
   0.73400   4.08500   0.30400	 630.0	 0.09700   0.02300	 5.3       1.00000
   0.72700   4.08800   0.26400	 631.0	 0.09000   0.01900	 5.3       1.00000
   0.71900   4.08800   0.40600	 632.0	 0.09900   0.02900	 5.3       1.00000
   0.70800   4.08400   0.38700	 633.0	 0.09600   0.02600	 5.3       1.00000
   0.70300   4.08000   0.26000	 634.0	 0.08400   0.01700	 5.3       1.00000
   0.69500   4.08500   0.25400	 635.0	 0.08400   0.01600	 5.3       1.00000
   0.68800   4.08400   0.44100	 636.0	 0.10100   0.02600	 5.3       1.00000
   0.68000   4.08200   0.42800	 637.0	 0.09700   0.02500	 5.3       1.00000
   0.67200   4.08400   0.33000	 638.0	 0.08700   0.01800	 5.3       1.00000
   0.66400   4.08200   0.44800	 639.0	 0.10000   0.02400	 5.3       1.00000
   0.66100   4.08200   0.43000	 640.0	 0.09700   0.02300	 5.3       1.00000
   0.64700   4.07800   0.49300	 641.0	 0.09800   0.02400	 5.3       1.00000
   0.64100   4.08000   0.58500	 642.0	 0.10400   0.02800	 5.3       1.00000
   0.63100   4.08100   0.26500	 643.0	 0.07700   0.01200	 5.3       1.00000
   0.62400   4.08400   0.31200	 644.0	 0.08400   0.01400	 5.3       1.00000
   0.62000   4.07900   0.22100	 645.0	 0.07600   0.00900	 5.3       1.00000
   0.61100   4.06900   0.33200	 646.0	 0.09400   0.01400	 5.3       1.00000
   0.60400   4.06700   0.23400	 647.0	 0.08800   0.00900	 5.3       1.00000
   0.59500   4.05100   0.07400	 648.0	 0.06400   0.00300	 5.3       1.00000
   0.58900   4.03600   0.41600	 649.0	 0.12900   0.01600	 5.3       1.00000
   0.58100   4.02800   0.33600	 650.0	 0.10500   0.01200	 5.3       1.00000
   0.57100   4.01300   0.35100	 651.0	 0.13300   0.01200	 5.3       1.00000
   0.56300   3.99800   0.29800	 652.0	 0.14400   0.01000	 5.3       1.00000
   0.92300   4.86800   0.44300	 653.0	 0.29900   0.08100	 5.3       1.00000
   0.90500   4.87300   0.38900	 654.0	 0.29600   0.06600	 5.3       1.00000
   0.90400   4.87000   0.16300	 655.0	 0.18400   0.02700	 5.3       1.00000
   0.88800   4.85600   0.26700	 656.0	 0.26300   0.04200	 5.3       1.00000
   0.88700   4.86500   0.40700	 657.0	 0.29700   0.06500	 5.3       1.00000
   0.86900   4.87200   0.47700	 658.0	 0.30300   0.06700	 5.3       1.00000
   0.86600   4.86500   0.13100	 659.0	 0.13300   0.01900	 5.3       1.00000
   0.85600   4.86500   0.37600	 660.0	 0.23200   0.05100	 5.3       1.00000
   0.82900   4.86400   0.19900	 661.0	 0.20500   0.02400	 5.3       1.00000
   0.81300   4.86400   0.46500	 662.0	 0.21300   0.05100	 5.3       1.00000
   0.80700   4.85000   0.28600	 663.0	 0.18500   0.03000	 5.3       1.00000
   0.79900   4.84600   0.18300	 664.0	 0.20200   0.01900	 5.3       1.00000
   0.79800   4.83900   0.31500	 665.0	 0.21700   0.03200	 5.3       1.00000
   0.77300   4.79200   0.21100	 666.0	 0.16400   0.01900	 5.3       1.00000
   0.76100   4.78800   0.53200	 667.0	 0.30000   0.04600	 5.3       1.00000
   0.75200   4.77600   0.39100	 668.0	 0.24800   0.03200	 5.3       1.00000
   0.73900   4.76400   0.13200	 669.0	 0.17200   0.01000	 5.3       1.00000
   0.73100   4.75400   0.56700	 670.0	 0.26600   0.04200	 5.3       1.00000
   0.71900   4.74200   0.34000	 671.0	 0.22100   0.02400	 5.3       1.00000
   0.71800   4.72100   0.36100	 672.0	 0.23200   0.02500	 5.3       1.00000