( Run 1b 1800 GEV central jet xsecs to be used with the CDF cov matrix. cteq5m kfac
(  they are integrated over the region y=0.1-0.7 and then divided by
(  delta-y=1.2. Units are nb/GeV. Data is blessed,as of 1/8/98
0.04  0 : Normalization Uncertainty
  root(s) ymin    p_jet    cross-section  StatErr     SysErr   Kf-ms Kf-DIS
 1.800E+03 1.000E-01 4.330E+01 5.760E+01 1.620E+00 0.000E+00 1.088E+00 1.000E+00
 1.800E+03 1.000E-01 4.930E+01 2.900E+01 7.160E-01 0.000E+00 1.068E+00 1.000E+00
 1.800E+03 1.000E-01 5.520E+01 1.600E+01 3.720E-01 0.000E+00 1.058E+00 1.000E+00
 1.800E+03 1.000E-01 6.100E+01 8.930E+00 2.120E-01 0.000E+00 1.053E+00 1.000E+00
 1.800E+03 1.000E-01 6.670E+01 5.280E+00 1.410E-01 0.000E+00 1.051E+00 1.000E+00
 1.800E+03 1.000E-01 7.230E+01 3.550E+00 1.060E-01 0.000E+00 1.049E+00 1.000E+00
 1.800E+03 1.000E-01 7.790E+01 2.260E+00 7.950E-02 0.000E+00 1.047E+00 1.000E+00
 1.800E+03 1.000E-01 8.350E+01 1.540E+00 2.050E-02 0.000E+00 1.043E+00 1.000E+00
 1.800E+03 1.000E-01 8.900E+01 1.020E+00 1.380E-02 0.000E+00 1.041E+00 1.000E+00
 1.800E+03 1.000E-01 9.450E+01 7.290E-01 9.870E-03 0.000E+00 1.038E+00 1.000E+00
 1.800E+03 1.000E-01 1.000E+02 5.130E-01 8.210E-03 0.000E+00 1.036E+00 1.000E+00
 1.800E+03 1.000E-01 1.054E+02 3.780E-01 6.690E-03 0.000E+00 1.034E+00 1.000E+00
 1.800E+03 1.000E-01 1.109E+02 2.740E-01 3.100E-03 0.000E+00 1.033E+00 1.000E+00
 1.800E+03 1.000E-01 1.163E+02 1.990E-01 2.430E-03 0.000E+00 1.032E+00 1.000E+00
 1.800E+03 1.000E-01 1.217E+02 1.510E-01 1.990E-03 0.000E+00 1.031E+00 1.000E+00
 1.800E+03 1.000E-01 1.271E+02 1.160E-01 1.680E-03 0.000E+00 1.030E+00 1.000E+00
 1.800E+03 1.000E-01 1.325E+02 8.770E-02 1.400E-03 0.000E+00 1.031E+00 1.000E+00
 1.800E+03 1.000E-01 1.379E+02 6.590E-02 1.180E-03 0.000E+00 1.032E+00 1.000E+00
 1.800E+03 1.000E-01 1.457E+02 4.660E-02 3.240E-04 0.000E+00 1.034E+00 1.000E+00
 1.800E+03 1.000E-01 1.564E+02 2.810E-02 1.750E-04 0.000E+00 1.038E+00 1.000E+00
 1.800E+03 1.000E-01 1.672E+02 1.780E-02 1.390E-04 0.000E+00 1.042E+00 1.000E+00
 1.800E+03 1.000E-01 1.779E+02 1.150E-02 1.120E-04 0.000E+00 1.045E+00 1.000E+00
 1.800E+03 1.000E-01 1.887E+02 7.630E-03 9.080E-05 0.000E+00 1.047E+00 1.000E+00
 1.800E+03 1.000E-01 1.995E+02 5.200E-03 7.500E-05 0.000E+00 1.049E+00 1.000E+00
 1.800E+03 1.000E-01 2.102E+02 3.440E-03 6.100E-05 0.000E+00 1.050E+00 1.000E+00
 1.800E+03 1.000E-01 2.254E+02 1.950E-03 3.280E-05 0.000E+00 1.049E+00 1.000E+00
 1.800E+03 1.000E-01 2.471E+02 9.680E-04 2.320E-05 0.000E+00 1.047E+00 1.000E+00
 1.800E+03 1.000E-01 2.688E+02 5.350E-04 1.730E-05 0.000E+00 1.044E+00 1.000E+00
 1.800E+03 1.000E-01 2.905E+02 2.360E-04 1.160E-05 0.000E+00 1.041E+00 1.000E+00
 1.800E+03 1.000E-01 3.121E+02 1.170E-04 8.200E-06 0.000E+00 1.040E+00 1.000E+00
 1.800E+03 1.000E-01 3.336E+02 6.850E-05 6.360E-06 0.000E+00 1.039E+00 1.000E+00
 1.800E+03 1.000E-01 3.622E+02 3.220E-05 3.220E-06 0.000E+00 1.041E+00 1.000E+00
 1.800E+03 1.000E-01 4.129E+02 6.300E-06 1.130E-06 0.000E+00 1.051E+00 1.000E+00
