W asymmentry data from CDF: T. Aaltonen et al., arXiv:0901.2169[hep-ex]
Sys+stat errors combined in quadrature to be compatible with the combined CDF errors
*
0.02  0 : Normalization Uncertainty
   SqrtS    SqrtTau      y      W-asym    stat+sys    dummy     Kf-ms    Kf-dis
 1.960E+03 4.082E-02 1.000E-01 2.000E-02 3.000E-03 0.000E+00 1.000E+00 1.000E+00
 1.960E+03 4.082E-02 3.000E-01 5.700E-02 4.000E-03 0.000E+00 1.000E+00 1.000E+00
 1.960E+03 4.082E-02 5.000E-01 8.100E-02 5.000E-03 0.000E+00 1.000E+00 1.000E+00
 1.960E+03 4.082E-02 7.000E-01 1.170E-01 6.000E-03 0.000E+00 1.000E+00 1.000E+00
 1.960E+03 4.082E-02 8.900E-01 1.460E-01 7.000E-03 0.000E-03 1.000E+00 1.000E+00
 1.960E+03 4.082E-02 1.090E+00 2.040E-01 1.000E-02 0.000E+00 1.000E+00 1.000E+00
 1.960E+03 4.082E-02 1.290E+00 2.350E-01 1.200E-02 0.000E+00 1.000E+00 1.000E+00
 1.960E+03 4.082E-02 1.490E+00 2.610E-01 1.500E-02 0.000E+00 1.000E+00 1.000E+00
 1.960E+03 4.082E-02 1.690E+00 3.030E-01 1.400E-02 0.000E+00 1.000E+00 1.000E+00
 1.960E+03 4.082E-02 1.910E+00 3.550E-01 1.400E-02 0.000E+00 1.000E+00 1.000E+00
 1.960E+03 4.082E-02 2.150E+00 4.360E-01 1.600E-02 0.000E+00 1.000E+00 1.000E+00
 1.960E+03 4.082E-02 2.400E+00 5.370E-01 1.800E-02 0.000E+00 1.000E+00 1.000E+00
 1.960E+03 4.082E-02 2.630E+00 6.420E-01 2.600E-02 0.000E+00 1.000E+00 1.000E+00
