CDF Z0 rapidity distribution (pb) 
Phys. Lett. B692, 232 (2010)
arXiv:0908.3914
0.06   0 :  Normalization uncertainty
 Sqrt s    m/sqrt(s)     y      x-sec     stat     sys      dum1     dum2
  1960.     .04648      .05     69.46     0.73     0.49     1.00     1.00   
  1960.     .04648      .15     71.03     0.74     0.49     1.00     1.00  
  1960.     .04648      .25     71.10     0.74     0.49     1.00     1.00  
  1960.     .04648      .35     70.01     0.72     0.48     1.00     1.00  
  1960.     .04648      .45     67.97     0.70     0.47     1.00     1.00  
  1960.     .04648      .55     68.22     0.70     0.47     1.00     1.00  
  1960.     .04648      .65     66.58     0.69     0.47     1.00     1.00  
  1960.     .04648      .75     66.81     0.70     0.48     1.00     1.00  
  1960.     .04648      .85     65.05     0.69     0.49     1.00     1.00  
  1960.     .04648      .95     64.70     0.69     0.50     1.00     1.00  
  1960.     .04648     1.05     62.74     0.67     0.50     1.00     1.00  
  1960.     .04648     1.15     62.02     0.66     0.49     1.00     1.00  
  1960.     .04648     1.25     58.80     0.65     0.48     1.00     1.00  
  1960.     .04648     1.35     56.02     0.65     0.43     1.00     1.00  
  1960.     .04648     1.45     53.37     0.63     0.40     1.00     1.00  
  1960.     .04648     1.55     50.07     0.62     0.34     1.00     1.00  
  1960.     .04648     1.65     46.59     0.61     0.35     1.00     1.00  
  1960.     .04648     1.75     40.97     0.58     0.34     1.00     1.00  
  1960.     .04648     1.85     37.04     0.56     0.33     1.00     1.00  
  1960.     .04648     1.95     33.02     0.55     0.31     1.00     1.00  
  1960.     .04648     2.05     27.65     0.52     0.25     1.00     1.00  
  1960.     .04648     2.15     21.84     0.49     0.23     1.00     1.00  
  1960.     .04648     2.25     18.35     0.50     0.20     1.00     1.00  
  1960.     .04648     2.35     14.13     0.49     0.17     1.00     1.00  
  1960.     .04648     2.45      8.80     0.45     0.10     1.00     1.00  
  1960.     .04648     2.55      5.68     0.44     0.09     1.00     1.00  
  1960.     .04648     2.65      2.93     0.41     0.15     1.00     1.00  
  1960.     .04648     2.80      0.87     0.22     0.11     1.00     1.00  


