Lepton-asym data from CDF 1996 PRL
1996
*
0.02   : Normalization Uncertainty
   SqrtS    SqrtTau      y      L-asym     staErr    sysErr     Kf-ms    Kf-dis
 1.800E+03 4.444E-02 1.090E-01 1.800E-02 8.000E-03 1.000E-04 1.037E+00 1.000E+00
 1.800E+03 4.444E-02 3.020E-01 4.900E-02 7.000E-03 3.000E-04 1.041E+00 1.000E+00
 1.800E+03 4.444E-02 4.920E-01 9.600E-02 7.000E-03 5.000E-04 1.048E+00 1.000E+00
 1.800E+03 4.444E-02 7.000E-01 1.320E-01 8.000E-03 7.000E-04 1.061E+00 1.000E+00
 1.800E+03 4.444E-02 8.950E-01 1.380E-01 9.000E-03 1.100E-03 1.080E+00 1.000E+00
 1.800E+03 4.444E-02 1.081E+00 1.610E-01 1.600E-02 1.300E-03 1.108E+00 1.000E+00
 1.800E+03 4.444E-02 1.308E+00 1.260E-01 1.400E-02 1.500E-03 1.166E+00 1.000E+00
 1.800E+03 4.444E-02 1.524E+00 1.300E-01 1.200E-02 2.000E-03 1.295E+00 1.000E+00
 1.800E+03 4.444E-02 1.800E+00 7.000E-02 2.240E-02 5.000E-03 2.730E+00 1.000E+00
 1.800E+03 4.444E-02 1.950E+00 2.800E-02 2.290E-02 1.000E-02 -3.413E-01 1.000E+00
 1.800E+03 4.444E-02 2.200E+00 -1.050E-01 1.740E-02 1.500E-02 6.385E-01 1.000E+00
