Lepton-asym data from CDF Abe et al., PRL 81, 5754 (1998)
Sys+stat errors combined in the publication
*
0.02  0 : Normalization Uncertainty
   SqrtS    SqrtTau      y      L-asym    stat+sys    dummy     Kf-ms    Kf-dis
 1.800E+03 4.444E-02 1.100E-01 1.700E-02 8.000E-03 0.000E+00 1.000E+00 1.000E+00
 1.800E+03 4.444E-02 3.000E-01 5.000E-02 7.000E-03 0.000E+00 1.000E+00 1.000E+00
 1.800E+03 4.444E-02 5.000E-01 9.700E-02 7.000E-03 0.000E+00 1.000E+00 1.000E+00
 1.800E+03 4.444E-02 7.000E-01 1.320E-01 8.000E-03 0.000E+00 1.000E+00 1.000E+00
 1.800E+03 4.444E-02 8.900E-01 1.380E-01 9.000E-03 0.000E-03 1.000E+00 1.000E+00
 1.800E+03 4.444E-02 1.050E+00 1.630E-01 1.600E-02 0.000E+00 1.000E+00 1.000E+00
 1.800E+03 4.444E-02 1.310E+00 1.220E-01 1.300E-02 0.000E+00 1.000E+00 1.000E+00
 1.800E+03 4.444E-02 1.540E+00 1.210E-01 1.200E-02 0.000E+00 1.000E+00 1.000E+00
 1.800E+03 4.444E-02 1.790E+00 7.500E-02 2.300E-02 0.000E+00 1.000E+00 1.000E+00
 1.800E+03 4.444E-02 1.950E+00 2.500E-02 2.900E-02 0.000E+00 1.000E+00 1.000E+00
 1.800E+03 4.444E-02 2.200E+00 -9.50E-02 2.300E-02 0.000E+00 1.000E+00 1.000E+00
