Lepton-asym data from CDF D. Acosta et al., PR D71, 051104(R)(2005)
Sys+stat errors combined in the publication
*
0.02  0 : Normalization Uncertainty
   SqrtS    SqrtTau      y      L-asym    stat+sys    dummy     Kf-ms    Kf-dis
 1.960E+03 4.082E-02 1.100E-01 3.400E-02 1.600E-02 0.000E+00 1.000E+00 1.000E+00
 1.960E+03 4.082E-02 3.000E-01 6.200E-02 1.200E-02 0.000E+00 1.000E+00 1.000E+00
 1.960E+03 4.082E-02 5.000E-01 7.500E-02 1.500E-02 0.000E+00 1.000E+00 1.000E+00
 1.960E+03 4.082E-02 7.000E-01 1.260E-01 1.300E-02 0.000E+00 1.000E+00 1.000E+00
 1.960E+03 4.082E-02 8.900E-01 1.220E-01 1.600E-02 0.000E-03 1.000E+00 1.000E+00
 1.960E+03 4.082E-02 1.090E+00 1.380E-01 2.300E-02 0.000E+00 1.000E+00 1.000E+00
 1.960E+03 4.082E-02 1.330E+00 1.680E-01 1.600E-02 0.000E+00 1.000E+00 1.000E+00
 1.960E+03 4.082E-02 1.570E+00 1.300E-01 1.800E-02 0.000E+00 1.000E+00 1.000E+00
 1.960E+03 4.082E-02 1.810E+00 2.900E-02 2.900E-02 0.000E+00 1.000E+00 1.000E+00
 1.960E+03 4.082E-02 2.040E+00 -.400E-02 6.200E-02 0.000E+00 1.000E+00 1.000E+00
 1.960E+03 4.082E-02 2.310E+00 -29.0E-02 1.000E-01 0.000E+00 1.000E+00 1.000E+00
