CDF inclusive jet cross section (pb/GeV)  
Run II midpoint algorithm
PR D78,052006
0.06  0 : Normalization error
    ymin    ymax    pt      xsec         stat        sys      Kf0  Kf1
    0.00    0.10   67.00  0.6680E-02  0.1200E-03  0.5950E-03  1.0  1.0
    0.00    0.10   77.50  0.2950E-02  0.6000E-04  0.2750E-03  1.0  1.0
    0.00    0.10   89.50  0.1210E-02  0.4000E-04  0.1150E-03  1.0  1.0
    0.00    0.10  103.00  0.5440E-03  0.2400E-04  0.5550E-04  1.0  1.0
    0.00    0.10  118.50  0.2280E-03  0.3000E-05  0.2400E-04  1.0  1.0
    0.00    0.10  136.50  0.9180E-04  0.1400E-05  0.1065E-04  1.0  1.0
    0.00    0.10  157.50  0.3760E-04  0.5000E-06  0.4650E-05  1.0  1.0
    0.00    0.10  182.00  0.1380E-04  0.3000E-06  0.1900E-05  1.0  1.0
    0.00    0.10  209.50  0.5300E-05  0.2800E-06  0.7800E-06  1.0  1.0
    0.00    0.10  241.50  0.1840E-05  0.4000E-07  0.3000E-06  1.0  1.0
    0.00    0.10  278.50  0.5930E-06  0.1100E-07  0.1065E-06  1.0  1.0
    0.00    0.10  321.00  0.1750E-06  0.6000E-08  0.3550E-07  1.0  1.0
    0.00    0.10  370.00  0.5060E-07  0.2600E-08  0.1130E-07  1.0  1.0
    0.00    0.10  426.50  0.1240E-07  0.1100E-08  0.3150E-08  1.0  1.0
    0.00    0.10  492.00  0.2810E-08  0.5300E-09  0.8550E-09  1.0  1.0
    0.00    0.10  613.50  0.1810E-09  0.8100E-10  0.7300E-10  1.0  1.0
    0.10    0.70   67.00  0.6280E-02  0.4000E-04  0.5750E-03  1.0  1.0
    0.10    0.70   77.50  0.2700E-02  0.2000E-04  0.2550E-03  1.0  1.0
    0.10    0.70   89.50  0.1150E-02  0.1000E-04  0.1100E-03  1.0  1.0
    0.10    0.70  103.00  0.4880E-03  0.3000E-05  0.4950E-04  1.0  1.0
    0.10    0.70  118.50  0.2070E-03  0.1000E-05  0.2150E-04  1.0  1.0
    0.10    0.70  136.50  0.8500E-04  0.4000E-06  0.9450E-05  1.0  1.0
    0.10    0.70  157.50  0.3300E-04  0.1000E-06  0.3950E-05  1.0  1.0
    0.10    0.70  182.00  0.1240E-04  0.1000E-06  0.1600E-05  1.0  1.0
    0.10    0.70  209.50  0.4550E-05  0.5000E-07  0.6400E-06  1.0  1.0
    0.10    0.70  241.50  0.1560E-05  0.1000E-07  0.2400E-06  1.0  1.0
    0.10    0.70  278.50  0.4940E-06  0.6000E-08  0.8550E-07  1.0  1.0
    0.10    0.70  321.00  0.1420E-06  0.2000E-08  0.2800E-07  1.0  1.0
    0.10    0.70  370.00  0.3530E-07  0.8000E-09  0.7900E-08  1.0  1.0
    0.10    0.70  426.50  0.6870E-08  0.3500E-09  0.1785E-08  1.0  1.0
    0.10    0.70  492.00  0.1220E-08  0.1300E-09  0.3700E-09  1.0  1.0
    0.10    0.70  613.50  0.7080E-10  0.1970E-10  0.2815E-10  1.0  1.0
    0.70    1.10   67.00  0.5320E-02  0.5000E-04  0.5300E-03  1.0  1.0
    0.70    1.10   77.50  0.2320E-02  0.2000E-04  0.2350E-03  1.0  1.0
    0.70    1.10   89.50  0.9830E-03  0.1300E-04  0.1020E-03  1.0  1.0
    0.70    1.10  103.00  0.3950E-03  0.3000E-05  0.4200E-04  1.0  1.0
    0.70    1.10  118.50  0.1620E-03  0.1000E-05  0.1800E-04  1.0  1.0
    0.70    1.10  136.50  0.6340E-04  0.4000E-06  0.7600E-05  1.0  1.0
    0.70    1.10  157.50  0.2370E-04  0.2000E-06  0.3050E-05  1.0  1.0
    0.70    1.10  182.00  0.8410E-05  0.9000E-07  0.1210E-05  1.0  1.0
    0.70    1.10  209.50  0.2810E-05  0.7000E-07  0.4550E-06  1.0  1.0
    0.70    1.10  241.50  0.8780E-06  0.1000E-07  0.1650E-06  1.0  1.0
    0.70    1.10  278.50  0.2350E-06  0.8000E-08  0.5200E-07  1.0  1.0
    0.70    1.10  321.00  0.5370E-07  0.1700E-08  0.1435E-07  1.0  1.0
    0.70    1.10  370.00  0.9300E-08  0.5400E-09  0.3045E-08  1.0  1.0
    0.70    1.10  426.50  0.1350E-08  0.1800E-09  0.5550E-09  1.0  1.0
    0.70    1.10  492.00  0.1630E-09  0.5500E-10  0.8500E-10  1.0  1.0
    1.10    1.60   67.00  0.4570E-02  0.4000E-04  0.4850E-03  1.0  1.0
    1.10    1.60   77.50  0.1810E-02  0.2000E-04  0.2000E-03  1.0  1.0
    1.10    1.60   89.50  0.7390E-03  0.9000E-05  0.8550E-04  1.0  1.0
    1.10    1.60  103.00  0.2970E-03  0.5000E-05  0.3600E-04  1.0  1.0
    1.10    1.60  118.50  0.1130E-03  0.1000E-05  0.1450E-04  1.0  1.0
    1.10    1.60  136.50  0.4090E-04  0.3000E-06  0.5850E-05  1.0  1.0
    1.10    1.60  157.50  0.1380E-04  0.1000E-06  0.2200E-05  1.0  1.0
    1.10    1.60  182.00  0.4130E-05  0.6000E-07  0.7600E-06  1.0  1.0
    1.10    1.60  209.50  0.1150E-05  0.1000E-07  0.2450E-06  1.0  1.0
    1.10    1.60  241.50  0.2660E-06  0.7000E-08  0.6900E-07  1.0  1.0
    1.10    1.60  278.50  0.5070E-07  0.5600E-08  0.1640E-07  1.0  1.0
    1.10    1.60  321.00  0.8190E-08  0.5200E-09  0.3405E-08  1.0  1.0
    1.10    1.60  370.00  0.9360E-09  0.1530E-09  0.5210E-09  1.0  1.0
    1.10    1.60  426.50  0.6670E-10  0.3400E-10  0.5095E-10  1.0  1.0
    1.60    2.10   67.00  0.2660E-02  0.3000E-04  0.2950E-03  1.0  1.0
    1.60    2.10   77.50  0.1000E-02  0.1000E-04  0.1150E-03  1.0  1.0
    1.60    2.10   89.50  0.3640E-03  0.6000E-05  0.4650E-04  1.0  1.0
    1.60    2.10  103.00  0.1270E-03  0.1000E-05  0.1800E-04  1.0  1.0
    1.60    2.10  118.50  0.4120E-04  0.4000E-06  0.6600E-05  1.0  1.0
    1.60    2.10  136.50  0.1150E-04  0.1000E-06  0.2150E-05  1.0  1.0
    1.60    2.10  157.50  0.2780E-05  0.7000E-07  0.6250E-06  1.0  1.0
    1.60    2.10  182.00  0.5440E-06  0.1000E-07  0.1555E-06  1.0  1.0
    1.60    2.10  209.50  0.7890E-07  0.6900E-08  0.2845E-07  1.0  1.0
    1.60    2.10  241.50  0.8410E-08  0.6100E-09  0.4035E-08  1.0  1.0
    1.60    2.10  278.50  0.5080E-09  0.1390E-09  0.3210E-09  1.0  1.0
