D0 gamma + jet cross section: dsigma/dpt(gam)dy(gam)dy(jet) 
|y gam| < 1.  |y jet| < .8  (y gam) x (y jet) < 0
arXiv:0804.1107v2
0.078  0 : Normalization Uncertainty
   SqrtS    pt(gam)     dum       dat      staErr    sysErr     Kf-ms    Kf-dis
 0.196E+04 0.319E+02 0.100E+01 0.251E+02 0.753E-01 0.394E+01 0.100E+01 0.100E+01
 0.196E+04 0.363E+02 0.100E+01 0.142E+02 0.426E-01 0.197E+01 0.100E+01 0.100E+01
 0.196E+04 0.413E+02 0.100E+01 0.790E+01 0.316E-01 0.995E+00 0.100E+01 0.100E+01
 0.196E+04 0.468E+02 0.100E+01 0.448E+01 0.224E-01 0.533E+00 0.100E+01 0.100E+01
 0.196E+04 0.546E+02 0.100E+01 0.220E+01 0.132E-01 0.253E+00 0.100E+01 0.100E+01
 0.196E+04 0.646E+02 0.100E+01 0.999E+00 0.899E-02 0.111E+00 0.100E+01 0.100E+01
 0.196E+04 0.747E+02 0.100E+01 0.498E+00 0.647E-02 0.543E-01 0.100E+01 0.100E+01
 0.196E+04 0.847E+02 0.100E+01 0.267E+00 0.481E-02 0.286E-01 0.100E+01 0.100E+01
 0.196E+04 0.990E+02 0.100E+01 0.126E+00 0.239E-02 0.135E-01 0.100E+01 0.100E+01
 0.196E+04 0.119E+03 0.100E+01 0.474E-01 0.147E-02 0.502E-02 0.100E+01 0.100E+01
 0.196E+04 0.139E+03 0.100E+01 0.207E-01 0.973E-03 0.226E-02 0.100E+01 0.100E+01
 0.196E+04 0.159E+03 0.100E+01 0.108E-01 0.713E-03 0.121E-02 0.100E+01 0.100E+01
 0.196E+04 0.184E+03 0.100E+01 0.523E-02 0.403E-03 0.612E-03 0.100E+01 0.100E+01
 0.196E+04 0.214E+03 0.100E+01 0.190E-02 0.247E-03 0.220E-03 0.100E+01 0.100E+01
 0.196E+04 0.260E+03 0.100E+01 0.593E-03 0.889E-04 0.664E-04 0.100E+01 0.100E+01
 0.196E+04 0.340E+03 0.100E+01 0.532E-04 0.245E-04 0.686E-05 0.100E+01 0.100E+01
