D0 gamma + jet cross section: dsigma/dpt(gam)dy(gam)dy(jet) 
|y gam| < 1.  1.5 < |y jet| < 2.5  (y gam) x (y jet) < 0
arXiv:0804.1107v2
0.078 0  : Normalization Uncertainty
   SqrtS    pt(gam)     dum       dat      staErr    sysErr     Kf-ms    Kf-dis
 0.196E+04 0.319E+02 0.100E+01 0.808E+01 0.323E-01 0.126E+01 0.100E+01 0.100E+01
 0.196E+04 0.363E+02 0.100E+01 0.436E+01 0.174E-01 0.619E+00 0.100E+01 0.100E+01
 0.196E+04 0.413E+02 0.100E+01 0.223E+01 0.134E-01 0.290E+00 0.100E+01 0.100E+01
 0.196E+04 0.468E+02 0.100E+01 0.116E+01 0.928E-02 0.143E+00 0.100E+01 0.100E+01
 0.196E+04 0.545E+02 0.100E+01 0.528E+00 0.528E-02 0.618E-01 0.100E+01 0.100E+01
 0.196E+04 0.646E+02 0.100E+01 0.208E+00 0.354E-02 0.235E-01 0.100E+01 0.100E+01
 0.196E+04 0.746E+02 0.100E+01 0.918E-01 0.239E-02 0.103E-01 0.100E+01 0.100E+01
 0.196E+04 0.847E+02 0.100E+01 0.461E-01 0.171E-02 0.516E-02 0.100E+01 0.100E+01
 0.196E+04 0.988E+02 0.100E+01 0.164E-01 0.738E-03 0.184E-02 0.100E+01 0.100E+01
 0.196E+04 0.119E+03 0.100E+01 0.531E-02 0.435E-03 0.589E-03 0.100E+01 0.100E+01
 0.196E+04 0.139E+03 0.100E+01 0.179E-02 0.252E-03 0.200E-03 0.100E+01 0.100E+01
 0.196E+04 0.169E+03 0.100E+01 0.304E-03 0.699E-04 0.344E-04 0.100E+01 0.100E+01
