D0 gamma + jet cross section: dsigma/dpt(gam)dy(gam)dy(jet) 
|y gam| < 1.  1.5 < |y jet| < 2.5  (y gam) x (y jet) > 0
arXiv:0804.1107v2
0.078  0 : Normalization Uncertainty
   SqrtS    pt(gam)     dum       dat      staErr    sysErr     Kf-ms    Kf-dis
 0.196E+04 0.319E+02 0.100E+01 0.167E+02 0.501E-01 0.245E+01 0.100E+01 0.100E+01
 0.196E+04 0.363E+02 0.100E+01 0.874E+01 0.350E-01 0.118E+01 0.100E+01 0.100E+01
 0.196E+04 0.413E+02 0.100E+01 0.453E+01 0.227E-01 0.580E+00 0.100E+01 0.100E+01
 0.196E+04 0.468E+02 0.100E+01 0.236E+01 0.165E-01 0.293E+00 0.100E+01 0.100E+01
 0.196E+04 0.545E+02 0.100E+01 0.102E+01 0.816E-02 0.120E+00 0.100E+01 0.100E+01
 0.196E+04 0.646E+02 0.100E+01 0.396E+00 0.554E-02 0.444E-01 0.100E+01 0.100E+01
 0.196E+04 0.746E+02 0.100E+01 0.171E+00 0.359E-02 0.185E-01 0.100E+01 0.100E+01
 0.196E+04 0.847E+02 0.100E+01 0.776E-01 0.248E-02 0.838E-02 0.100E+01 0.100E+01
 0.196E+04 0.988E+02 0.100E+01 0.305E-01 0.110E-02 0.326E-02 0.100E+01 0.100E+01
 0.196E+04 0.119E+03 0.100E+01 0.827E-02 0.571E-03 0.910E-03 0.100E+01 0.100E+01
 0.196E+04 0.139E+03 0.100E+01 0.285E-02 0.336E-03 0.328E-03 0.100E+01 0.100E+01
 0.196E+04 0.169E+03 0.100E+01 0.315E-03 0.725E-04 0.381E-04 0.100E+01 0.100E+01
