D0 gamma + jet cross section: dsigma/dpt(gam)dy(gam)dy(jet) 
|y gam| < 1.  |y jet| < .8  (y gam) x (y jet) > 0
arXiv:0804.1107v2
0.078  0 : Normalization Uncertainty
   SqrtS    pt(gam)     dum       dat      staErr    sysErr     Kf-ms    Kf-dis
 0.196E+04 0.319E+02 0.100E+01 0.308E+02 0.616E-01 0.437E+01 0.100E+01 0.100E+01
 0.196E+04 0.363E+02 0.100E+01 0.174E+02 0.522E-01 0.228E+01 0.100E+01 0.100E+01
 0.196E+04 0.413E+02 0.100E+01 0.976E+01 0.390E-01 0.121E+01 0.100E+01 0.100E+01
 0.196E+04 0.468E+02 0.100E+01 0.560E+01 0.280E-01 0.666E+00 0.100E+01 0.100E+01
 0.196E+04 0.546E+02 0.100E+01 0.276E+01 0.166E-01 0.317E+00 0.100E+01 0.100E+01
 0.196E+04 0.646E+02 0.100E+01 0.124E+01 0.112E-01 0.136E+00 0.100E+01 0.100E+01
 0.196E+04 0.747E+02 0.100E+01 0.625E+00 0.750E-02 0.675E-01 0.100E+01 0.100E+01
 0.196E+04 0.847E+02 0.100E+01 0.332E+00 0.564E-02 0.352E-01 0.100E+01 0.100E+01
 0.196E+04 0.990E+02 0.100E+01 0.151E+00 0.272E-02 0.160E-01 0.100E+01 0.100E+01
 0.196E+04 0.119E+03 0.100E+01 0.579E-01 0.168E-02 0.608E-02 0.100E+01 0.100E+01
 0.196E+04 0.139E+03 0.100E+01 0.256E-01 0.110E-02 0.274E-02 0.100E+01 0.100E+01
 0.196E+04 0.159E+03 0.100E+01 0.117E-01 0.760E-03 0.128E-02 0.100E+01 0.100E+01
 0.196E+04 0.184E+03 0.100E+01 0.580E-02 0.441E-03 0.638E-03 0.100E+01 0.100E+01
 0.196E+04 0.214E+03 0.100E+01 0.233E-02 0.275E-03 0.256E-03 0.100E+01 0.100E+01
 0.196E+04 0.260E+03 0.100E+01 0.725E-03 0.100E-03 0.776E-04 0.100E+01 0.100E+01
 0.196E+04 0.340E+03 0.100E+01 0.796E-04 0.281E-04 0.868E-05 0.100E+01 0.100E+01
