W asymmentry data from D0: V. Abazov et al., arXiv:1312.2895v2[hep-ex]
erratum PRL 114, 049901(2015) Sys+stat errors combined in quadrature 
Updated data table from version 2
0.02  0 : Normalization Uncertainty
   SqrtS    SqrtTau      y      W-asym    stat+sys    dummy     Kf-ms    Kf-dis
 1.960E+03 4.082E-02 1.000E-01 1.390E-02 2.100E-03 0.000E+00 1.000E+00 1.000E+00
 1.960E+03 4.082E-02 3.000E-01 4.280E-02 2.600E-03 0.000E+00 1.000E+00 1.000E+00
 1.960E+03 4.082E-02 5.000E-01 7.280E-02 3.300E-03 0.000E+00 1.000E+00 1.000E+00
 1.960E+03 4.082E-02 7.000E-01 1.059E-01 3.600E-03 0.000E+00 1.000E+00 1.000E+00
 1.960E+03 4.082E-02 9.000E-01 1.445E-01 3.800E-03 0.000E-03 1.000E+00 1.000E+00
 1.960E+03 4.082E-02 1.100E+00 1.863E-01 4.500E-03 0.000E+00 1.000E+00 1.000E+00
 1.960E+03 4.082E-02 1.300E+00 2.250E-01 5.000E-03 0.000E+00 1.000E+00 1.000E+00
 1.960E+03 4.082E-02 1.500E+00 2.612E-01 5.000E-03 0.000E+00 1.000E+00 1.000E+00
 1.960E+03 4.082E-02 1.700E+00 3.006E-01 5.400E-03 0.000E+00 1.000E+00 1.000E+00
 1.960E+03 4.082E-02 1.900E+00 3.473E-01 6.000E-03 0.000E+00 1.000E+00 1.000E+00
 1.960E+03 4.082E-02 2.100E+00 4.059E-01 7.100E-03 0.000E+00 1.000E+00 1.000E+00
 1.960E+03 4.082E-02 2.290E+00 4.765E-01 7.100E-03 0.000E+00 1.000E+00 1.000E+00
 1.960E+03 4.082E-02 2.520E+00 5.904E-01 7.600E-03 0.000E+00 1.000E+00 1.000E+00
 1.960E+03 4.082E-02 2.810E+00 7.724E-01 1.140E-02 0.000E+00 1.000E+00 1.000E+00
