D0 Z0 normalized rapidity distribution  
V.M. Abazov et al., Phys. Rev. D76, 012003 (2007)
arXiv:0702025(hep-ex)
0.0   0 :  Normalization uncertainty
 Sqrt s    m/sqrt(s)     y      x-sec     stat     sys      dum1     dum2
  1960.     .04648      .05     .271      .009     .006     1.00     1.00   
  1960.     .04648      .15     .276      .009     .006     1.00     1.00  
  1960.     .04648      .25     .274      .009     .005     1.00     1.00  
  1960.     .04648      .35     .266      .010     .006     1.00     1.00  
  1960.     .04648      .45     .278      .010     .007     1.00     1.00  
  1960.     .04648      .55     .269      .010     .007     1.00     1.00  
  1960.     .04648      .65     .260      .010     .006     1.00     1.00  
  1960.     .04648      .75     .276      .010     .006     1.00     1.00  
  1960.     .04648      .85     .235      .009     .007     1.00     1.00  
  1960.     .04648      .95     .244      .009     .006     1.00     1.00  
  1960.     .04648     1.05     .251      .008     .006     1.00     1.00  
  1960.     .04648     1.15     .235      .008     .007     1.00     1.00  
  1960.     .04648     1.25     .230      .008     .006     1.00     1.00  
  1960.     .04648     1.35     .223      .008     .006     1.00     1.00  
  1960.     .04648     1.45     .211      .008     .005     1.00     1.00  
  1960.     .04648     1.55     .191      .008     .006     1.00     1.00  
  1960.     .04648     1.65     .170      .008     .005     1.00     1.00  
  1960.     .04648     1.75     .168      .008     .006     1.00     1.00  
  1960.     .04648     1.85     .142      .007     .005     1.00     1.00  
  1960.     .04648     1.95     .119      .006     .004     1.00     1.00  
  1960.     .04648     2.05     .117      .006     .005     1.00     1.00  
  1960.     .04648     2.15     .091      .005     .004     1.00     1.00  
  1960.     .04648     2.25     .069      .004     .004     1.00     1.00  
  1960.     .04648     2.35     .049      .004     .002     1.00     1.00  
  1960.     .04648     2.45     .039      .003     .002     1.00     1.00  
  1960.     .04648     2.55     .018      .003     .001     1.00     1.00  
  1960.     .04648     2.65     .014      .003     .001     1.00     1.00  
  1960.     .04648     2.75     .005      .002     .0004    1.00     1.00  


