D0 inclusive jet xsecs (nb/GeV); Run IB; PRL86,1707(2001);hep-ex/0011036
Data file from Levan Babukhadia [blevan@fnal.gov]
systematic errors are included with averaging +/-.
0.06  0 : Normalization Uncertainty
   y1mn y1mx pt_jet   X-section   stat.err    sys.err    Kf1  Kf2
    0.0  0.5   64.6   6.520E+00   4.000E-02   9.421E-01  1.0  1.0
    0.0  0.5   74.6   2.840E+00   3.000E-02   4.090E-01  1.0  1.0
    0.0  0.5   84.7   1.370E+00   2.000E-02   1.973E-01  1.0  1.0
    0.0  0.5   94.7   6.780E-01   4.000E-03   9.526E-02  1.0  1.0
    0.0  0.5  104.7   3.690E-01   3.000E-03   5.221E-02  1.0  1.0
    0.0  0.5  114.7   2.120E-01   2.000E-03   3.010E-02  1.0  1.0
    0.0  0.5  124.8   1.220E-01   2.000E-03   1.745E-02  1.0  1.0
    0.0  0.5  134.8   7.500E-02   4.000E-04   1.050E-02  1.0  1.0
    0.0  0.5  144.8   4.740E-02   3.000E-04   6.731E-03  1.0  1.0
    0.0  0.5  154.8   2.990E-02   2.000E-04   4.306E-03  1.0  1.0
    0.0  0.5  164.8   1.960E-02   2.000E-04   2.862E-03  1.0  1.0
    0.0  0.5  174.8   1.340E-02   1.000E-04   1.990E-03  1.0  1.0
    0.0  0.5  184.8   9.210E-03   1.000E-04   1.395E-03  1.0  1.0
    0.0  0.5  194.8   6.110E-03   8.000E-05   9.440E-04  1.0  1.0
    0.0  0.5  204.8   4.240E-03   7.000E-05   6.699E-04  1.0  1.0
    0.0  0.5  214.8   3.040E-03   6.000E-05   4.910E-04  1.0  1.0
    0.0  0.5  224.8   2.210E-03   5.000E-05   3.658E-04  1.0  1.0
    0.0  0.5  239.4   1.340E-03   3.000E-05   2.298E-04  1.0  1.0
    0.0  0.5  259.4   6.770E-04   2.000E-05   1.225E-04  1.0  1.0
    0.0  0.5  279.5   3.880E-04   1.500E-05   7.450E-05  1.0  1.0
    0.0  0.5  303.9   1.870E-04   9.000E-06   3.852E-05  1.0  1.0
    0.0  0.5  333.9   7.290E-05   5.300E-06   1.651E-05  1.0  1.0
    0.0  0.5  375.9   1.990E-05   2.000E-06   5.154E-06  1.0  1.0
    0.0  0.5  462.3   1.500E-06   3.400E-07   5.130E-07  1.0  1.0
    0.5  1.0   64.6   5.880E+00   4.000E-02   8.614E-01  1.0  1.0
    0.5  1.0   74.6   2.530E+00   3.000E-02   3.706E-01  1.0  1.0
    0.5  1.0   84.7   1.190E+00   2.000E-02   1.755E-01  1.0  1.0
    0.5  1.0   94.7   5.910E-01   4.000E-03   8.540E-02  1.0  1.0
    0.5  1.0  104.7   3.190E-01   3.000E-03   4.673E-02  1.0  1.0
    0.5  1.0  114.7   1.840E-01   2.000E-03   2.723E-02  1.0  1.0
    0.5  1.0  124.8   1.040E-01   2.000E-03   1.560E-02  1.0  1.0
    0.5  1.0  134.8   6.390E-02   3.000E-04   9.425E-03  1.0  1.0
    0.5  1.0  144.8   4.000E-02   3.000E-04   6.000E-03  1.0  1.0
    0.5  1.0  154.8   2.490E-02   2.000E-04   3.810E-03  1.0  1.0
    0.5  1.0  164.8   1.640E-02   2.000E-04   2.558E-03  1.0  1.0
    0.5  1.0  174.8   1.080E-02   1.000E-04   1.717E-03  1.0  1.0
    0.5  1.0  184.8   7.200E-03   9.000E-05   1.174E-03  1.0  1.0
    0.5  1.0  194.8   5.020E-03   8.000E-05   8.358E-04  1.0  1.0
    0.5  1.0  204.8   3.420E-03   6.000E-05   5.831E-04  1.0  1.0
    0.5  1.0  214.8   2.290E-03   5.000E-05   4.008E-04  1.0  1.0
    0.5  1.0  227.2   1.460E-03   3.000E-05   2.635E-04  1.0  1.0
    0.5  1.0  242.2   9.330E-04   2.600E-05   1.754E-04  1.0  1.0
    0.5  1.0  259.4   4.820E-04   1.600E-05   9.471E-05  1.0  1.0
    0.5  1.0  279.4   2.450E-04   1.200E-05   5.108E-05  1.0  1.0
    0.5  1.0  303.8   1.020E-04   6.000E-06   2.285E-05  1.0  1.0
    0.5  1.0  333.8   4.100E-05   3.800E-06   1.007E-05  1.0  1.0
    0.5  1.0  371.6   1.380E-05   1.700E-06   3.816E-06  1.0  1.0
    0.5  1.0  441.1   9.300E-07   2.500E-07   3.269E-07  1.0  1.0
    1.0  1.5   64.6   4.530E+00   4.000E-02   7.339E-01  1.0  1.0
    1.0  1.5   74.6   1.970E+00   2.000E-02   3.172E-01  1.0  1.0
    1.0  1.5   84.7   9.100E-01   1.600E-02   1.479E-01  1.0  1.0
    1.0  1.5   94.7   4.190E-01   3.000E-03   6.767E-02  1.0  1.0
    1.0  1.5  104.7   2.240E-01   2.000E-03   3.696E-02  1.0  1.0
    1.0  1.5  114.7   1.220E-01   2.000E-03   2.062E-02  1.0  1.0
    1.0  1.5  124.7   6.800E-02   1.200E-03   1.180E-02  1.0  1.0
    1.0  1.5  134.8   3.960E-02   3.000E-04   6.950E-03  1.0  1.0
    1.0  1.5  144.8   2.320E-02   2.000E-04   4.222E-03  1.0  1.0
    1.0  1.5  154.8   1.370E-02   2.000E-04   2.596E-03  1.0  1.0
    1.0  1.5  164.8   8.340E-03   1.200E-04   1.647E-03  1.0  1.0
    1.0  1.5  174.8   5.050E-03   7.000E-05   1.043E-03  1.0  1.0
    1.0  1.5  184.8   3.230E-03   6.000E-05   6.977E-04  1.0  1.0
    1.0  1.5  194.8   1.910E-03   5.000E-05   4.326E-04  1.0  1.0
    1.0  1.5  209.2   9.930E-04   2.300E-05   2.418E-04  1.0  1.0
    1.0  1.5  233.3   3.120E-04   1.000E-05   8.596E-05  1.0  1.0
    1.0  1.5  267.0   7.570E-05   4.300E-06   2.491E-05  1.0  1.0
    1.0  1.5  306.8   1.080E-05   1.500E-06   4.412E-06  1.0  1.0
    1.0  1.5  363.5   6.900E-07   1.800E-07   3.874E-07  1.0  1.0
    1.5  2.0   64.6   3.420E+00   3.000E-02   5.968E-01  1.0  1.0
    1.5  2.0   74.6   1.330E+00   2.000E-02   2.394E-01  1.0  1.0
    1.5  2.0   84.6   5.200E-01   1.300E-02   9.750E-02  1.0  1.0
    1.5  2.0   94.7   2.540E-01   2.000E-03   4.928E-02  1.0  1.0
    1.5  2.0  104.7   1.200E-01   2.000E-03   2.460E-02  1.0  1.0
    1.5  2.0  114.7   5.800E-02   1.100E-03   1.264E-02  1.0  1.0
    1.5  2.0  124.7   2.870E-02   8.000E-04   6.673E-03  1.0  1.0
    1.5  2.0  134.7   1.390E-02   2.000E-04   3.426E-03  1.0  1.0
    1.5  2.0  144.7   6.950E-03   1.100E-04   1.845E-03  1.0  1.0
    1.5  2.0  154.7   3.570E-03   8.000E-05   1.021E-03  1.0  1.0
    1.5  2.0  164.7   1.840E-03   6.000E-05   5.686E-04  1.0  1.0
    1.5  2.0  174.7   9.500E-04   3.100E-05   3.173E-04  1.0  1.0
    1.5  2.0  188.9   3.480E-04   1.300E-05   1.295E-04  1.0  1.0
    1.5  2.0  212.5   6.340E-05   4.400E-06   2.818E-05  1.0  1.0
    1.5  2.0  254.5   2.910E-06   5.000E-07   1.753E-06  1.0  1.0
    2.0  3.0   64.5   9.790E-01   1.200E-02   2.364E-01  1.0  1.0
    2.0  3.0   74.5   3.070E-01   7.000E-03   7.782E-02  1.0  1.0
    2.0  3.0   84.5   1.030E-01   4.000E-03   2.796E-02  1.0  1.0
    2.0  3.0   94.6   3.710E-02   6.000E-04   1.091E-02  1.0  1.0
    2.0  3.0  104.6   1.190E-02   4.000E-04   3.856E-03  1.0  1.0
    2.0  3.0  118.3   2.870E-03   1.200E-04   1.078E-03  1.0  1.0
    2.0  3.0  141.3   2.640E-04   9.000E-06   1.283E-04  1.0  1.0
    2.0  3.0  174.9   4.650E-06   6.600E-07   3.285E-06  1.0  1.0
