Muon-asym data from D0 V.M. Abazov et al., PRD88(2013)091102, arXiv:1309.2591[hep-ex]
Sys+stat errors combined in quadrature 
*
0.02  0 : Normalization Uncertainty
   SqrtS    SqrtTau      y      L-asym    stat+sys    dummy     Kf-ms    Kf-dis
 1.960E+03 4.082E-02 1.000E-01 2.130E-02 2.000E-03 0.000E+00 1.000E+00 1.000E+00
 1.960E+03 4.082E-02 3.000E-01 5.460E-02 2.200E-03 0.000E+00 1.000E+00 1.000E+00
 1.960E+03 4.082E-02 5.000E-01 9.110E-02 2.400E-03 0.000E+00 1.000E+00 1.000E+00
 1.960E+03 4.082E-02 7.100E-01 1.241E-01 2.600E-03 0.000E+00 1.000E+00 1.000E+00
 1.960E+03 4.082E-02 8.900E-01 1.415E-01 2.500E-03 0.000E-03 1.000E+00 1.000E+00
 1.960E+03 4.082E-02 1.110E+00 1.613E-01 3.100E-03 0.000E+00 1.000E+00 1.000E+00
 1.960E+03 4.082E-02 1.300E+00 1.662E-01 2.500E-03 0.000E+00 1.000E+00 1.000E+00
 1.960E+03 4.082E-02 1.490E+00 1.547E-01 2.600E-03 0.000E+00 1.000E+00 1.000E+00
 1.960E+03 4.082E-02 1.660E+00 1.106E-01 7.700E-03 0.000E+00 1.000E+00 1.000E+00
 1.960E+03 4.082E-02 1.880E+00 7.640E-02 1.150E-02 0.000E+00 1.000E+00 1.000E+00
