Lepton-asym data from D0 V.M. Abazov et al., PR D77, 011106(R)(2008)
Sys+stat errors combined in quadrature to be compatible with the combined CDF errors
*
0.02  0 : Normalization Uncertainty
   SqrtS    SqrtTau      y      L-asym    stat+sys    dummy     Kf-ms    Kf-dis
 1.960E+03 4.082E-02 1.000E-01 1.900E-02 9.400E-03 0.000E+00 1.000E+00 1.000E+00
 1.960E+03 4.082E-02 3.000E-01 5.000E-02 9.400E-03 0.000E+00 1.000E+00 1.000E+00
 1.960E+03 4.082E-02 5.000E-01 8.100E-02 9.400E-03 0.000E+00 1.000E+00 1.000E+00
 1.960E+03 4.082E-02 7.000E-01 1.260E-01 9.400E-03 0.000E+00 1.000E+00 1.000E+00
 1.960E+03 4.082E-02 9.000E-01 1.210E-01 9.400E-03 0.000E-03 1.000E+00 1.000E+00
 1.960E+03 4.082E-02 1.100E+00 1.330E-01 9.400E-03 0.000E+00 1.000E+00 1.000E+00
 1.960E+03 4.082E-02 1.300E+00 1.240E-01 7.800E-03 0.000E+00 1.000E+00 1.000E+00
 1.960E+03 4.082E-02 1.500E+00 8.500E-02 1.800E-02 0.000E+00 1.000E+00 1.000E+00
 1.960E+03 4.082E-02 1.700E+00 3.100E-02 2.650E-02 0.000E+00 1.000E+00 1.000E+00
 1.960E+03 4.082E-02 1.900E+00 -.600E-02 6.200E-02 0.000E+00 1.000E+00 1.000E+00
