Lepton-asym data from D0 V.M. Abazov et al., arXiv:0807.3367 Electron data
Sys+stat errors combined in quadrature to be compatible with the combined CDF errors
*
0.02  0 : Normalization Uncertainty
   SqrtS    SqrtTau      y      L-asym    stat+sys    dummy     Kf-ms    Kf-dis
 1.960E+03 4.082E-02 1.000E-01 1.600E-02 5.000E-03 0.000E+00 1.000E+00 1.000E+00
 1.960E+03 4.082E-02 3.000E-01 5.600E-02 5.000E-03 0.000E+00 1.000E+00 1.000E+00
 1.960E+03 4.082E-02 5.000E-01 8.200E-02 5.000E-03 0.000E+00 1.000E+00 1.000E+00
 1.960E+03 4.082E-02 7.000E-01 1.300E-01 5.000E-03 0.000E+00 1.000E+00 1.000E+00
 1.960E+03 4.082E-02 9.000E-01 1.460E-01 5.000E-03 0.000E-03 1.000E+00 1.000E+00
 1.960E+03 4.082E-02 1.100E+00 1.550E-01 7.800E-03 0.000E+00 1.000E+00 1.000E+00
 1.960E+03 4.082E-02 1.390E+00 1.440E-01 7.800E-03 0.000E+00 1.000E+00 1.000E+00
 1.960E+03 4.082E-02 1.700E+00 1.020E-01 6.400E-03 0.000E+00 1.000E+00 1.000E+00
 1.960E+03 4.082E-02 1.900E+00 6.600E-02 7.800E-03 0.000E+00 1.000E+00 1.000E+00
 1.960E+03 4.082E-02 2.090E+00 -2.50E-02 1.080E-02 0.000E+00 1.000E+00 1.000E+00
 1.960E+03 4.082E-02 2.370E+00 -1.98E-01 1.220E-02 0.000E+00 1.000E+00 1.000E+00
 1.960E+03 4.082E-02 2.800E+00 -5.43E-01 5.940E-02 0.000E+00 1.000E+00 1.000E+00
