Muon-asym data from D0 V.M. Abazov et al., PRD88(2013)091102, arXiv:1309.2591[hep-ex]
Sys+stat errors combined in quadrature ET and missing ET > 35 GeV 
*
0.02  0 : Normalization Uncertainty
   SqrtS    SqrtTau      y      L-asym    stat+sys    dummy     Kf-ms    Kf-dis
 1.960E+03 4.082E-02 1.000E-01 2.030E-02 3.040E-03 0.000E+00 1.000E+00 1.000E+00
 1.960E+03 4.082E-02 3.000E-01 5.010E-02 3.580E-03 0.000E+00 1.000E+00 1.000E+00
 1.960E+03 4.082E-02 5.000E-01 7.710E-02 5.050E-03 0.000E+00 1.000E+00 1.000E+00
 1.960E+03 4.082E-02 7.100E-01 1.134E-01 5.020E-03 0.000E+00 1.000E+00 1.000E+00
 1.960E+03 4.082E-02 8.900E-01 1.232E-01 4.030E-03 0.000E-03 1.000E+00 1.000E+00
 1.960E+03 4.082E-02 1.110E+00 1.584E-01 7.370E-03 0.000E+00 1.000E+00 1.000E+00
 1.960E+03 4.082E-02 1.300E+00 1.894E-01 5.700E-03 0.000E+00 1.000E+00 1.000E+00
 1.960E+03 4.082E-02 1.490E+00 2.092E-01 5.500E-03 0.000E+00 1.000E+00 1.000E+00
 1.960E+03 4.082E-02 1.660E+00 2.071E-01 1.302E-02 0.000E+00 1.000E+00 1.000E+00
 1.960E+03 4.082E-02 1.880E+00 2.083E-01 2.090E-02 0.000E+00 1.000E+00 1.000E+00
