Lepton-asym data from D0 V.M. Abazov et al., PRD91, 032007 (2015) Electron data
Supercedes 2008 electron data
*
0.02  0 : Normalization Uncertainty
   SqrtS    SqrtTau      y      L-asym     stat      sys        Kf-ms    Kf-dis
 1.960E+03 4.082E-02 1.000E-01 2.100E-02 1.200E-03 1.100E-03 1.000E+00 1.000E+00
 1.960E+03 4.082E-02 3.000E-01 5.230E-02 1.100E-03 1.400E-03 1.000E+00 1.000E+00
 1.960E+03 4.082E-02 5.000E-01 9.160E-02 1.100E-03 1.800E-03 1.000E+00 1.000E+00
 1.960E+03 4.082E-02 7.000E-01 1.197E-01 1.100E-03 2.500E-03 1.000E+00 1.000E+00
 1.960E+03 4.082E-02 9.000E-01 1.452E-01 1.200E-03 3.200E-03 1.000E+00 1.000E+00
 1.960E+03 4.082E-02 1.100E+00 1.559E-01 1.800E-03 4.100E-03 1.000E+00 1.000E+00
 1.960E+03 4.082E-02 1.390E+00 1.537E-01 6.700E-03 6.100E-03 1.000E+00 1.000E+00
 1.960E+03 4.082E-02 1.700E+00 1.105E-01 3.100E-03 4.900E-03 1.000E+00 1.000E+00
 1.960E+03 4.082E-02 1.900E+00 6.660E-02 1.190E-02 5.300E-03 1.000E+00 1.000E+00
 1.960E+03 4.082E-02 2.100E+00 -1.55E-02 5.300E-03 6.100E-03 1.000E+00 1.000E+00
 1.960E+03 4.082E-02 2.300E+00 -9.97E-02 7.100E-03 8.800E-03 1.000E+00 1.000E+00
 1.960E+03 4.082E-02 2.540E+00 -1.91E-01 4.100E-03 1.160E-02 1.000E+00 1.000E+00
 1.960E+03 4.082E-02 2.920E+00 -3.997E-01 9.30E-03 2.230E-02 1.000E+00 1.000E+00
