55.0	50.0	60.0	11.3
65.0	60.0	70.0	9.8
75.0	70.0	80.0	8.5
85.0	80.0	90.0	7.5
95.0	90.0	100.0	6.6
105.0	100.0	110.0	5.9
115.0	110.0	120.0	5.3
125.0	120.0	130.0	4.8
137.5	130.0	145.0	4.3
152.5	145.0	160.0	3.8
170.0	160.0	180.0	3.4
190.0	180.0	200.0	3.1
210.0	200.0	220.0	2.9
230.0	220.0	240.0	2.7
252.5	240.0	265.0	2.6
280.0	265.0	295.0	2.5
310.0	295.0	325.0	2.4
342.5	325.0	360.0	2.4
380.0	360.0	400.0	2.4
422.5	400.0	445.0	2.3
467.5	445.0	490.0	2.3
515.0	490.0	540.0	2.3
602.5	540.0	665.0	2.3
55.0	50.0	60.0	11.9
65.0	60.0	70.0	10.2
75.0	70.0	80.0	8.9
85.0	80.0	90.0	7.7
95.0	90.0	100.0	6.8
105.0	100.0	110.0	6.0
115.0	110.0	120.0	5.4
125.0	120.0	130.0	4.8
137.5	130.0	145.0	4.3
152.5	145.0	160.0	3.8
170.0	160.0	180.0	3.4
190.0	180.0	200.0	3.1
210.0	200.0	220.0	2.8
230.0	220.0	240.0	2.7
252.5	240.0	265.0	2.5
280.0	265.0	295.0	2.5
310.0	295.0	325.0	2.4
342.5	325.0	360.0	2.4
380.0	360.0	400.0	2.3
422.5	400.0	445.0	2.3
470.0	445.0	495.0	2.3
565.0	495.0	635.0	2.3
55.0	50.0	60.0	13.5
65.0	60.0	70.0	11.4
75.0	70.0	80.0	9.7
85.0	80.0	90.0	8.3
95.0	90.0	100.0	7.1
105.0	100.0	110.0	6.2
117.5	110.0	125.0	5.4
132.5	125.0	140.0	4.5
147.5	140.0	155.0	3.9
162.5	155.0	170.0	3.5
180.0	170.0	190.0	3.1
200.0	190.0	210.0	2.8
220.0	210.0	230.0	2.6
240.0	230.0	250.0	2.5
260.0	250.0	270.0	2.4
285.0	270.0	300.0	2.3
317.5	300.0	335.0	2.3
355.0	335.0	375.0	2.3
395.0	375.0	415.0	2.2
467.5	415.0	520.0	2.2
55.0	50.0	60.0	15.5
65.0	60.0	70.0	12.6
75.0	70.0	80.0	10.4
85.0	80.0	90.0	8.6
95.0	90.0	100.0	7.2
105.0	100.0	110.0	6.2
117.5	110.0	125.0	5.2
132.5	125.0	140.0	4.2
147.5	140.0	155.0	3.6
162.5	155.0	170.0	3.1
180.0	170.0	190.0	2.8
202.5	190.0	215.0	2.5
227.5	215.0	240.0	2.3
252.5	240.0	265.0	2.2
277.5	265.0	290.0	2.2
307.5	290.0	325.0	2.1
370.0	325.0	415.0	2.1
55.0	50.0	60.0	16.9
65.0	60.0	70.0	13.1
75.0	70.0	80.0	10.2
85.0	80.0	90.0	8.1
95.0	90.0	100.0	6.6
105.0	100.0	110.0	5.4
117.5	110.0	125.0	4.4
132.5	125.0	140.0	3.5
150.0	140.0	160.0	2.9
167.5	160.0	175.0	2.5
182.5	175.0	190.0	2.3
200.0	190.0	210.0	2.1
222.5	210.0	235.0	2.0
247.5	235.0	260.0	2.0
290.0	260.0	320.0	1.9
55.0	50.0	60.0	16.2
65.0	60.0	70.0	11.6
75.0	70.0	80.0	8.5
85.0	80.0	90.0	6.4
95.0	90.0	100.0	4.9
105.0	100.0	110.0	3.9
115.0	110.0	120.0	3.2
125.0	120.0	130.0	2.7
137.5	130.0	145.0	2.3
152.5	145.0	160.0	2.0
167.5	160.0	175.0	1.8
187.5	175.0	200.0	1.7
215.0	200.0	230.0	1.6
