D0 inclusive jet cross section (nb/GeV) Run II, 
PRL 101, 062001 (2008)
arXiv/0802.2400 [hep-ex]                                                       
0.061  0 : Normalization error
    ymin    ymax    pt      xsec          stat       sys      Kf0  Kf1
    0.00    0.40   54.50  0.2314E+02  0.1620E+00  0.2627E+01  1.0  1.0
    0.00    0.40   64.60  0.8818E+01  0.2600E-01  0.9083E+00  1.0  1.0
    0.00    0.40   74.60  0.3772E+01  0.1800E-01  0.3697E+00  1.0  1.0
    0.00    0.40   84.70  0.1759E+01  0.1200E-01  0.1671E+00  1.0  1.0
    0.00    0.40   94.70  0.8930E+00  0.8900E-02  0.8305E-01  1.0  1.0
    0.00    0.40  104.70  0.4828E+00  0.1900E-02  0.4393E-01  1.0  1.0
    0.00    0.40  114.70  0.2744E+00  0.1400E-02  0.2470E-01  1.0  1.0
    0.00    0.40  124.80  0.1588E+00  0.5000E-03  0.1413E-01  1.0  1.0
    0.00    0.40  137.00  0.8644E-01  0.3500E-03  0.7693E-02  1.0  1.0
    0.00    0.40  152.00  0.4338E-01  0.2200E-03  0.3861E-02  1.0  1.0
    0.00    0.40  169.30  0.2131E-01  0.6000E-04  0.1918E-02  1.0  1.0
    0.00    0.40  189.30  0.9810E-02  0.3900E-04  0.8927E-03  1.0  1.0
    0.00    0.40  209.40  0.4719E-02  0.2400E-04  0.4365E-03  1.0  1.0
    0.00    0.40  229.40  0.2417E-02  0.1500E-04  0.2272E-03  1.0  1.0
    0.00    0.40  251.60  0.1177E-02  0.9000E-05  0.1142E-03  1.0  1.0
    0.00    0.40  278.80  0.5084E-03  0.5600E-05  0.5135E-04  1.0  1.0
    0.00    0.40  308.90  0.2097E-03  0.3800E-05  0.2223E-04  1.0  1.0
    0.00    0.40  341.10  0.8189E-04  0.2130E-05  0.9254E-05  1.0  1.0
    0.00    0.40  378.20  0.2909E-04  0.1190E-05  0.3564E-05  1.0  1.0
    0.00    0.40  420.20  0.9915E-05  0.6540E-06  0.1348E-05  1.0  1.0
    0.00    0.40  465.20  0.3032E-05  0.3580E-06  0.4669E-06  1.0  1.0
    0.00    0.40  512.10  0.5925E-06  0.1529E-06  0.1049E-06  1.0  1.0
    0.00    0.40  584.80  0.8917E-07  0.3638E-07  0.1948E-07  1.0  1.0
    0.40    0.80   54.50  0.2157E+02  0.1720E+00  0.2480E+01  1.0  1.0
    0.40    0.80   64.60  0.8106E+01  0.2400E-01  0.8592E+00  1.0  1.0
    0.40    0.80   74.60  0.3471E+01  0.1700E-01  0.3506E+00  1.0  1.0
    0.40    0.80   84.70  0.1611E+01  0.1100E-01  0.1587E+00  1.0  1.0
    0.40    0.80   94.70  0.7998E+00  0.8000E-02  0.7758E-01  1.0  1.0
    0.40    0.80  104.70  0.4353E+00  0.1700E-02  0.4179E-01  1.0  1.0
    0.40    0.80  114.70  0.2415E+00  0.1400E-02  0.2306E-01  1.0  1.0
    0.40    0.80  124.80  0.1409E+00  0.6000E-03  0.1339E-01  1.0  1.0
    0.40    0.80  137.00  0.7638E-01  0.3100E-03  0.7256E-02  1.0  1.0
    0.40    0.80  152.00  0.3805E-01  0.2300E-03  0.3653E-02  1.0  1.0
    0.40    0.80  169.20  0.1811E-01  0.5000E-04  0.1766E-02  1.0  1.0
    0.40    0.80  189.30  0.8105E-02  0.3200E-04  0.8024E-03  1.0  1.0
    0.40    0.80  209.40  0.3779E-02  0.1900E-04  0.3855E-03  1.0  1.0
    0.40    0.80  229.40  0.1853E-02  0.1300E-04  0.1946E-03  1.0  1.0
    0.40    0.80  251.60  0.8718E-03  0.7800E-05  0.9415E-04  1.0  1.0
    0.40    0.80  278.80  0.3532E-03  0.4600E-05  0.4026E-04  1.0  1.0
    0.40    0.80  308.80  0.1381E-03  0.2900E-05  0.1685E-04  1.0  1.0
    0.40    0.80  340.90  0.5270E-04  0.1630E-05  0.6956E-05  1.0  1.0
    0.40    0.80  378.00  0.1539E-04  0.8200E-06  0.2255E-05  1.0  1.0
    0.40    0.80  419.90  0.3741E-05  0.3670E-06  0.6229E-06  1.0  1.0
    0.40    0.80  466.70  0.7379E-06  0.1505E-06  0.1450E-06  1.0  1.0
    0.40    0.80  539.90  0.6021E-07  0.2457E-07  0.1511E-07  1.0  1.0
    0.80    1.20   54.50  0.1756E+02  0.1400E+00  0.2116E+01  1.0  1.0
    0.80    1.20   64.60  0.6579E+01  0.8500E-01  0.7467E+00  1.0  1.0
    0.80    1.20   74.60  0.2786E+01  0.5500E-01  0.3065E+00  1.0  1.0
    0.80    1.20   84.70  0.1283E+01  0.3800E-01  0.1386E+00  1.0  1.0
    0.80    1.20   94.70  0.6540E+00  0.7200E-02  0.6671E-01  1.0  1.0
    0.80    1.20  104.70  0.3380E+00  0.5100E-02  0.3448E-01  1.0  1.0
    0.80    1.20  116.90  0.1690E+00  0.8000E-03  0.1707E-01  1.0  1.0
    0.80    1.20  132.00  0.7454E-01  0.6000E-03  0.7603E-02  1.0  1.0
    0.80    1.20  147.00  0.3613E-01  0.1800E-03  0.3721E-02  1.0  1.0
    0.80    1.20  162.00  0.1794E-01  0.1400E-03  0.1884E-02  1.0  1.0
    0.80    1.20  179.20  0.8458E-02  0.8500E-04  0.9135E-03  1.0  1.0
    0.80    1.20  199.30  0.3641E-02  0.2200E-04  0.4096E-03  1.0  1.0
    0.80    1.20  219.30  0.1633E-02  0.1300E-04  0.1919E-03  1.0  1.0
    0.80    1.20  239.40  0.7570E-03  0.7600E-05  0.9349E-04  1.0  1.0
    0.80    1.20  259.40  0.3551E-03  0.5000E-05  0.4634E-04  1.0  1.0
    0.80    1.20  283.60  0.1430E-03  0.2600E-05  0.2016E-04  1.0  1.0
    0.80    1.20  315.60  0.4104E-04  0.1230E-05  0.6464E-05  1.0  1.0
    0.80    1.20  352.50  0.1030E-04  0.5400E-06  0.1880E-05  1.0  1.0
    0.80    1.20  392.40  0.2388E-05  0.2360E-06  0.5254E-06  1.0  1.0
    0.80    1.20  449.50  0.1565E-06  0.3070E-07  0.4452E-07  1.0  1.0
    1.20    1.60   54.50  0.1511E+02  0.1360E+00  0.2010E+01  1.0  1.0
    1.20    1.60   64.60  0.5225E+01  0.7800E-01  0.6610E+00  1.0  1.0
    1.20    1.60   74.60  0.2179E+01  0.5000E-01  0.2691E+00  1.0  1.0
    1.20    1.60   84.60  0.9565E+00  0.8600E-02  0.1110E+00  1.0  1.0
    1.20    1.60   94.70  0.4601E+00  0.1800E-02  0.5245E-01  1.0  1.0
    1.20    1.60  104.70  0.2331E+00  0.1200E-02  0.2681E-01  1.0  1.0
    1.20    1.60  116.90  0.1099E+00  0.7000E-03  0.1275E-01  1.0  1.0
    1.20    1.60  131.90  0.4548E-01  0.4500E-03  0.5435E-02  1.0  1.0
    1.20    1.60  147.00  0.1983E-01  0.1400E-03  0.2399E-02  1.0  1.0
    1.20    1.60  162.00  0.9136E-02  0.1000E-03  0.1137E-02  1.0  1.0
    1.20    1.60  179.20  0.3734E-02  0.5200E-04  0.4836E-03  1.0  1.0
    1.20    1.60  201.20  0.1230E-02  0.1000E-04  0.1808E-03  1.0  1.0
    1.20    1.60  226.20  0.3532E-03  0.4900E-05  0.5634E-04  1.0  1.0
    1.20    1.60  251.20  0.1083E-03  0.2300E-05  0.1928E-04  1.0  1.0
    1.20    1.60  276.20  0.2910E-04  0.1080E-05  0.5878E-05  1.0  1.0
    1.20    1.60  304.80  0.7082E-05  0.3970E-06  0.1671E-05  1.0  1.0
    1.20    1.60  352.30  0.3741E-06  0.4300E-07  0.1148E-06  1.0  1.0
    1.60    2.00   54.50  0.1159E+02  0.1150E+00  0.1530E+01  1.0  1.0
    1.60    2.00   64.50  0.4020E+01  0.7200E-01  0.5085E+00  1.0  1.0
    1.60    2.00   74.60  0.1555E+01  0.1000E-01  0.1928E+00  1.0  1.0
    1.60    2.00   84.60  0.6642E+00  0.7300E-02  0.8303E-01  1.0  1.0
    1.60    2.00   94.70  0.2933E+00  0.1500E-02  0.3725E-01  1.0  1.0
    1.60    2.00  104.70  0.1350E+00  0.9000E-03  0.1755E-01  1.0  1.0
    1.60    2.00  116.80  0.5640E-01  0.2300E-03  0.7558E-02  1.0  1.0
    1.60    2.00  131.80  0.2013E-01  0.1400E-03  0.2858E-02  1.0  1.0
    1.60    2.00  148.90  0.6279E-02  0.6900E-04  0.9575E-03  1.0  1.0
    1.60    2.00  166.90  0.1910E-02  0.1700E-04  0.3190E-03  1.0  1.0
    1.60    2.00  181.90  0.6805E-03  0.9500E-05  0.1242E-03  1.0  1.0
    1.60    2.00  198.90  0.2176E-03  0.3900E-05  0.4461E-04  1.0  1.0
    1.60    2.00  220.70  0.4463E-04  0.1470E-05  0.1089E-04  1.0  1.0
    1.60    2.00  245.50  0.6544E-05  0.4970E-06  0.2019E-05  1.0  1.0
    1.60    2.00  278.40  0.3747E-06  0.6150E-07  0.1577E-06  1.0  1.0
    2.00    2.40   54.50  0.7154E+01  0.9300E-01  0.1052E+01  1.0  1.0
    2.00    2.40   64.50  0.2263E+01  0.5200E-01  0.3293E+00  1.0  1.0
    2.00    2.40   74.50  0.7347E+00  0.7300E-02  0.1091E+00  1.0  1.0
    2.00    2.40   84.60  0.2685E+00  0.4600E-02  0.4121E-01  1.0  1.0
    2.00    2.40   94.60  0.9847E-01  0.7900E-03  0.1580E-01  1.0  1.0
    2.00    2.40  104.60  0.3831E-01  0.5000E-03  0.6494E-02  1.0  1.0
    2.00    2.40  114.60  0.1453E-01  0.3100E-03  0.2623E-02  1.0  1.0
    2.00    2.40  124.60  0.5643E-02  0.9000E-04  0.1089E-02  1.0  1.0
    2.00    2.40  136.60  0.1787E-02  0.3900E-04  0.3762E-03  1.0  1.0
    2.00    2.40  151.60  0.3752E-03  0.1730E-04  0.9005E-04  1.0  1.0
    2.00    2.40  166.50  0.7923E-04  0.2770E-05  0.2214E-04  1.0  1.0
    2.00    2.40  184.70  0.1048E-04  0.6800E-06  0.3595E-05  1.0  1.0
    2.00    2.40  210.00  0.3314E-06  0.6260E-07  0.1621E-06  1.0  1.0
