D/p ratio data collection from Arrington et al. arXiv:0805.3116
(used SLAC p and D data, moved to a common Q^2 in the 4-8, 8-16, 16-24 GeV^2 ranges)
%
0.01	: Normalization Uncertainty
        x     Q**2      D/p        i        stat        sys       dummy      dummy
    0.02588    6.     0.97608      1    0.00315037   0.00488127   1.0000     1.0000
    0.05000    6.     0.96105      2    0.00447021   0.00480585   1.0000     1.0000
    0.07946    6.     0.93800      3    0.00371163   0.00469058   1.0000     1.0000
    0.10998    6.     0.92642      4    0.00615281   0.00463298   1.0000     1.0000
    0.14020    6.     0.91944      5    0.00511225   0.00456025   1.0000     1.0000
    0.17976    6.     0.89166      6    0.00536780   0.00413290   1.0000     1.0000
    0.22779    6.     0.85879      7    0.00538945   0.00375229   1.0000     1.0000
    0.26570    6.     0.84648      8    0.00496779   0.00349982   1.0000     1.0000
    0.32086    6.     0.80894      9    0.00477405   0.00374548   1.0000     1.0000
    0.35726    6.     0.79904     10    0.00359879   0.00437052   1.0000     1.0000
    0.42611    6.     0.77352     11    0.00354628   0.00398266   1.0000     1.0000
    0.47164    6.     0.76282     12    0.00757089   0.00458791   1.0000     1.0000
    0.53059    6.     0.74923     13    0.00396312   0.00524266   1.0000     1.0000
    0.57878    6.     0.73631     14    0.00573199   0.00643789   1.0000     1.0000
    0.61978    6.     0.72402     15    0.00640421   0.00415835   1.0000     1.0000
    0.64137    6.     0.71579     16    0.00633520   0.00624744   1.0000     1.0000
    0.67148    6.     0.71708     17    0.00658693   0.00483255   1.0000     1.0000
    0.71681    6.     0.70880     18    0.00670071   0.00395891   1.0000     1.0000
    0.75623    6.     0.71380     19    0.00824147   0.00485663   1.0000     1.0000
    0.78029    6.     0.70903     20    0.04723495   0.00000000   1.0000     1.0000
    0.03241   12.     0.96376     21    0.00589383   0.00481915   1.0000     1.0000
    0.05000   12.     0.96125     22    0.00534825   0.00480639   1.0000     1.0000
    0.07851   12.     0.93902     23    0.00422464   0.00556131   1.0000     1.0000
    0.10512   12.     0.93238     24    0.00525490   0.00739000   1.0000     1.0000
    0.14000   12.     0.90834     25    0.00443893   0.00683692   1.0000     1.0000
    0.18000   12.     0.87157     26    0.00494546   0.00652215   1.0000     1.0000
    0.22500   12.     0.85208     27    0.00506209   0.00641157   1.0000     1.0000
    0.27504   12.     0.83842     28    0.00639822   0.00580708   1.0000     1.0000
    0.33811   12.     0.81144     29    0.01634208   0.00299855   1.0000     1.0000
    0.35259   12.     0.80467     30    0.00553693   0.00517630   1.0000     1.0000
    0.42726   12.     0.77272     31    0.00447378   0.00504611   1.0000     1.0000
    0.46085   12.     0.76057     32    0.00701929   0.00725446   1.0000     1.0000
    0.51749   12.     0.74151     33    0.00398859   0.00582993   1.0000     1.0000
    0.56473   12.     0.73306     34    0.00552585   0.00670697   1.0000     1.0000
    0.59940   12.     0.71647     35    0.00416633   0.00503165   1.0000     1.0000
    0.62528   12.     0.71383     36    0.00663117   0.00690049   1.0000     1.0000
    0.66298   12.     0.71465     37    0.00483579   0.00645634   1.0000     1.0000
    0.68928   12.     0.71198     38    0.00534980   0.00527570   1.0000     1.0000
    0.72558   12.     0.70605     39    0.00709759   0.00692521   1.0000     1.0000
    0.75587   12.     0.70737     40    0.00547130   0.00432488   1.0000     1.0000
    0.77986   12.     0.71061     41    0.00653010   0.00580659   1.0000     1.0000
    0.80470   12.     0.73039     42    0.00782723   0.00609732   1.0000     1.0000
    0.82204   12.     0.72769     43    0.01220250   0.00428108   1.0000     1.0000
    0.86138   12.     0.81439     44    0.02831173   0.00897490   1.0000     1.0000
    0.86702   12.     0.82957     45    0.02394144   0.00914430   1.0000     1.0000
    0.88381   12.     0.92485     46    0.15553280   0.00000000   1.0000     1.0000
    0.05000   20.     0.96450     47    0.01215270   0.00482250   1.0000     1.0000
    0.07814   20.     0.94149     48    0.00557094   0.00601181   1.0000     1.0000
    0.10323   20.     0.91988     49    0.00533499   0.00805073   1.0000     1.0000
    0.14001   20.     0.90195     50    0.00479611   0.00747588   1.0000     1.0000
    0.18003   20.     0.86844     51    0.00496915   0.00737902   1.0000     1.0000
    0.22505   20.     0.86009     52    0.00490521   0.00743448   1.0000     1.0000
    0.27510   20.     0.83106     53    0.00514665   0.00733938   1.0000     1.0000
    0.35019   20.     0.79898     54    0.00459311   0.00699707   1.0000     1.0000
    0.45046   20.     0.77059     55    0.00629238   0.00671092   1.0000     1.0000
    0.54025   20.     0.72948     56    0.00954128   0.0          1.0000     1.0000
    0.60596   20.     0.73813     57    0.02004270   0.0          1.0000     1.0000
    0.65364   20.     0.68186     58    0.01018451   0.00613610   1.0000     1.0000
    0.67407   20.     0.72677     59    0.01169460   0.00533145   1.0000     1.0000
    0.72094   20.     0.73012     60    0.01458395   0.00666369   1.0000     1.0000
    0.74417   20.     0.70814     61    0.01836524   0.00504731   1.0000     1.0000
    0.77211   20.     0.75208     62    0.01593255   0.00827457   1.0000     1.0000
    0.79090   20.     0.76204     63    0.02246944   0.00442197   1.0000     1.0000
    0.81620   20.     0.74723     64    0.01466036   0.00672225   1.0000     1.0000
    0.84329   20.     0.81507     65    0.04370544   0.00489240   1.0000     1.0000
    0.85594   20.     0.85615     66    0.02830063   0.00410654   1.0000     1.0000
    0.86799   20.     0.81773     67    0.02597498   0.00901340   1.0000     1.0000
    0.88068   20.     0.83301     68    0.03723208   0.00918280   1.0000     1.0000
