E03-103 JLab Hydrogen reduced sigma, at 40 degrees (1st x series) & 50 (2nd series) 
data taken as part of E03-103 "EMC effect" paper (PRL 103 (2009) 202301)
Data sent by D.Gaskell, converted to reduced cross section by P.Monaghan (summer '14)

0.025  : normalisation error

    x	    Q2	     y		sig_r	    stat	syst
  0.3250  2.8682  8.1563e-01  2.4925e-01  1.3136e-03  3.2402e-03  1.0000  1.0000
  0.3500  3.0456  8.0421e-01  2.3928e-01  1.1468e-03  3.1106e-03  1.0000  1.0000
  0.3750  3.2182  7.9313e-01  2.2782e-01  1.1119e-03  2.9617e-03  1.0000  1.0000
  0.4000  3.3860  7.8234e-01  2.1404e-01  9.2017e-04  2.7825e-03  1.0000  1.0000
  0.4250  3.5494  7.7183e-01  1.9928e-01  8.5274e-04  2.5906e-03  1.0000  1.0000
  0.4500  3.7084  7.6162e-01  1.8481e-01  8.5551e-04  2.4025e-03  1.0000  1.0000
  0.4750  3.8632  7.5166e-01  1.6972e-01  7.5228e-04  2.2064e-03  1.0000  1.0000
  0.5000  4.0141  7.4197e-01  1.5592e-01  6.4495e-04  2.0269e-03  1.0000  1.0000
  0.5250  4.1611  7.3252e-01  1.3990e-01  5.7824e-04  1.8187e-03  1.0000  1.0000
  0.5500  4.3044  7.2331e-01  1.2571e-01  5.4788e-04  1.6342e-03  1.0000  1.0000
  0.5750  4.4442  7.1433e-01  1.1053e-01  4.7101e-04  1.4369e-03  1.0000  1.0000
  0.6000  4.5805  7.0555e-01  9.6374e-02  4.1155e-04  1.2529e-03  1.0000  1.0000
  0.6250  4.7136  6.9700e-01  8.4581e-02  4.0645e-04  1.0996e-03  1.0000  1.0000
  0.6500  4.8434  6.8866e-01  7.2106e-02  2.9866e-04  9.3737e-04  1.0000  1.0000
  0.6750  4.9702  6.8051e-01  6.1311e-02  3.3470e-04  7.9705e-04  1.0000  1.0000
  0.7000  5.0940  6.7255e-01  5.7970e-02  3.3004e-04  7.5360e-04  1.0000  1.0000
  0.7250  5.2149  6.6478e-01  5.3184e-02  2.4584e-04  6.9139e-04  1.0000  1.0000
  0.7500  5.3331  6.5718e-01  3.5048e-02  2.3702e-04  4.5562e-04  1.0000  1.0000
  0.7750  5.4486  6.4976e-01  2.8642e-02  1.5111e-04  3.7235e-04  1.0000  1.0000
  0.8000  5.5615  6.4249e-01  3.2563e-02  1.6869e-04  4.2332e-04  1.0000  1.0000
  0.8250  5.6720  6.3540e-01  1.8698e-02  1.6702e-04  2.4308e-04  1.0000  1.0000
  0.8500  5.7800  6.2846e-01  1.3476e-02  9.9608e-05  1.7519e-04  1.0000  1.0000
  0.8750  5.8857  6.2166e-01  9.5516e-03  8.7476e-05  1.2417e-04  1.0000  1.0000
  0.9000  5.9891  6.1502e-01  7.3560e-03  1.1534e-04  9.5628e-05  1.0000  1.0000
  0.9250  6.0903  6.0850e-01  3.6023e-03  6.3893e-05  4.6830e-05  1.0000  1.0000
  0.9500  6.1894  6.0213e-01  3.1369e-04  6.9829e-09  4.0780e-06  1.0000  1.0000
  0.3500  3.2663  8.6249e-01  2.3312e-01  2.1844e-03  3.0305e-03  1.0000  1.0000
  0.3750  3.4655  8.5409e-01  2.2019e-01  1.8422e-03  2.8624e-03  1.0000  1.0000
  0.4000  3.6610  8.4587e-01  2.1089e-01  1.6136e-03  2.7416e-03  1.0000  1.0000
  0.4250  3.8527  8.3779e-01  1.9395e-01  1.2165e-03  2.5213e-03  1.0000  1.0000
  0.4500  4.0407  8.2988e-01  1.7812e-01  1.1805e-03  2.3155e-03  1.0000  1.0000
  0.4750  4.2253  8.2211e-01  1.6402e-01  1.1412e-03  2.1323e-03  1.0000  1.0000
  0.5000  4.4064  8.1448e-01  1.4857e-01  8.8064e-04  1.9314e-03  1.0000  1.0000
  0.5250  4.5842  8.0701e-01  1.3631e-01  7.8902e-04  1.7720e-03  1.0000  1.0000
  0.5500  4.7588  7.9965e-01  1.2074e-01  7.0760e-04  1.5697e-03  1.0000  1.0000
  0.5750  4.9302  7.9244e-01  1.0685e-01  5.8533e-04  1.3891e-03  1.0000  1.0000
  0.6000  5.0985  7.8535e-01  9.3168e-02  5.7885e-04  1.2112e-03  1.0000  1.0000
  0.6250  5.2639  7.7839e-01  7.9689e-02  4.0800e-04  1.0360e-03  1.0000  1.0000
  0.6500  5.4263  7.7154e-01  6.8515e-02  4.4638e-04  8.9070e-04  1.0000  1.0000
  0.6750  5.5860  7.6483e-01  5.6956e-02  3.3153e-04  7.4042e-04  1.0000  1.0000
  0.7000  5.7428  7.5822e-01  4.6622e-02  3.6791e-04  6.0609e-04  1.0000  1.0000
  0.7250  5.8970  7.5173e-01  4.2377e-02  2.9894e-04  5.5090e-04  1.0000  1.0000
  0.7500  6.0486  7.4535e-01  4.0413e-02  2.3566e-04  5.2537e-04  1.0000  1.0000
  0.7750  6.1976  7.3907e-01  2.5824e-02  1.7909e-04  3.3571e-04  1.0000  1.0000
  0.8000  6.3441  7.3290e-01  2.0113e-02  1.5299e-04  2.6147e-04  1.0000  1.0000
  0.8250  6.4882  7.2685e-01  2.1533e-02  1.6933e-04  2.7993e-04  1.0000  1.0000
  0.8500  6.6299  7.2086e-01  1.1888e-02  1.2517e-04  1.5454e-04  1.0000  1.0000
  0.8750  6.7694  7.1500e-01  8.1810e-03  1.1050e-04  1.0635e-04  1.0000  1.0000
  0.9000  6.9065  7.0923e-01  5.3143e-03  9.8957e-05  6.9085e-05  1.0000  1.0000
  0.9250  7.0415  7.0354e-01  3.3545e-03  1.2181e-04  4.3609e-05  1.0000  1.0000
  0.9250  7.0415  7.0354e-01  3.3545e-03  1.2181e-04  4.3609e-05  1.0000  1.0000