F2 Deuterium data extracted from cross section measurements by Aji Daniel [NOTE this is 2*F2(per-nucleon)]
Jlab experiment E03-103; 40 and 50 degrees spectrometer settings only.
PhD Thesis, University of Houston, 2007  

0.025  : normalisation error

      x           Q^2          F2A           i          stat         syst         dummy        dummy    
   0.3250       2.8682     4.7300E-01      1.00       6.540E-03    6.149E-03     1.0000       1.0000    
   0.3500       3.0456     4.4060E-01      2.00       6.036E-03    5.728E-03     1.0000       1.0000    
   0.3750       3.2182     4.1480E-01      3.00       5.693E-03    5.392E-03     1.0000       1.0000    
   0.4000       3.3860     3.8380E-01      4.00       5.206E-03    4.989E-03     1.0000       1.0000    
   0.4250       3.5494     3.5190E-01      5.00       4.772E-03    4.575E-03     1.0000       1.0000    
   0.4500       3.7084     3.1850E-01      6.00       4.352E-03    4.141E-03     1.0000       1.0000    
   0.4750       3.8632     2.8850E-01      7.00       3.941E-03    3.751E-03     1.0000       1.0000    
   0.5000       4.0141     2.5960E-01      8.00       3.536E-03    3.375E-03     1.0000       1.0000    
   0.5250       4.1611     2.2990E-01      9.00       3.133E-03    2.989E-03     1.0000       1.0000    
   0.5500       4.3044     2.0390E-01      10.00      2.794E-03    2.651E-03     1.0000       1.0000    
   0.5750       4.4442     1.7790E-01      11.00      2.420E-03    2.313E-03     1.0000       1.0000    
   0.6000       4.5805     1.5560E-01      12.00      2.101E-03    2.023E-03     1.0000       1.0000    
   0.6250       4.7136     1.3530E-01      13.00      1.834E-03    1.759E-03     1.0000       1.0000    
   0.6500       4.8434     1.1450E-01      14.00      1.535E-03    1.489E-03     1.0000       1.0000    
   0.6750       4.9702     9.7400E-02      15.00      1.332E-03    1.266E-03     1.0000       1.0000    
   0.7000       5.0940     8.3930E-02      16.00      1.155E-03    1.091E-03     1.0000       1.0000    
   0.7250       5.2149     7.0770E-02      17.00      9.592E-04    9.200E-04     1.0000       1.0000    
   0.7500       5.3331     5.8410E-02      18.00      8.300E-04    7.593E-04     1.0000       1.0000    
   0.7750       5.4486     4.8270E-02      19.00      6.687E-04    6.275E-04     1.0000       1.0000    
   0.8000       5.5615     3.8760E-02      20.00      5.419E-04    5.039E-04     1.0000       1.0000    
   0.8250       5.6720     2.9360E-02      21.00      4.492E-04    3.817E-04     1.0000       1.0000    
   0.8500       5.7800     2.2500E-02      22.00      3.262E-04    2.925E-04     1.0000       1.0000    
   0.8750       5.8857     1.6240E-02      23.00      2.471E-04    2.111E-04     1.0000       1.0000    
   0.9000       5.9891     1.1720E-02      24.00      2.212E-04    1.524E-04     1.0000       1.0000    
   0.9250       6.0903     7.9050E-03      25.00      1.347E-04    1.028E-04     1.0000       1.0000    
   0.9500       6.1894     4.7980E-03      26.00      1.054E-04    6.237E-05     1.0000       1.0000    
   0.9750       6.2865     3.0960E-03      27.00      1.096E-04    4.025E-05     1.0000       1.0000    
   1.0000       6.3815     1.6950E-03      28.00      8.786E-05    2.204E-05     1.0000       1.0000    
   1.0250       6.4747     9.1680E-04      29.00      6.732E-05    1.192E-05     1.0000       1.0000    
   1.0500       6.5660     6.4650E-04      30.00      5.249E-05    8.405E-06     1.0000       1.0000    
   1.0750       6.6554     3.1940E-04      31.00      3.094E-05    4.152E-06     1.0000       1.0000    
   1.1000       6.7431     2.0300E-04      32.00      3.932E-05    2.639E-06     1.0000       1.0000    
   1.1250       6.8291     1.0770E-04      33.00      2.951E-05    1.400E-06     1.0000       1.0000    
   1.1500       6.9134     3.6560E-05      34.00      2.399E-05    4.753E-07     1.0000       1.0000    
   1.1750       6.9961     5.2000E-05      35.00      1.936E-05    6.760E-07     1.0000       1.0000    
   1.2000       7.0772     4.0070E-05      36.00      1.685E-05    5.209E-07     1.0000       1.0000    
   1.2250       7.1568     5.0150E-05      37.00      9.698E-06    6.520E-07     1.0000       1.0000    
   1.2500       7.2350     4.3980E-05      38.00      1.134E-05    5.717E-07     1.0000       1.0000    
   1.3000       7.3869     1.5710E-05      39.00      8.061E-06    2.042E-07     1.0000       1.0000    
   1.3250       7.4609     8.2630E-06      40.00      7.432E-06    1.074E-07     1.0000       1.0000    
   1.3500       7.5335     2.3550E-06      41.00      7.041E-06    3.062E-08     1.0000       1.0000    
   1.4000       7.6748     2.6610E-06      42.00      4.332E-06    3.459E-08     1.0000       1.0000    
   1.4500       7.8113     6.2000E-06      43.00      4.903E-06    8.060E-08     1.0000       1.0000    
   1.5250       8.0074     2.9760E-07      44.00      2.587E-06    3.869E-09     1.0000       1.0000    
   1.5500       8.0705     6.8110E-07      45.00      2.798E-06    8.854E-09     1.0000       1.0000    
   1.6250       8.2538     2.4670E-07      46.00      1.884E-06    3.207E-09     1.0000       1.0000    
   1.6500       8.3130     4.9680E-06      47.00      5.995E-06    6.458E-08     1.0000       1.0000    
   0.3500       3.2663     4.3350E-01      48.00      6.959E-03    5.636E-03     1.0000       1.0000    
   0.3750       3.4655     4.1000E-01      49.00      6.332E-03    5.330E-03     1.0000       1.0000    
   0.4000       3.6610     3.8300E-01      50.00      5.797E-03    4.979E-03     1.0000       1.0000    
   0.4250       3.8527     3.4600E-01      51.00      4.947E-03    4.498E-03     1.0000       1.0000    
   0.4500       4.0407     3.1270E-01      52.00      4.502E-03    4.065E-03     1.0000       1.0000    
   0.4750       4.2253     2.7880E-01      53.00      4.063E-03    3.624E-03     1.0000       1.0000    
   0.5000       4.4064     2.5270E-01      54.00      3.562E-03    3.285E-03     1.0000       1.0000    
   0.5250       4.5842     2.2490E-01      55.00      3.152E-03    2.924E-03     1.0000       1.0000    
   0.5500       4.7588     1.9640E-01      56.00      2.760E-03    2.553E-03     1.0000       1.0000    
   0.5750       4.9302     1.7190E-01      57.00      2.394E-03    2.235E-03     1.0000       1.0000    
   0.6000       5.0985     1.4870E-01      58.00      2.103E-03    1.933E-03     1.0000       1.0000    
   0.6250       5.2639     1.2750E-01      59.00      1.750E-03    1.658E-03     1.0000       1.0000    
   0.6500       5.4263     1.0900E-01      60.00      1.541E-03    1.417E-03     1.0000       1.0000    
   0.6750       5.5860     9.0860E-02      61.00      1.263E-03    1.181E-03     1.0000       1.0000    
   0.7000       5.7428     7.5930E-02      62.00      1.107E-03    9.871E-04     1.0000       1.0000    
   0.7250       5.8970     6.4380E-02      63.00      9.242E-04    8.369E-04     1.0000       1.0000    
   0.7500       6.0486     5.2900E-02      64.00      7.442E-04    6.877E-04     1.0000       1.0000    
   0.7750       6.1976     4.2830E-02      65.00      6.123E-04    5.568E-04     1.0000       1.0000    
   0.8000       6.3441     3.3580E-02      66.00      4.877E-04    4.365E-04     1.0000       1.0000    
   0.8250       6.4882     2.6060E-02      67.00      3.893E-04    3.388E-04     1.0000       1.0000    
   0.8500       6.6299     1.9720E-02      68.00      3.069E-04    2.564E-04     1.0000       1.0000    
   0.8750       6.7694     1.4280E-02      69.00      2.375E-04    1.856E-04     1.0000       1.0000    
   0.9000       6.9065     9.9490E-03      70.00      1.888E-04    1.293E-04     1.0000       1.0000    
   0.9250       7.0415     6.6080E-03      71.00      1.323E-04    8.590E-05     1.0000       1.0000    
   0.9500       7.1743     4.3460E-03      72.00      1.608E-04    5.650E-05     1.0000       1.0000    
   0.9750       7.3051     2.4260E-03      73.00      1.208E-04    3.154E-05     1.0000       1.0000    
   1.0000       7.4338     1.2920E-03      74.00      7.462E-05    1.680E-05     1.0000       1.0000    
   1.0250       7.5605     5.2940E-04      75.00      9.032E-05    6.882E-06     1.0000       1.0000    
   1.0500       7.6852     3.8410E-04      76.00      5.218E-05    4.993E-06     1.0000       1.0000    
   1.0750       7.8080     1.5960E-04      77.00      5.931E-05    2.075E-06     1.0000       1.0000    
   1.1000       7.9290     1.1220E-04      78.00      3.384E-05    1.459E-06     1.0000       1.0000    
   1.1250       8.0481     1.1750E-04      79.00      4.182E-05    1.528E-06     1.0000       1.0000    
   1.1500       8.1655     6.8840E-05      80.00      2.459E-05    8.949E-07     1.0000       1.0000    
   1.1750       8.2811     5.1390E-05      81.00      1.696E-05    6.681E-07     1.0000       1.0000    
   1.2250       8.5073     5.4740E-05      82.00      1.712E-05    7.116E-07     1.0000       1.0000    
   1.2500       8.6179     5.5880E-05      83.00      1.725E-05    7.264E-07     1.0000       1.0000    
   1.2750       8.7270     1.4480E-05      84.00      1.457E-05    1.882E-07     1.0000       1.0000    
   1.3000       8.8344     6.9250E-06      85.00      9.974E-06    9.003E-08     1.0000       1.0000    
   1.3250       8.9404     7.8260E-06      86.00      8.675E-06    1.017E-07     1.0000       1.0000    
   1.3500       9.0448     9.3390E-06      87.00      7.709E-06    1.214E-07     1.0000       1.0000    
   1.3750       9.1478     4.8420E-06      88.00      6.780E-06    6.295E-08     1.0000       1.0000    
   1.4000       9.2494     1.0330E-05      89.00      6.797E-06    1.343E-07     1.0000       1.0000    
   1.4250       9.3495     1.3400E-06      90.00      5.771E-06    1.742E-08     1.0000       1.0000    
   1.4500       9.4483     7.3940E-06      91.00      4.426E-06    9.612E-08     1.0000       1.0000    
   1.4750       9.5457     7.7530E-06      92.00      5.265E-06    1.008E-07     1.0000       1.0000    
