F2 hydrogen data extracted from cross section measurements by Aji Daniel 
Jlab experiment E03-103
PhD Thesis, University of Houston, 2007                
                                                                       
  0.0250 :  normalisation error                              
                  
     x         Q^2        F2A         i        stat       syst       dummy      dummy   
  0.3250     2.8682    2.809E-01    1.00     3.940E-03  3.652E-03   1.0000     1.0000   
  0.3500     3.0456    2.673E-01    2.00     3.703E-03  3.475E-03   1.0000     1.0000   
  0.3750     3.2182    2.523E-01    3.00     3.504E-03  3.280E-03   1.0000     1.0000   
  0.4000     3.3860    2.356E-01    4.00     3.226E-03  3.063E-03   1.0000     1.0000   
  0.4250     3.5494    2.179E-01    5.00     2.982E-03  2.833E-03   1.0000     1.0000   
  0.4500     3.7084    2.011E-01    6.00     2.775E-03  2.614E-03   1.0000     1.0000   
  0.4750     3.8632    1.839E-01    7.00     2.526E-03  2.391E-03   1.0000     1.0000   
  0.5000     4.0141    1.681E-01    8.00     2.293E-03  2.185E-03   1.0000     1.0000   
  0.5250     4.1611    1.503E-01    9.00     2.050E-03  1.954E-03   1.0000     1.0000   
  0.5500     4.3044    1.346E-01    10.00    1.845E-03  1.750E-03   1.0000     1.0000   
  0.5750     4.4442    1.179E-01    11.00    1.613E-03  1.533E-03   1.0000     1.0000   
  0.6000     4.5805    1.026E-01    12.00    1.404E-03  1.334E-03   1.0000     1.0000   
  0.6250     4.7136    8.975E-02    13.00    1.244E-03  1.167E-03   1.0000     1.0000   
  0.6500     4.8434    7.634E-02    14.00    1.042E-03  9.924E-04   1.0000     1.0000   
  0.6750     4.9702    6.476E-02    15.00    9.131E-04  8.419E-04   1.0000     1.0000   
  0.7000     5.0940    6.111E-02    16.00    8.673E-04  7.944E-04   1.0000     1.0000   
  0.7250     5.2149    5.597E-02    17.00    7.722E-04  7.276E-04   1.0000     1.0000   
  0.7500     5.3331    3.681E-02    18.00    5.394E-04  4.785E-04   1.0000     1.0000   
  0.7750     5.4486    3.003E-02    19.00    4.213E-04  3.904E-04   1.0000     1.0000   
  0.8000     5.5615    3.409E-02    20.00    4.771E-04  4.432E-04   1.0000     1.0000   
  0.8250     5.6720    1.955E-02    21.00    3.083E-04  2.542E-04   1.0000     1.0000   
  0.8500     5.7800    1.407E-02    22.00    2.104E-04  1.829E-04   1.0000     1.0000   
  0.8750     5.8857    9.959E-03    23.00    1.584E-04  1.295E-04   1.0000     1.0000   
  0.9000     5.9891    7.660E-03    24.00    1.560E-04  9.958E-05   1.0000     1.0000   
  0.9250     6.0903    3.748E-03    25.00    8.240E-05  4.872E-05   1.0000     1.0000   
  0.9500     6.1894    3.260E-04    26.00    4.238E-06  4.238E-06   1.0000     1.0000   
  0.3500     3.2663    2.638E-01    27.00    4.227E-03  3.429E-03   1.0000     1.0000   
  0.3750     3.4655    2.472E-01    28.00    3.821E-03  3.214E-03   1.0000     1.0000   
  0.4000     3.6610    2.350E-01    29.00    3.545E-03  3.055E-03   1.0000     1.0000   
  0.4250     3.8527    2.148E-01    30.00    3.100E-03  2.792E-03   1.0000     1.0000   
  0.4500     4.0407    1.961E-01    31.00    2.862E-03  2.549E-03   1.0000     1.0000   
  0.4750     4.2253    1.797E-01    32.00    2.650E-03  2.336E-03   1.0000     1.0000   
  0.5000     4.4064    1.620E-01    33.00    2.315E-03  2.106E-03   1.0000     1.0000   
  0.5250     4.5842    1.480E-01    34.00    2.106E-03  1.924E-03   1.0000     1.0000   
  0.5500     4.7588    1.306E-01    35.00    1.862E-03  1.698E-03   1.0000     1.0000   
  0.5750     4.9302    1.152E-01    36.00    1.625E-03  1.498E-03   1.0000     1.0000   
  0.6000     5.0985    1.002E-01    37.00    1.443E-03  1.303E-03   1.0000     1.0000   
  0.6250     5.2639    8.542E-02    38.00    1.193E-03  1.110E-03   1.0000     1.0000   
  0.6500     5.4263    7.323E-02    39.00    1.065E-03  9.520E-04   1.0000     1.0000   
  0.6750     5.5860    6.074E-02    40.00    8.651E-04  7.896E-04   1.0000     1.0000   
  0.7000     5.7428    4.960E-02    41.00    7.543E-04  6.448E-04   1.0000     1.0000   
  0.7250     5.8970    4.499E-02    42.00    6.654E-04  5.849E-04   1.0000     1.0000   
  0.7500     6.0486    4.280E-02    43.00    6.099E-04  5.564E-04   1.0000     1.0000   
  0.7750     6.1976    2.732E-02    44.00    4.026E-04  3.552E-04   1.0000     1.0000   
  0.8000     6.3441    2.124E-02    45.00    3.199E-04  2.761E-04   1.0000     1.0000   
  0.8250     6.4882    2.270E-02    46.00    3.449E-04  2.951E-04   1.0000     1.0000   
  0.8500     6.6299    1.252E-02    47.00    2.094E-04  1.628E-04   1.0000     1.0000   
  0.8750     6.7694    8.601E-03    48.00    1.613E-04  1.118E-04   1.0000     1.0000   
  0.9000     6.9065    5.577E-03    49.00    1.267E-04  7.250E-05   1.0000     1.0000   
  0.9250     7.0415    3.517E-03    50.00    1.356E-04  4.572E-05   1.0000     1.0000   
