E03-103 JLab Deuterium reduced sigma, at 40and 50 degrees [note this is 2*dsig per nucleon]
data taken as part of E03-103 "EMC effect" paper (PRL 103 (2009) 202301)
Data sent by D.Gaskell, converted to reduced cross section by P.Monaghan (summer '14)

0.025  : normalisation error

    x	    Q2	     y		sig_r	    stat	syst
  0.3250  2.8682  8.1563e-01  4.1979e-01  1.9753e-03  5.4573e-03  1.0000  1.0000
  0.3500  3.0456  8.0421e-01  3.9448e-01  1.7034e-03  5.1283e-03  1.0000  1.0000
  0.3750  3.2182  7.9313e-01  3.7437e-01  1.6466e-03  4.8668e-03  1.0000  1.0000
  0.4000  3.3860  7.8234e-01  3.4867e-01  1.3495e-03  4.5328e-03  1.0000  1.0000
  0.4250  3.5494  7.7183e-01  3.2165e-01  1.2423e-03  4.1815e-03  1.0000  1.0000
  0.4500  3.7084  7.6162e-01  2.9266e-01  1.2307e-03  3.8045e-03  1.0000  1.0000
  0.4750  3.8632  7.5166e-01  2.6639e-01  1.1184e-03  3.4631e-03  1.0000  1.0000
  0.5000  4.0141  7.4197e-01  2.4072e-01  9.8024e-04  3.1293e-03  1.0000  1.0000
  0.5250  4.1611  7.3252e-01  2.1402e-01  8.7531e-04  2.7822e-03  1.0000  1.0000
  0.5500  4.3044  7.2331e-01  1.9044e-01  8.2563e-04  2.4757e-03  1.0000  1.0000
  0.5750  4.4442  7.1433e-01  1.6677e-01  6.6721e-04  2.1680e-03  1.0000  1.0000
  0.6000  4.5805  7.0555e-01  1.4617e-01  5.3454e-04  1.9002e-03  1.0000  1.0000
  0.6250  4.7136  6.9700e-01  1.2747e-01  4.9010e-04  1.6571e-03  1.0000  1.0000
  0.6500  4.8434  6.8866e-01  1.0815e-01  3.5264e-04  1.4059e-03  1.0000  1.0000
  0.6750  4.9702  6.8051e-01  9.2201e-02  3.9079e-04  1.1986e-03  1.0000  1.0000
  0.7000  5.0940  6.7255e-01  7.9621e-02  3.5923e-04  1.0351e-03  1.0000  1.0000
  0.7250  5.2149  6.6478e-01  6.7257e-02  2.5797e-04  8.7434e-04  1.0000  1.0000
  0.7500  5.3331  6.5718e-01  5.5628e-02  3.1926e-04  7.2316e-04  1.0000  1.0000
  0.7750  5.4486  6.4976e-01  4.6042e-02  2.2046e-04  5.9854e-04  1.0000  1.0000
  0.8000  5.5615  6.4249e-01  3.7015e-02  1.9035e-04  4.8120e-04  1.0000  1.0000
  0.8250  5.6720  6.3540e-01  2.8081e-02  2.2653e-04  3.6505e-04  1.0000  1.0000
  0.8500  5.7800  6.2846e-01  2.1550e-02  1.3841e-04  2.8015e-04  1.0000  1.0000
  0.8750  5.8857  6.2166e-01  1.5578e-02  1.2312e-04  2.0251e-04  1.0000  1.0000
  0.9000  5.9891  6.1502e-01  1.1252e-02  1.5395e-04  1.4627e-04  1.0000  1.0000
  0.9250  6.0903  6.0850e-01  7.5998e-03  8.3667e-05  9.8797e-05  1.0000  1.0000
  0.9500  6.1894  6.0213e-01  4.6191e-03  8.1726e-05  6.0049e-05  1.0000  1.0000
  0.9750  6.2865  5.9589e-01  2.9819e-03  9.8136e-05  3.8764e-05  1.0000  1.0000
  1.0000  6.3815  5.8978e-01  1.6341e-03  8.2004e-05  2.1243e-05  1.0000  1.0000
  1.0250  6.4747  5.8380e-01  8.8490e-04  6.3948e-05  1.1504e-05  1.0000  1.0000
  1.0500  6.5660  5.7792e-01  6.2448e-04  5.0055e-05  8.1182e-06  1.0000  1.0000
  1.0750  6.6554  5.7218e-01  3.0874e-04  2.9638e-05  4.0136e-06  1.0000  1.0000
  1.1000  6.7431  5.6655e-01  1.9644e-04  3.7957e-05  2.5537e-06  1.0000  1.0000
  1.1250  6.8291  5.6101e-01  1.0431e-04  2.8535e-05  1.3560e-06  1.0000  1.0000
  1.1500  6.9134  5.5560e-01  3.5427e-05  2.3253e-05  4.6055e-07  1.0000  1.0000
  1.1750  6.9961  5.5028e-01  5.0419e-05  1.8756e-05  6.5545e-07  1.0000  1.0000
  1.2000  7.0772  5.4506e-01  3.8864e-05  1.6333e-05  5.0524e-07  1.0000  1.0000
  1.2250  7.1568  5.3994e-01  4.8668e-05  9.3906e-06  6.3269e-07  1.0000  1.0000
  1.2500  7.2350  5.3493e-01  4.2716e-05  1.1002e-05  5.5531e-07  1.0000  1.0000
  1.3000  7.3869  5.2515e-01  1.5274e-05  7.8341e-06  1.9856e-07  1.0000  1.0000
  1.3250  7.4609  5.2040e-01  8.0377e-06  7.2284e-06  1.0449e-07  1.0000  1.0000
  1.3500  7.5335  5.1573e-01  2.2917e-06  6.8527e-06  2.9792e-08  1.0000  1.0000
  1.4000  7.6748  5.0664e-01  2.5933e-06  4.2204e-06  3.3713e-08  1.0000  1.0000
  1.4500  7.8113  4.9788e-01  6.0448e-06  4.7793e-06  7.8582e-08  1.0000  1.0000
  1.5250  8.0074  4.8528e-01  2.9051e-07  2.5256e-06  3.7767e-09  1.0000  1.0000
  1.5500  8.0705  4.8122e-01  6.6523e-07  2.7329e-06  8.6480e-09  1.0000  1.0000
  1.6250  8.2538  4.6942e-01  2.4119e-07  1.8417e-06  3.1355e-09  1.0000  1.0000
  1.6500  8.3130  4.6563e-01  4.8577e-06  5.8628e-06  6.3150e-08  1.0000  1.0000
  1.6500  8.3130  4.6563e-01  4.8577e-06  5.8628e-06  6.3150e-08  1.0000  1.0000
  0.3500  3.2663  8.6249e-01  3.8307e-01  3.6080e-03  4.9799e-03  1.0000  1.0000
  0.3750  3.4655  8.5409e-01  3.6538e-01  3.0457e-03  4.7499e-03  1.0000  1.0000
  0.4000  3.6610  8.4587e-01  3.4360e-01  2.6647e-03  4.4668e-03  1.0000  1.0000
  0.4250  3.8527  8.3779e-01  3.1226e-01  1.8605e-03  4.0594e-03  1.0000  1.0000
  0.4500  4.0407  8.2988e-01  2.8403e-01  1.7564e-03  3.6924e-03  1.0000  1.0000
  0.4750  4.2253  8.2211e-01  2.5451e-01  1.6771e-03  3.3086e-03  1.0000  1.0000
  0.5000  4.4064  8.1448e-01  2.3177e-01  1.2619e-03  3.0130e-03  1.0000  1.0000
  0.5250  4.5842  8.0701e-01  2.0707e-01  1.0860e-03  2.6919e-03  1.0000  1.0000
  0.5500  4.7588  7.9965e-01  1.8158e-01  9.6874e-04  2.3605e-03  1.0000  1.0000
  0.5750  4.9302  7.9244e-01  1.5944e-01  7.9653e-04  2.0728e-03  1.0000  1.0000
  0.6000  5.0985  7.8535e-01  1.3834e-01  7.6908e-04  1.7984e-03  1.0000  1.0000
  0.6250  5.2639  7.7839e-01  1.1897e-01  5.2488e-04  1.5467e-03  1.0000  1.0000
  0.6500  5.4263  7.7154e-01  1.0193e-01  5.6778e-04  1.3251e-03  1.0000  1.0000
  0.6750  5.5860  7.6483e-01  8.5191e-02  4.1944e-04  1.1075e-03  1.0000  1.0000
  0.7000  5.7428  7.5822e-01  7.1369e-02  4.7000e-04  9.2779e-04  1.0000  1.0000
  0.7250  5.8970  7.5173e-01  6.0637e-02  3.6930e-04  7.8828e-04  1.0000  1.0000
  0.7500  6.0486  7.4535e-01  4.9945e-02  2.6852e-04  6.4928e-04  1.0000  1.0000
  0.7750  6.1976  7.3907e-01  4.0473e-02  2.4076e-04  5.2615e-04  1.0000  1.0000
  0.8000  6.3441  7.3290e-01  3.1798e-02  2.0600e-04  4.1338e-04  1.0000  1.0000
  0.8250  6.4882  7.2685e-01  2.4722e-02  1.8184e-04  3.2139e-04  1.0000  1.0000
  0.8500  6.6299  7.2086e-01  1.8733e-02  1.6028e-04  2.4353e-04  1.0000  1.0000
  0.8750  6.7694  7.1500e-01  1.3582e-02  1.4090e-04  1.7657e-04  1.0000  1.0000
  0.9000  6.9065  7.0923e-01  9.4781e-03  1.3110e-04  1.2321e-04  1.0000  1.0000
  0.9250  7.0415  7.0354e-01  6.3026e-03  9.5961e-05  8.1934e-05  1.0000  1.0000
  0.9500  7.1743  6.9795e-01  4.1521e-03  1.4385e-04  5.3978e-05  1.0000  1.0000
  0.9750  7.3051  6.9246e-01  2.3196e-03  1.1147e-04  3.0155e-05  1.0000  1.0000
  1.0000  7.4338  6.8703e-01  1.2363e-03  6.9572e-05  1.6072e-05  1.0000  1.0000
  1.0250  7.5605  6.8170e-01  5.0734e-04  8.6298e-05  6.5954e-06  1.0000  1.0000
  1.0500  7.6852  6.7645e-01  3.6830e-04  4.9810e-05  4.7880e-06  1.0000  1.0000
  1.0750  7.8080  6.7128e-01  1.5320e-04  5.6888e-05  1.9916e-06  1.0000  1.0000
  1.1000  7.9290  6.6618e-01  1.0782e-04  3.2483e-05  1.4017e-06  1.0000  1.0000
  1.1250  8.0481  6.6117e-01  1.1300e-04  4.0183e-05  1.4690e-06  1.0000  1.0000
  1.1500  8.1655  6.5623e-01  6.6225e-05  2.3646e-05  8.6092e-07  1.0000  1.0000
  1.1750  8.2811  6.5135e-01  4.9490e-05  1.6322e-05  6.4338e-07  1.0000  1.0000
  1.2250  8.5073  6.4183e-01  5.2804e-05  1.6497e-05  6.8645e-07  1.0000  1.0000
  1.2500  8.6179  6.3718e-01  5.3931e-05  1.6629e-05  7.0110e-07  1.0000  1.0000
  1.2750  8.7270  6.3259e-01  1.3984e-05  1.4071e-05  1.8180e-07  1.0000  1.0000
  1.3000  8.8344  6.2806e-01  6.6900e-06  9.6383e-06  8.6970e-08  1.0000  1.0000
  1.3250  8.9404  6.2360e-01  7.5687e-06  8.3889e-06  9.8393e-08  1.0000  1.0000
  1.3500  9.0448  6.1920e-01  9.0328e-06  7.4564e-06  1.1743e-07  1.0000  1.0000
  1.3750  9.1478  6.1486e-01  4.6881e-06  6.5608e-06  6.0946e-08  1.0000  1.0000
  1.4000  9.2494  6.1060e-01  1.0001e-05  6.5805e-06  1.3002e-07  1.0000  1.0000
  1.4250  9.3495  6.0638e-01  1.2984e-06  5.5902e-06  1.6880e-08  1.0000  1.0000
  1.4500  9.4483  6.0222e-01  7.1677e-06  4.2898e-06  9.3180e-08  1.0000  1.0000
  1.4750  9.5457  5.9811e-01  7.5178e-06  5.1060e-06  9.7732e-08  1.0000  1.0000
  1.4750  9.5457  5.9811e-01  7.5178e-06  5.1060e-06  9.7732e-08  1.0000  1.0000