E140X DIS Deuterium reduced cros section - 4cm target (1st x series) & 15cm (2nd x series)
L. Tao, Ph.D. Thesis, The American University, 1994
Converted to reduced cross section by P.Monaghan (summer '14)

0.02  : normalisation error

    x	    Q2	     y		sig_r	    stat	syst
  0.1000  0.5000  8.0727e-01  2.2687e-01  1.8413e-03  1.5584e-03  1.0000  1.0000
  0.1000  0.5000  6.5850e-01  2.3151e-01  1.4981e-03  1.6309e-03  1.0000  1.0000
  0.1000  0.5000  5.3818e-01  2.4871e-01  1.4709e-03  1.8293e-03  1.0000  1.0000
  0.1000  1.0000  8.2620e-01  2.6312e-01  2.4419e-03  1.9951e-03  1.0000  1.0000
  0.1000  1.0000  7.7232e-01  2.7217e-01  3.9670e-03  1.9015e-03  1.0000  1.0000
  0.1000  1.0000  6.6696e-01  2.8519e-01  2.0918e-03  2.0481e-03  1.0000  1.0000
  0.5000  3.6000  7.7515e-01  1.1676e-01  8.2218e-04  9.6005e-04  1.0000  1.0000
  0.5000  3.6000  6.8518e-01  1.2056e-01  7.6790e-04  9.2617e-04  1.0000  1.0000
  0.5000  3.6000  5.9488e-01  1.2546e-01  7.8373e-04  1.0483e-03  1.0000  1.0000
  0.5000  3.6000  4.8023e-01  1.2834e-01  9.5216e-04  1.4072e-03  1.0000  1.0000
  0.3500  3.0000  8.1571e-01  1.9821e-01  2.7306e-03  1.4097e-03  1.0000  1.0000
  0.3500  3.0000  7.0822e-01  2.0170e-01  1.6688e-03  1.4532e-03  1.0000  1.0000
  0.3500  3.0000  5.7171e-01  2.1348e-01  1.3266e-03  1.5661e-03  1.0000  1.0000
  0.3500  3.0000  4.6851e-01  2.1764e-01  1.4177e-03  1.6444e-03  1.0000  1.0000
  0.5000  3.6000  7.7515e-01  1.1816e-01  1.3609e-03  9.6876e-04  1.0000  1.0000
  0.5000  3.6000  6.8518e-01  1.2119e-01  8.8290e-04  9.3016e-04  1.0000  1.0000
  0.5000  3.6000  5.9488e-01  1.2434e-01  6.4584e-04  1.0418e-03  1.0000  1.0000
  0.5000  3.6000  5.5609e-01  1.2718e-01  1.2157e-03  9.9473e-04  1.0000  1.0000
  0.5000  3.6000  3.9354e-01  1.2892e-01  8.3169e-04  1.0900e-03  1.0000  1.0000
