E140X DIS Beryllium reduced cros section - 6 percent radiation length
L. Tao, Ph.D. Thesis, The American University, 1994
Converted to reduced cross section by P.Monaghan (summer '14)

0.02  : normalisation error

    x	    Q2	     y		sig_r	    stat	syst
  0.5000  3.6000  7.7515e-01  1.0795e-01  8.6459e-04  8.9770e-04  1.0000  1.0000
  0.5000  3.6000  6.8518e-01  1.1006e-01  6.8977e-04  8.6127e-04  1.0000  1.0000
  0.5000  3.6000  5.9488e-01  1.1261e-01  6.9652e-04  9.6228e-04  1.0000  1.0000
  0.5000  3.6000  4.8023e-01  1.1631e-01  7.0890e-04  1.2959e-03  1.0000  1.0000
  0.6000  5.0000  7.9304e-01  6.2614e-02  4.2147e-04  5.2914e-04  1.0000  1.0000
  0.6000  5.0000  6.8853e-01  6.3048e-02  4.0228e-04  5.8548e-04  1.0000  1.0000
  0.6000  5.0000  6.4362e-01  6.3984e-02  3.9530e-04  6.0172e-04  1.0000  1.0000
  0.6000  5.0000  5.5582e-01  6.4225e-02  3.9263e-04  6.8073e-04  1.0000  1.0000
  0.7000  7.0000  8.2620e-01  2.8228e-02  5.8096e-04  2.9228e-04  1.0000  1.0000
  0.7000  7.0000  7.7232e-01  2.8271e-02  4.5743e-04  3.0026e-04  1.0000  1.0000
  0.7000  7.0000  6.6696e-01  2.9571e-02  2.5072e-04  3.2670e-04  1.0000  1.0000
  0.7000  7.0000  5.4656e-01  2.9335e-02  1.8283e-04  3.5155e-04  1.0000  1.0000
