E140X DIS Hydrogen reduced cros section - 4cm target (x=.1) & 15cm (x=.35,.50)
L. Tao, Ph.D. Thesis, The American University, 1994
Converted to reduced cross section by P.Monaghan (summer '14)

0.02  : normalisation error

    x	    Q2	     y		sig_r	    stat	syst      target l
  0.1000  0.5000  8.0727e-01  2.3719e-01  2.2607e-03  1.6414e-03  1.0000  1.0000
  0.1000  0.5000  6.6600e-01  2.5691e-01  1.9140e-03  1.8175e-03  1.0000  1.0000
  0.1000  0.5000  5.3818e-01  2.6553e-01  1.6611e-03  1.9662e-03  1.0000  1.0000
  0.1000  1.0000  8.2620e-01  2.7557e-01  2.7727e-03  2.1963e-03  1.0000  1.0000
  0.1000  1.0000  7.7232e-01  2.8333e-01  4.2103e-03  1.9863e-03  1.0000  1.0000
  0.1000  1.0000  6.6696e-01  3.0389e-01  2.3301e-03  2.1847e-03  1.0000  1.0000
  0.3500  3.0000  8.1571e-01  2.4642e-01  2.9462e-03  1.7379e-03  1.0000  1.0000
  0.3500  3.0000  7.0822e-01  2.4926e-01  2.1619e-03  1.7831e-03  1.0000  1.0000
  0.3500  3.0000  5.7171e-01  2.6130e-01  1.7154e-03  1.9074e-03  1.0000  1.0000
  0.3500  3.0000  4.6851e-01  2.6676e-01  1.8665e-03  2.0056e-03  1.0000  1.0000
  0.5000  3.6000  7.7515e-01  1.5458e-01  1.9577e-03  1.2532e-03  1.0000  1.0000
  0.5000  3.6000  6.8518e-01  1.5753e-01  1.2340e-03  1.1930e-03  1.0000  1.0000
  0.5000  3.6000  5.9488e-01  1.6394e-01  8.6918e-04  1.3518e-03  1.0000  1.0000
  0.5000  3.6000  5.5609e-01  1.6439e-01  1.6508e-03  1.2690e-03  1.0000  1.0000
  0.5000  3.6000  3.9354e-01  1.6874e-01  1.0255e-03  1.3931e-03  1.0000  1.0000
