E605 dimuon yield PRD, M^3*d Sig/dM dy (nbarnGeV**2/nucleon) 800; cteq5m kfac
GeV proton+copper, 15% overall normalization uncertainty, 10% point-to-point
systematic err added.  Without Fermi motion correction or Nuclear dep. 119 pt
0.15  0 : Normalization Uncertainty
  Sqrt S     Sqrt(Tau)   Rapidity   X-sect     StatErr    SysErr     Kf-ms      Kf-dis 
  3.880E+01  1.831E-01 -2.000E-01  2.234E+00  6.488E-01  2.234E-01  1.489E+00  1.000E+00  
  3.880E+01  1.831E-01 -1.000E-01  2.450E+00  5.221E-01  2.450E-01  1.485E+00  1.000E+00  
  3.880E+01  1.831E-01  0.000E+00  2.603E+00  4.734E-01  2.603E-01  1.482E+00  1.000E+00  
  3.880E+01  1.831E-01  1.000E-01  2.644E+00  4.624E-01  2.644E-01  1.483E+00  1.000E+00  
  3.880E+01  1.831E-01  2.000E-01  3.438E+00  6.728E-01  3.438E-01  1.485E+00  1.000E+00  
  3.880E+01  1.831E-01  3.000E-01  2.569E+00  6.066E-01  2.569E-01  1.489E+00  1.000E+00  
  3.880E+01  1.883E-01 -2.000E-01  1.393E+00  3.065E-01  1.393E-01  1.494E+00  1.000E+00  
  3.880E+01  1.883E-01 -1.000E-01  2.104E+00  3.703E-01  2.104E-01  1.488E+00  1.000E+00  
  3.880E+01  1.883E-01  0.000E+00  2.336E+00  3.854E-01  2.336E-01  1.486E+00  1.000E+00  
  3.880E+01  1.883E-01  1.000E-01  2.314E+00  3.504E-01  2.314E-01  1.486E+00  1.000E+00  
  3.880E+01  1.883E-01  2.000E-01  2.705E+00  4.300E-01  2.705E-01  1.491E+00  1.000E+00  
  3.880E+01  1.883E-01  3.000E-01  2.647E+00  5.987E-01  2.647E-01  1.503E+00  1.000E+00  
  3.880E+01  1.935E-01 -2.000E-01  1.593E+00  2.922E-01  1.592E-01  1.515E+00  1.000E+00  
  3.880E+01  1.935E-01 -1.000E-01  2.003E+00  3.290E-01  2.003E-01  1.494E+00  1.000E+00  
  3.880E+01  1.935E-01  0.000E+00  2.633E+00  4.038E-01  2.633E-01  1.492E+00  1.000E+00  
  3.880E+01  1.935E-01  1.000E-01  2.794E+00  4.238E-01  2.794E-01  1.492E+00  1.000E+00  
  3.880E+01  1.935E-01  2.000E-01  2.286E+00  3.608E-01  2.286E-01  1.509E+00  1.000E+00  
  3.880E+01  1.935E-01  3.000E-01  2.401E+00  5.082E-01  2.401E-01  1.498E+00  1.000E+00  
  3.880E+01  1.986E-01 -2.000E-01  1.903E+00  3.567E-01  1.903E-01  1.504E+00  1.000E+00  
  3.880E+01  1.986E-01 -1.000E-01  1.914E+00  2.745E-01  1.914E-01  1.522E+00  1.000E+00  
  3.880E+01  1.986E-01  0.000E+00  1.940E+00  2.660E-01  1.939E-01  1.501E+00  1.000E+00  
  3.880E+01  1.986E-01  1.000E-01  2.149E+00  2.869E-01  2.149E-01  1.517E+00  1.000E+00  
  3.880E+01  1.986E-01  2.000E-01  2.147E+00  3.087E-01  2.147E-01  1.505E+00  1.000E+00  
  3.880E+01  1.986E-01  3.000E-01  2.951E+00  6.215E-01  2.951E-01  1.503E+00  1.000E+00  
  3.880E+01  2.038E-01 -2.000E-01  1.011E+00  1.817E-01  1.011E-01  1.519E+00  1.000E+00  
  3.880E+01  2.038E-01 -1.000E-01  2.009E+00  2.994E-01  2.009E-01  1.507E+00  1.000E+00  
  3.880E+01  2.038E-01  0.000E+00  1.757E+00  2.279E-01  1.757E-01  1.546E+00  1.000E+00  
  3.880E+01  2.038E-01  1.000E-01  2.490E+00  3.331E-01  2.490E-01  1.508E+00  1.000E+00  
  3.880E+01  2.038E-01  2.000E-01  2.691E+00  4.037E-01  2.691E-01  1.519E+00  1.000E+00  
  3.880E+01  2.038E-01  3.000E-01  3.396E+00  7.176E-01  3.396E-01  1.510E+00  1.000E+00  
  3.880E+01  2.089E-01 -2.000E-01  1.606E+00  2.845E-01  1.606E-01  1.505E+00  1.000E+00  
  3.880E+01  2.089E-01 -1.000E-01  1.749E+00  2.273E-01  1.749E-01  1.530E+00  1.000E+00  
  3.880E+01  2.089E-01  0.000E+00  1.930E+00  2.130E-01  1.930E-01  1.511E+00  1.000E+00  
  3.880E+01  2.089E-01  1.000E-01  2.029E+00  1.767E-01  2.029E-01  1.528E+00  1.000E+00  
  3.880E+01  2.089E-01  2.000E-01  1.954E+00  1.523E-01  1.954E-01  1.514E+00  1.000E+00  
  3.880E+01  2.089E-01  3.000E-01  1.763E+00  1.554E-01  1.763E-01  1.514E+00  1.000E+00  
  3.880E+01  2.141E-01 -2.000E-01  1.711E+00  2.798E-01  1.711E-01  1.506E+00  1.000E+00  
  3.880E+01  2.141E-01 -1.000E-01  1.630E+00  1.888E-01  1.630E-01  1.518E+00  1.000E+00  
  3.880E+01  2.141E-01  0.000E+00  1.450E+00  1.308E-01  1.450E-01  1.559E+00  1.000E+00  
  3.880E+01  2.141E-01  1.000E-01  1.661E+00  1.243E-01  1.661E-01  1.520E+00  1.000E+00  
  3.880E+01  2.141E-01  2.000E-01  1.588E+00  1.080E-01  1.588E-01  1.514E+00  1.000E+00  
  3.880E+01  2.141E-01  3.000E-01  1.502E+00  1.248E-01  1.503E-01  1.512E+00  1.000E+00  
  3.880E+01  2.141E-01  4.000E-01  1.939E+00  3.270E-01  1.939E-01  1.523E+00  1.000E+00  
  3.880E+01  2.192E-01 -2.000E-01  1.477E+00  2.083E-01  1.477E-01  1.513E+00  1.000E+00  
  3.880E+01  2.192E-01 -1.000E-01  1.692E+00  1.885E-01  1.693E-01  1.536E+00  1.000E+00  
  3.880E+01  2.192E-01  0.000E+00  1.514E+00  1.249E-01  1.515E-01  1.523E+00  1.000E+00  
  3.880E+01  2.192E-01  1.000E-01  1.440E+00  1.043E-01  1.440E-01  1.549E+00  1.000E+00  
  3.880E+01  2.192E-01  2.000E-01  1.676E+00  1.124E-01  1.676E-01  1.522E+00  1.000E+00  
  3.880E+01  2.192E-01  3.000E-01  1.596E+00  1.330E-01  1.596E-01  1.528E+00  1.000E+00  
  3.880E+01  2.192E-01  4.000E-01  1.819E+00  2.822E-01  1.819E-01  1.526E+00  1.000E+00  
  3.880E+01  2.244E-01 -2.000E-01  1.185E+00  1.520E-01  1.185E-01  1.547E+00  1.000E+00  
  3.880E+01  2.244E-01 -1.000E-01  1.643E+00  1.457E-01  1.643E-01  1.513E+00  1.000E+00  
  3.880E+01  2.244E-01  0.000E+00  1.621E+00  1.259E-01  1.622E-01  1.528E+00  1.000E+00  
  3.880E+01  2.244E-01  1.000E-01  1.544E+00  1.049E-01  1.544E-01  1.522E+00  1.000E+00  
  3.880E+01  2.244E-01  2.000E-01  1.528E+00  1.033E-01  1.528E-01  1.558E+00  1.000E+00  
  3.880E+01  2.244E-01  3.000E-01  1.510E+00  1.179E-01  1.510E-01  1.535E+00  1.000E+00  
  3.880E+01  2.244E-01  4.000E-01  1.679E+00  2.894E-01  1.679E-01  1.571E+00  1.000E+00  
  3.880E+01  2.296E-01 -2.000E-01  1.484E+00  1.687E-01  1.484E-01  1.513E+00  1.000E+00  
  3.880E+01  2.296E-01 -1.000E-01  1.540E+00  1.264E-01  1.540E-01  1.518E+00  1.000E+00  
  3.880E+01  2.296E-01  0.000E+00  1.377E+00  9.300E-02  1.377E-01  1.518E+00  1.000E+00  
  3.880E+01  2.296E-01  1.000E-01  1.521E+00  9.680E-02  1.521E-01  1.527E+00  1.000E+00  
  3.880E+01  2.296E-01  2.000E-01  1.613E+00  1.020E-01  1.613E-01  1.528E+00  1.000E+00  
  3.880E+01  2.296E-01  3.000E-01  1.803E+00  1.410E-01  1.803E-01  1.536E+00  1.000E+00  
  3.880E+01  2.296E-01  4.000E-01  1.193E+00  1.785E-01  1.193E-01  1.547E+00  1.000E+00  
  3.880E+01  2.708E-01 -2.000E-01  6.927E-01  8.570E-02  6.930E-02  1.561E+00  1.000E+00  
  3.880E+01  2.708E-01 -1.000E-01  9.048E-01  7.840E-02  9.050E-02  1.562E+00  1.000E+00  
  3.880E+01  2.708E-01  0.000E+00  7.880E-01  6.050E-02  7.880E-02  1.567E+00  1.000E+00  
  3.880E+01  2.708E-01  1.000E-01  9.125E-01  6.460E-02  9.120E-02  1.561E+00  1.000E+00  
  3.880E+01  2.708E-01  2.000E-01  1.133E+00  7.920E-02  1.133E-01  1.566E+00  1.000E+00  
  3.880E+01  2.708E-01  3.000E-01  1.182E+00  1.053E-01  1.182E-01  1.574E+00  1.000E+00  
  3.880E+01  2.708E-01  4.000E-01  1.412E+00  2.252E-01  1.412E-01  1.602E+00  1.000E+00  
  3.880E+01  2.760E-01 -2.000E-01  6.076E-01  9.060E-02  6.080E-02  1.566E+00  1.000E+00  
  3.880E+01  2.760E-01 -1.000E-01  6.078E-01  6.380E-02  6.080E-02  1.575E+00  1.000E+00  
  3.880E+01  2.760E-01  0.000E+00  6.953E-01  5.890E-02  6.950E-02  1.574E+00  1.000E+00  
  3.880E+01  2.760E-01  1.000E-01  7.777E-01  6.170E-02  7.780E-02  1.584E+00  1.000E+00  
  3.880E+01  2.760E-01  2.000E-01  8.645E-01  7.180E-02  8.650E-02  1.572E+00  1.000E+00  
  3.880E+01  2.760E-01  3.000E-01  8.481E-01  9.150E-02  8.480E-02  1.579E+00  1.000E+00  
  3.880E+01  2.760E-01  4.000E-01  6.026E-01  1.390E-01  6.030E-02  1.609E+00  1.000E+00  
  3.880E+01  2.812E-01 -2.000E-01  6.101E-01  9.630E-02  6.100E-02  1.573E+00  1.000E+00  
  3.880E+01  2.812E-01 -1.000E-01  6.860E-01  7.120E-02  6.860E-02  1.580E+00  1.000E+00  
  3.880E+01  2.812E-01  0.000E+00  6.084E-01  5.370E-02  6.080E-02  1.595E+00  1.000E+00  
  3.880E+01  2.812E-01  1.000E-01  6.706E-01  5.740E-02  6.710E-02  1.589E+00  1.000E+00  
  3.880E+01  2.812E-01  2.000E-01  7.660E-01  6.580E-02  7.660E-02  1.578E+00  1.000E+00  
  3.880E+01  2.812E-01  3.000E-01  6.953E-01  7.650E-02  6.950E-02  1.585E+00  1.000E+00  
  3.880E+01  2.812E-01  4.000E-01  8.183E-01  1.796E-01  8.180E-02  1.606E+00  1.000E+00  
  3.880E+01  2.915E-01 -2.000E-01  4.008E-01  4.010E-02  4.010E-02  1.594E+00  1.000E+00  
  3.880E+01  2.915E-01 -1.000E-01  4.922E-01  3.340E-02  4.920E-02  1.604E+00  1.000E+00  
  3.880E+01  2.915E-01  0.000E+00  5.350E-01  2.880E-02  5.350E-02  1.604E+00  1.000E+00  
  3.880E+01  2.915E-01  1.000E-01  5.727E-01  2.980E-02  5.730E-02  1.609E+00  1.000E+00  
  3.880E+01  2.915E-01  2.000E-01  6.215E-01  3.400E-02  6.210E-02  1.610E+00  1.000E+00  
  3.880E+01  2.915E-01  3.000E-01  5.737E-01  3.970E-02  5.740E-02  1.627E+00  1.000E+00  
  3.880E+01  2.915E-01  4.000E-01  6.125E-01  7.510E-02  6.130E-02  1.621E+00  1.000E+00  
  3.880E+01  3.121E-01 -2.000E-01  3.256E-01  3.350E-02  3.260E-02  1.638E+00  1.000E+00  
  3.880E+01  3.121E-01 -1.000E-01  3.794E-01  2.520E-02  3.790E-02  1.630E+00  1.000E+00  
  3.880E+01  3.121E-01  0.000E+00  4.575E-01  2.220E-02  4.580E-02  1.629E+00  1.000E+00  
  3.880E+01  3.121E-01  1.000E-01  4.478E-01  2.110E-02  4.480E-02  1.635E+00  1.000E+00  
  3.880E+01  3.121E-01  2.000E-01  4.970E-01  2.420E-02  4.970E-02  1.652E+00  1.000E+00  
  3.880E+01  3.121E-01  3.000E-01  4.831E-01  2.910E-02  4.830E-02  1.664E+00  1.000E+00  
  3.880E+01  3.121E-01  4.000E-01  4.435E-01  4.710E-02  4.440E-02  1.680E+00  1.000E+00  
  3.880E+01  3.431E-01 -2.000E-01  1.441E-01  2.290E-02  1.440E-02  1.678E+00  1.000E+00  
  3.880E+01  3.431E-01 -1.000E-01  2.341E-01  1.900E-02  2.340E-02  1.674E+00  1.000E+00  
  3.880E+01  3.431E-01  0.000E+00  2.442E-01  1.500E-02  2.440E-02  1.680E+00  1.000E+00  
  3.880E+01  3.431E-01  1.000E-01  2.829E-01  1.460E-02  2.830E-02  1.683E+00  1.000E+00  
  3.880E+01  3.431E-01  2.000E-01  2.599E-01  1.490E-02  2.600E-02  1.693E+00  1.000E+00  
  3.880E+01  3.431E-01  3.000E-01  2.543E-01  1.810E-02  2.540E-02  1.710E+00  1.000E+00  
  3.880E+01  3.431E-01  4.000E-01  2.479E-01  2.860E-02  2.480E-02  1.731E+00  1.000E+00  
  3.880E+01  3.843E-01 -2.000E-01  9.660E-02  2.650E-02  9.700E-03  1.741E+00  1.000E+00  
  3.880E+01  3.843E-01 -1.000E-01  1.013E-01  1.540E-02  1.010E-02  1.734E+00  1.000E+00  
  3.880E+01  3.843E-01  0.000E+00  1.058E-01  1.100E-02  1.060E-02  1.735E+00  1.000E+00  
  3.880E+01  3.843E-01  1.000E-01  1.271E-01  1.000E-02  1.270E-02  1.741E+00  1.000E+00  
  3.880E+01  3.843E-01  2.000E-01  1.246E-01  1.010E-02  1.250E-02  1.754E+00  1.000E+00  
  3.880E+01  3.843E-01  3.000E-01  1.353E-01  1.260E-02  1.350E-02  1.774E+00  1.000E+00  
  3.880E+01  3.843E-01  4.000E-01  1.108E-01  1.940E-02  1.110E-02  1.803E+00  1.000E+00  
  3.880E+01  4.359E-01 -1.000E-01  3.930E-02  1.490E-02  3.900E-03  1.807E+00  1.000E+00  
  3.880E+01  4.359E-01  0.000E+00  3.350E-02  8.400E-03  3.300E-03  1.806E+00  1.000E+00  
  3.880E+01  4.359E-01  1.000E-01  4.100E-02  7.100E-03  4.100E-03  1.814E+00  1.000E+00  
  3.880E+01  4.359E-01  2.000E-01  4.640E-02  7.300E-03  4.600E-03  1.831E+00  1.000E+00  
  3.880E+01  4.359E-01  3.000E-01  5.030E-02  9.100E-03  5.000E-03  1.862E+00  1.000E+00  
  3.880E+01  4.359E-01  4.000E-01  3.510E-02  1.170E-02  3.500E-03  1.907E+00  1.000E+00  
