new official F2 values from FNAL-E665 (Hydrogen)
A.V. Kotwal "Proton and Deuteron Structure Functions in Muon Scattering 
at 470 GeV/c", March 1995, FERMILAB-Conf-95/046-Expt (Norm error=1.8%)
0.018   : Normalization Uncertainty
     xbj        q2       F2      dummy   staterr  syserr  Kf-msbar   Kf-dis
  0.00089    0.229  0.14000  0.00  0.02268  0.01498    1.000    1.000
  0.00089    0.313  0.17900  0.00  0.01378  0.00949    1.000    1.000
  0.00089    0.428  0.27100  0.00  0.01328  0.02412    1.000    1.000
  0.00089    0.585  0.36700  0.00  0.02386  0.02826    1.000    1.000
  0.00124    0.229  0.12400  0.00  0.02220  0.05146    1.000    1.000
  0.00124    0.313  0.18700  0.00  0.00972  0.00991    1.000    1.000
  0.00124    0.428  0.22800  0.00  0.00889  0.01208    1.000    1.000
  0.00124    0.585  0.30100  0.00  0.01114  0.01385    1.000    1.000
  0.00124    0.800  0.34100  0.00  0.01671  0.01876    1.000    1.000
  0.00175    0.229  0.08800  0.00  0.01918  0.05368    1.000    1.000
  0.00175    0.313  0.18700  0.00  0.01496  0.01683    1.000    1.000
  0.00175    0.428  0.23200  0.00  0.01137  0.00951    1.000    1.000
  0.00175    0.585  0.24500  0.00  0.01201  0.01274    1.000    1.000
  0.00175    0.800  0.32000  0.00  0.01536  0.01536    1.000    1.000
  0.00246    0.313  0.14900  0.00  0.01207  0.01550    1.000    1.000
  0.00246    0.428  0.20400  0.00  0.00938  0.00877    1.000    1.000
  0.00246    0.585  0.26200  0.00  0.00917  0.00812    1.000    1.000
  0.00246    0.800  0.30600  0.00  0.01193  0.00979    1.000    1.000
  0.00246    1.094  0.35700  0.00  0.01606  0.01178    1.000    1.000
  0.00246    1.496  0.43400  0.00  0.02387  0.02127    1.000    1.000
  0.00370    0.428  0.19400  0.00  0.01048  0.00970    1.000    1.000
  0.00370    0.585  0.24500  0.00  0.00907  0.00833    1.000    1.000
  0.00370    0.800  0.29100  0.00  0.00960  0.00931    1.000    1.000
  0.00370    1.094  0.31700  0.00  0.01395  0.00919    1.000    1.000
  0.00370    1.496  0.38200  0.00  0.01795  0.01070    1.000    1.000
  0.00370    2.046  0.44500  0.00  0.02759  0.01691    1.000    1.000
  0.00520    0.428  0.17800  0.00  0.01157  0.01477    1.000    1.000
  0.00520    0.585  0.23800  0.00  0.01000  0.01190    1.000    1.000
  0.00520    0.800  0.27000  0.00  0.01080  0.00999    1.000    1.000
  0.00520    1.094  0.29900  0.00  0.01375  0.01106    1.000    1.000
  0.00520    1.496  0.33700  0.00  0.01921  0.00741    1.000    1.000
  0.00520    2.046  0.36500  0.00  0.02446  0.00986    1.000    1.000
  0.00520    2.799  0.44100  0.00  0.03263  0.01764    1.000    1.000
  0.00693    0.800  0.27200  0.00  0.01088  0.00925    1.000    1.000
  0.00693    1.094  0.30100  0.00  0.01565  0.01204    1.000    1.000
  0.00693    1.496  0.32900  0.00  0.01777  0.01283    1.000    1.000
  0.00693    2.046  0.39000  0.00  0.02184  0.01443    1.000    1.000
  0.00693    2.799  0.41200  0.00  0.02472  0.01277    1.000    1.000
  0.00693    3.828  0.48200  0.00  0.03422  0.02169    1.000    1.000
  0.00893    0.800  0.26200  0.00  0.01205  0.01389    1.000    1.000
  0.00893    1.094  0.28100  0.00  0.01461  0.00983    1.000    1.000
  0.00893    1.496  0.32700  0.00  0.01995  0.01014    1.000    1.000
  0.00893    2.046  0.42200  0.00  0.02532  0.01139    1.000    1.000
  0.00893    2.799  0.40000  0.00  0.02880  0.01960    1.000    1.000
  0.00893    3.828  0.49000  0.00  0.03332  0.01715    1.000    1.000
  0.01225    1.496  0.31300  0.00  0.01471  0.01690    1.000    1.000
  0.01225    2.046  0.37400  0.00  0.01758  0.01047    1.000    1.000
  0.01225    2.799  0.37700  0.00  0.02262  0.00829    1.000    1.000
  0.01225    3.828  0.40800  0.00  0.02326  0.01061    1.000    1.000
  0.01225    5.236  0.40300  0.00  0.02740  0.01451    1.000    1.000
  0.01225    7.161  0.42100  0.00  0.04463  0.01600    1.000    1.000
  0.01730    1.496  0.33600  0.00  0.01680  0.01075    1.000    1.000
  0.01730    2.046  0.34000  0.00  0.01938  0.00952    1.000    1.000
  0.01730    2.799  0.36100  0.00  0.02563  0.01841    1.000    1.000
  0.01730    3.828  0.39800  0.00  0.02667  0.00876    1.000    1.000
  0.01730    5.236  0.43700  0.00  0.02928  0.00743    1.000    1.000
  0.01730    7.161  0.43500  0.00  0.03523  0.01435    1.000    1.000
  0.01730    9.795  0.49900  0.00  0.04591  0.02245    1.000    1.000
  0.02449    2.799  0.34700  0.00  0.01978  0.01423    1.000    1.000
  0.02449    3.828  0.32000  0.00  0.02336  0.00640    1.000    1.000
  0.02449    5.236  0.39400  0.00  0.02640  0.00670    1.000    1.000
  0.02449    7.161  0.45000  0.00  0.02475  0.01395    1.000    1.000
  0.02449    9.795  0.40900  0.00  0.03517  0.01431    1.000    1.000
  0.02449   13.397  0.52100  0.00  0.05002  0.03074    1.000    1.000
  0.03459    3.828  0.33600  0.00  0.02554  0.01982    1.000    1.000
  0.03459    5.236  0.43400  0.00  0.02778  0.01996    1.000    1.000
  0.03459    7.161  0.41100  0.00  0.03041  0.00945    1.000    1.000
  0.03459    9.795  0.45600  0.00  0.03785  0.01094    1.000    1.000
  0.03459   13.397  0.46400  0.00  0.04594  0.01114    1.000    1.000
  0.04898    5.236  0.38300  0.00  0.02298  0.00843    1.000    1.000
  0.04898    7.161  0.35000  0.00  0.02275  0.00700    1.000    1.000
  0.04898    9.795  0.43000  0.00  0.02838  0.01462    1.000    1.000
  0.04898   13.397  0.41500  0.00  0.02988  0.00913    1.000    1.000
  0.04898   18.323  0.47000  0.00  0.04653  0.01457    1.000    1.000
  0.04898   25.061  0.44800  0.00  0.08333  0.02778    1.000    1.000
  0.06918    9.795  0.36200  0.00  0.03837  0.00615    1.000    1.000
  0.06918   13.397  0.39000  0.00  0.03432  0.01209    1.000    1.000
  0.06918   18.323  0.37800  0.00  0.04536  0.01512    1.000    1.000
  0.06918   25.061  0.45100  0.00  0.05953  0.01218    1.000    1.000
  0.06918   34.277  0.18300  0.00  0.14054  0.01189    1.000    1.000
  0.09795    9.795  0.36700  0.00  0.02606  0.01688    1.000    1.000
  0.09795   13.397  0.45400  0.00  0.02906  0.00953    1.000    1.000
  0.09795   18.323  0.30700  0.00  0.03930  0.01228    1.000    1.000
  0.09795   25.061  0.39400  0.00  0.04295  0.01694    1.000    1.000
  0.09795   34.277  0.26500  0.00  0.08056  0.00954    1.000    1.000
  0.17298   18.323  0.30200  0.00  0.02476  0.01087    1.000    1.000
  0.17298   25.061  0.27100  0.00  0.02900  0.00759    1.000    1.000
  0.17298   34.277  0.30400  0.00  0.04043  0.00882    1.000    1.000
  0.17298   46.881  0.31300  0.00  0.06729  0.01972    1.000    1.000
  0.38726   46.881  0.20500  0.00  0.04858  0.00820    1.000    1.000
  0.38726   64.269  0.19100  0.00  0.06494  0.02196    1.000    1.000
