new official F2 values from FNAL-E665 (Deuteron)
A.V. Kotwal "Proton and Deuteron Structure Functions in Muon Scattering 
at 470 GeV/c", March 1995, FERMILAB-Conf-95/046-Expt (Norm error=1.9%)
0.019   : Normalization Uncertainty
     xbj        q2       F2      dummy   staterr  syserr  Kf-msbar   Kf-dis
  0.00089    0.229  0.11200  0.00  0.01568  0.01355    1.000    1.000
  0.00089    0.313  0.16700  0.00  0.01002  0.00685    1.000    1.000
  0.00089    0.428  0.24800  0.00  0.01017  0.02058    1.000    1.000
  0.00089    0.585  0.36900  0.00  0.01919  0.02989    1.000    1.000
  0.00124    0.229  0.10900  0.00  0.01570  0.03771    1.000    1.000
  0.00124    0.313  0.16700  0.00  0.00768  0.01336    1.000    1.000
  0.00124    0.428  0.23900  0.00  0.00717  0.00908    1.000    1.000
  0.00124    0.585  0.28800  0.00  0.00864  0.01210    1.000    1.000
  0.00124    0.800  0.34100  0.00  0.01364  0.01944    1.000    1.000
  0.00175    0.229  0.08300  0.00  0.01635  0.04880    1.000    1.000
  0.00175    0.313  0.17600  0.00  0.01232  0.01162    1.000    1.000
  0.00175    0.428  0.20600  0.00  0.00865  0.00824    1.000    1.000
  0.00175    0.585  0.27200  0.00  0.00979  0.01414    1.000    1.000
  0.00175    0.800  0.31200  0.00  0.01248  0.01435    1.000    1.000
  0.00246    0.313  0.14400  0.00  0.00994  0.00605    1.000    1.000
  0.00246    0.428  0.19700  0.00  0.00729  0.00926    1.000    1.000
  0.00246    0.585  0.25000  0.00  0.00700  0.00825    1.000    1.000
  0.00246    0.800  0.30200  0.00  0.00906  0.00997    1.000    1.000
  0.00246    1.094  0.37200  0.00  0.01265  0.01116    1.000    1.000
  0.00246    1.496  0.41800  0.00  0.01881  0.01714    1.000    1.000
  0.00370    0.428  0.19100  0.00  0.00802  0.01089    1.000    1.000
  0.00370    0.585  0.24400  0.00  0.00708  0.00830    1.000    1.000
  0.00370    0.800  0.28100  0.00  0.00787  0.00899    1.000    1.000
  0.00370    1.094  0.31400  0.00  0.01068  0.00879    1.000    1.000
  0.00370    1.496  0.37600  0.00  0.01429  0.00940    1.000    1.000
  0.00370    2.046  0.44200  0.00  0.02077  0.01414    1.000    1.000
  0.00520    0.428  0.17500  0.00  0.00910  0.01277    1.000    1.000
  0.00520    0.585  0.24100  0.00  0.00819  0.01012    1.000    1.000
  0.00520    0.800  0.27300  0.00  0.00874  0.01010    1.000    1.000
  0.00520    1.094  0.31600  0.00  0.01138  0.01011    1.000    1.000
  0.00520    1.496  0.35100  0.00  0.01544  0.00913    1.000    1.000
  0.00520    2.046  0.38200  0.00  0.01872  0.01031    1.000    1.000
  0.00520    2.799  0.42700  0.00  0.02434  0.01537    1.000    1.000
  0.00693    0.800  0.25900  0.00  0.00829  0.00829    1.000    1.000
  0.00693    1.094  0.30000  0.00  0.01140  0.01110    1.000    1.000
  0.00693    1.496  0.34400  0.00  0.01445  0.00894    1.000    1.000
  0.00693    2.046  0.37400  0.00  0.01758  0.01234    1.000    1.000
  0.00693    2.799  0.42500  0.00  0.02040  0.01360    1.000    1.000
  0.00693    3.828  0.41000  0.00  0.02501  0.01886    1.000    1.000
  0.00893    0.800  0.25500  0.00  0.00944  0.01403    1.000    1.000
  0.00893    1.094  0.31300  0.00  0.01221  0.01033    1.000    1.000
  0.00893    1.496  0.34400  0.00  0.01617  0.01101    1.000    1.000
  0.00893    2.046  0.41700  0.00  0.02085  0.00917    1.000    1.000
  0.00893    2.799  0.37000  0.00  0.02146  0.01554    1.000    1.000
  0.00893    3.828  0.40900  0.00  0.02454  0.01431    1.000    1.000
  0.01225    1.496  0.30900  0.00  0.01081  0.01421    1.000    1.000
  0.01225    2.046  0.37600  0.00  0.01429  0.00902    1.000    1.000
  0.01225    2.799  0.36800  0.00  0.01619  0.00552    1.000    1.000
  0.01225    3.828  0.43000  0.00  0.01849  0.01118    1.000    1.000
  0.01225    5.236  0.41300  0.00  0.02106  0.01074    1.000    1.000
  0.01225    7.161  0.49200  0.00  0.03296  0.01722    1.000    1.000
  0.01730    1.496  0.36000  0.00  0.01404  0.00900    1.000    1.000
  0.01730    2.046  0.36000  0.00  0.01620  0.00792    1.000    1.000
  0.01730    2.799  0.35400  0.00  0.01876  0.01805    1.000    1.000
  0.01730    3.828  0.44000  0.00  0.02200  0.00968    1.000    1.000
  0.01730    5.236  0.42900  0.00  0.02317  0.01073    1.000    1.000
  0.01730    7.161  0.45400  0.00  0.02860  0.01861    1.000    1.000
  0.01730    9.795  0.45300  0.00  0.03579  0.01812    1.000    1.000
  0.02449    2.799  0.36300  0.00  0.01525  0.01053    1.000    1.000
  0.02449    3.828  0.36000  0.00  0.01692  0.00792    1.000    1.000
  0.02449    5.236  0.39200  0.00  0.01921  0.00784    1.000    1.000
  0.02449    7.161  0.43300  0.00  0.02035  0.00909    1.000    1.000
  0.02449    9.795  0.44800  0.00  0.02688  0.01075    1.000    1.000
  0.02449   13.397  0.46300  0.00  0.03750  0.02269    1.000    1.000
  0.03459    3.828  0.38300  0.00  0.02030  0.01494    1.000    1.000
  0.03459    5.236  0.40200  0.00  0.02131  0.01206    1.000    1.000
  0.03459    7.161  0.38200  0.00  0.02292  0.00726    1.000    1.000
  0.03459    9.795  0.37300  0.00  0.02648  0.01007    1.000    1.000
  0.03459   13.397  0.38600  0.00  0.03242  0.00965    1.000    1.000
  0.04898    5.236  0.39400  0.00  0.01812  0.01300    1.000    1.000
  0.04898    7.161  0.39700  0.00  0.01906  0.01231    1.000    1.000
  0.04898    9.795  0.37100  0.00  0.02078  0.01113    1.000    1.000
  0.04898   13.397  0.40800  0.00  0.02448  0.00653    1.000    1.000
  0.04898   18.323  0.46000  0.00  0.03588  0.01196    1.000    1.000
  0.04898   25.061  0.49100  0.00  0.06628  0.05696    1.000    1.000
  0.06918    9.795  0.37500  0.00  0.02737  0.00975    1.000    1.000
  0.06918   13.397  0.40300  0.00  0.02861  0.01370    1.000    1.000
  0.06918   18.323  0.30800  0.00  0.03080  0.01324    1.000    1.000
  0.06918   25.061  0.36600  0.00  0.04538  0.01318    1.000    1.000
  0.06918   34.277  0.41100  0.00  0.11056  0.03370    1.000    1.000
  0.09795    9.795  0.36000  0.00  0.02052  0.00972    1.000    1.000
  0.09795   13.397  0.33400  0.00  0.02104  0.00735    1.000    1.000
  0.09795   18.323  0.39800  0.00  0.03025  0.01473    1.000    1.000
  0.09795   25.061  0.34600  0.00  0.03218  0.01038    1.000    1.000
  0.09795   34.277  0.25300  0.00  0.05085  0.00759    1.000    1.000
  0.17298   18.323  0.27800  0.00  0.01724  0.00361    1.000    1.000
  0.17298   25.061  0.28100  0.00  0.02136  0.00899    1.000    1.000
  0.17298   34.277  0.29600  0.00  0.02930  0.00770    1.000    1.000
  0.17298   46.881  0.34000  0.00  0.05168  0.01054    1.000    1.000
  0.38726   46.881  0.14700  0.00  0.02999  0.00529    1.000    1.000
  0.38726   64.269  0.15100  0.00  0.04772  0.01676    1.000    1.000
