 E772 pp : M^3 d^2 Sig/dM dxf data of 2006 (converted by jfo 3/11/14)
 Phys. Rev. D50 (1994) 3038; Phys. Rev. D60 (1999) 119903 - Errata with revised numbers 
 Additional 10% systematic error below 6 GeV dimuon mass 
 0.10   0  : norm unc 
    root-S      <rTau>      <x_F>       Sigma       stat err    syst err    dummy1      dummy2
  0.3875E+02  0.1226E+00  0.2500E-01  0.2140E+02  0.1730E+01  0.2140E+01  0.0000E+00  0.0000E+00
  0.3875E+02  0.1355E+00  0.2500E-01  0.1920E+02  0.1430E+01  0.1920E+01  0.0000E+00  0.0000E+00
  0.3875E+02  0.1484E+00  0.2500E-01  0.1700E+02  0.1340E+01  0.1340E+01  0.0000E+00  0.0000E+00
  0.3875E+02  0.1613E+00  0.2500E-01  0.9390E+01  0.6470E+00  0.0000E+00  0.0000E+00  0.0000E+00
  0.3875E+02  0.1742E+00  0.2500E-01  0.7510E+01  0.5510E+00  0.0000E+00  0.0000E+00  0.0000E+00
  0.3875E+02  0.1871E+00  0.2500E-01  0.5720E+01  0.4770E+00  0.0000E+00  0.0000E+00  0.0000E+00
  0.3875E+02  0.2000E+00  0.2500E-01  0.6890E+01  0.5900E+00  0.0000E+00  0.0000E+00  0.0000E+00
  0.3875E+02  0.2129E+00  0.2500E-01  0.3550E+01  0.3500E+00  0.0000E+00  0.0000E+00  0.0000E+00
  0.3875E+02  0.2258E+00  0.2500E-01  0.3400E+01  0.3300E+00  0.0000E+00  0.0000E+00  0.0000E+00
  0.3875E+02  0.2903E+00  0.2500E-01  0.1670E+01  0.4190E+00  0.0000E+00  0.0000E+00  0.0000E+00
  0.3875E+02  0.3032E+00  0.2500E-01  0.9280E+00  0.3250E+00  0.0000E+00  0.0000E+00  0.0000E+00
  0.3875E+02  0.3161E+00  0.2500E-01  0.6000E+00  0.2660E+00  0.0000E+00  0.0000E+00  0.0000E+00
  0.3875E+02  0.3290E+00  0.2500E-01  0.3080E+00  0.2310E+00  0.0000E+00  0.0000E+00  0.0000E+00
  0.3875E+02  0.3419E+00  0.2500E-01  0.4630E+00  0.2930E+00  0.0000E+00  0.0000E+00  0.0000E+00
  0.3875E+02  0.1226E+00  0.7500E-01  0.2130E+02  0.1090E+01  0.2130E+01  0.0000E+00  0.0000E+00
  0.3875E+02  0.1355E+00  0.7500E-01  0.1720E+02  0.9100E+00  0.1720E+01  0.0000E+00  0.0000E+00
  0.3875E+02  0.1484E+00  0.7500E-01  0.1350E+02  0.6500E+00  0.1350E+01  0.0000E+00  0.0000E+00
  0.3875E+02  0.1613E+00  0.7500E-01  0.1080E+02  0.5100E+00  0.0000E+00  0.0000E+00  0.0000E+00
  0.3875E+02  0.1742E+00  0.7500E-01  0.8740E+01  0.4520E+00  0.0000E+00  0.0000E+00  0.0000E+00
  0.3875E+02  0.1871E+00  0.7500E-01  0.8220E+01  0.4740E+00  0.0000E+00  0.0000E+00  0.0000E+00
  0.3875E+02  0.2000E+00  0.7500E-01  0.4960E+01  0.3140E+00  0.0000E+00  0.0000E+00  0.0000E+00
  0.3875E+02  0.2129E+00  0.7500E-01  0.4140E+01  0.2960E+00  0.0000E+00  0.0000E+00  0.0000E+00
  0.3875E+02  0.2258E+00  0.7500E-01  0.3630E+01  0.2810E+00  0.0000E+00  0.0000E+00  0.0000E+00
  0.3875E+02  0.2903E+00  0.7500E-01  0.1260E+01  0.3010E+00  0.0000E+00  0.0000E+00  0.0000E+00
  0.3875E+02  0.3032E+00  0.7500E-01  0.7060E+00  0.1930E+00  0.0000E+00  0.0000E+00  0.0000E+00
  0.3875E+02  0.3161E+00  0.7500E-01  0.2860E+00  0.1260E+00  0.0000E+00  0.0000E+00  0.0000E+00
  0.3875E+02  0.3290E+00  0.7500E-01  0.8970E+00  0.3870E+00  0.0000E+00  0.0000E+00  0.0000E+00
  0.3875E+02  0.3419E+00  0.7500E-01  0.5430E+00  0.2730E+00  0.0000E+00  0.0000E+00  0.0000E+00
  0.3875E+02  0.1226E+00  0.1250E+00  0.1830E+02  0.8400E+00  0.1830E+01  0.0000E+00  0.0000E+00
  0.3875E+02  0.1355E+00  0.1250E+00  0.1620E+02  0.6300E+00  0.1620E+01  0.0000E+00  0.0000E+00
  0.3875E+02  0.1484E+00  0.1250E+00  0.1240E+02  0.4600E+00  0.1240E+01  0.0000E+00  0.0000E+00
  0.3875E+02  0.1613E+00  0.1250E+00  0.1060E+02  0.4000E+00  0.0000E+00  0.0000E+00  0.0000E+00
  0.3875E+02  0.1742E+00  0.1250E+00  0.8480E+01  0.3680E+00  0.0000E+00  0.0000E+00  0.0000E+00
  0.3875E+02  0.1871E+00  0.1250E+00  0.7310E+01  0.3410E+00  0.0000E+00  0.0000E+00  0.0000E+00
  0.3875E+02  0.2000E+00  0.1250E+00  0.6010E+01  0.3230E+00  0.0000E+00  0.0000E+00  0.0000E+00
  0.3875E+02  0.2129E+00  0.1250E+00  0.4790E+01  0.2880E+00  0.0000E+00  0.0000E+00  0.0000E+00
  0.3875E+02  0.2258E+00  0.1250E+00  0.4040E+01  0.2780E+00  0.0000E+00  0.0000E+00  0.0000E+00
  0.3875E+02  0.2903E+00  0.1250E+00  0.1440E+01  0.2380E+00  0.0000E+00  0.0000E+00  0.0000E+00
  0.3875E+02  0.3032E+00  0.1250E+00  0.8400E+00  0.2160E+00  0.0000E+00  0.0000E+00  0.0000E+00
  0.3875E+02  0.3161E+00  0.1250E+00  0.5270E+00  0.1760E+00  0.0000E+00  0.0000E+00  0.0000E+00
  0.3875E+02  0.3290E+00  0.1250E+00  0.4060E+00  0.1530E+00  0.0000E+00  0.0000E+00  0.0000E+00
  0.3875E+02  0.3419E+00  0.1250E+00  0.3810E+00  0.1890E+00  0.0000E+00  0.0000E+00  0.0000E+00
  0.3875E+02  0.3548E+00  0.1250E+00  0.2250E+00  0.1740E+00  0.0000E+00  0.0000E+00  0.0000E+00
  0.3875E+02  0.3677E+00  0.1250E+00  0.3940E+00  0.3060E+00  0.0000E+00  0.0000E+00  0.0000E+00
  0.3875E+02  0.3806E+00  0.1250E+00  0.1730E+00  0.1320E+00  0.0000E+00  0.0000E+00  0.0000E+00
  0.3875E+02  0.1226E+00  0.1750E+00  0.1720E+02  0.8000E+00  0.1720E+01  0.0000E+00  0.0000E+00
  0.3875E+02  0.1355E+00  0.1750E+00  0.1460E+02  0.4700E+00  0.1460E+01  0.0000E+00  0.0000E+00
  0.3875E+02  0.1484E+00  0.1750E+00  0.1150E+02  0.3700E+00  0.1150E+01  0.0000E+00  0.0000E+00
  0.3875E+02  0.1613E+00  0.1750E+00  0.9870E+01  0.3400E+00  0.0000E+00  0.0000E+00  0.0000E+00
  0.3875E+02  0.1742E+00  0.1750E+00  0.7810E+01  0.2980E+00  0.0000E+00  0.0000E+00  0.0000E+00
  0.3875E+02  0.1871E+00  0.1750E+00  0.7060E+01  0.3030E+00  0.0000E+00  0.0000E+00  0.0000E+00
  0.3875E+02  0.2000E+00  0.1750E+00  0.4980E+01  0.2460E+00  0.0000E+00  0.0000E+00  0.0000E+00
  0.3875E+02  0.2129E+00  0.1750E+00  0.4330E+01  0.2380E+00  0.0000E+00  0.0000E+00  0.0000E+00
  0.3875E+02  0.2258E+00  0.1750E+00  0.4020E+01  0.2530E+00  0.0000E+00  0.0000E+00  0.0000E+00
  0.3875E+02  0.2903E+00  0.1750E+00  0.7200E+00  0.1630E+00  0.0000E+00  0.0000E+00  0.0000E+00
  0.3875E+02  0.3032E+00  0.1750E+00  0.3860E+00  0.1010E+00  0.0000E+00  0.0000E+00  0.0000E+00
  0.3875E+02  0.3161E+00  0.1750E+00  0.4540E+00  0.1200E+00  0.0000E+00  0.0000E+00  0.0000E+00
  0.3875E+02  0.3290E+00  0.1750E+00  0.5970E+00  0.1830E+00  0.0000E+00  0.0000E+00  0.0000E+00
  0.3875E+02  0.3419E+00  0.1750E+00  0.9960E-01  0.6090E-01  0.0000E+00  0.0000E+00  0.0000E+00
  0.3875E+02  0.3548E+00  0.1750E+00  0.7790E-01  0.4940E-01  0.0000E+00  0.0000E+00  0.0000E+00
  0.3875E+02  0.3677E+00  0.1750E+00  0.1470E+00  0.1090E+00  0.0000E+00  0.0000E+00  0.0000E+00
  0.3875E+02  0.3806E+00  0.1750E+00  0.2830E+00  0.1610E+00  0.0000E+00  0.0000E+00  0.0000E+00
  0.3875E+02  0.1226E+00  0.2250E+00  0.1410E+02  0.8000E+00  0.1410E+01  0.0000E+00  0.0000E+00
  0.3875E+02  0.1355E+00  0.2250E+00  0.1340E+02  0.4000E+00  0.1340E+01  0.0000E+00  0.0000E+00
  0.3875E+02  0.1484E+00  0.2250E+00  0.1080E+02  0.3300E+00  0.1080E+01  0.0000E+00  0.0000E+00
  0.3875E+02  0.1613E+00  0.2250E+00  0.8370E+01  0.2840E+00  0.0000E+00  0.0000E+00  0.0000E+00
  0.3875E+02  0.1742E+00  0.2250E+00  0.6630E+01  0.2540E+00  0.0000E+00  0.0000E+00  0.0000E+00
  0.3875E+02  0.1871E+00  0.2250E+00  0.6590E+01  0.2790E+00  0.0000E+00  0.0000E+00  0.0000E+00
  0.3875E+02  0.2000E+00  0.2250E+00  0.5010E+01  0.2330E+00  0.0000E+00  0.0000E+00  0.0000E+00
  0.3875E+02  0.2129E+00  0.2250E+00  0.4120E+01  0.2190E+00  0.0000E+00  0.0000E+00  0.0000E+00
  0.3875E+02  0.2258E+00  0.2250E+00  0.3750E+01  0.2260E+00  0.0000E+00  0.0000E+00  0.0000E+00
  0.3875E+02  0.2903E+00  0.2250E+00  0.1160E+01  0.1900E+00  0.0000E+00  0.0000E+00  0.0000E+00
  0.3875E+02  0.3032E+00  0.2250E+00  0.7450E+00  0.1530E+00  0.0000E+00  0.0000E+00  0.0000E+00
  0.3875E+02  0.3161E+00  0.2250E+00  0.3600E+00  0.9600E-01  0.0000E+00  0.0000E+00  0.0000E+00
  0.3875E+02  0.3290E+00  0.2250E+00  0.4610E+00  0.1510E+00  0.0000E+00  0.0000E+00  0.0000E+00
  0.3875E+02  0.3419E+00  0.2250E+00  0.5300E+00  0.1990E+00  0.0000E+00  0.0000E+00  0.0000E+00
  0.3875E+02  0.3548E+00  0.2250E+00  0.2170E+00  0.9700E-01  0.0000E+00  0.0000E+00  0.0000E+00
  0.3875E+02  0.3677E+00  0.2250E+00  0.1200E+00  0.9500E-01  0.0000E+00  0.0000E+00  0.0000E+00
  0.3875E+02  0.3806E+00  0.2250E+00  0.2040E+00  0.1330E+00  0.0000E+00  0.0000E+00  0.0000E+00
  0.3875E+02  0.1226E+00  0.2750E+00  0.1230E+02  0.8600E+00  0.1230E+01  0.0000E+00  0.0000E+00
  0.3875E+02  0.1355E+00  0.2750E+00  0.1140E+02  0.3600E+00  0.1140E+01  0.0000E+00  0.0000E+00
  0.3875E+02  0.1484E+00  0.2750E+00  0.9920E+01  0.3300E+00  0.9920E+00  0.0000E+00  0.0000E+00
  0.3875E+02  0.1613E+00  0.2750E+00  0.7220E+01  0.2580E+00  0.0000E+00  0.0000E+00  0.0000E+00
  0.3875E+02  0.1742E+00  0.2750E+00  0.5670E+01  0.2190E+00  0.0000E+00  0.0000E+00  0.0000E+00
  0.3875E+02  0.1871E+00  0.2750E+00  0.5000E+01  0.2180E+00  0.0000E+00  0.0000E+00  0.0000E+00
  0.3875E+02  0.2000E+00  0.2750E+00  0.4230E+01  0.2120E+00  0.0000E+00  0.0000E+00  0.0000E+00
  0.3875E+02  0.2129E+00  0.2750E+00  0.3750E+01  0.2040E+00  0.0000E+00  0.0000E+00  0.0000E+00
  0.3875E+02  0.2258E+00  0.2750E+00  0.3180E+01  0.2000E+00  0.0000E+00  0.0000E+00  0.0000E+00
  0.3875E+02  0.2903E+00  0.2750E+00  0.1020E+01  0.1500E+00  0.0000E+00  0.0000E+00  0.0000E+00
  0.3875E+02  0.3032E+00  0.2750E+00  0.7440E+00  0.1390E+00  0.0000E+00  0.0000E+00  0.0000E+00
  0.3875E+02  0.3161E+00  0.2750E+00  0.3220E+00  0.8100E-01  0.0000E+00  0.0000E+00  0.0000E+00
  0.3875E+02  0.3290E+00  0.2750E+00  0.5680E+00  0.1810E+00  0.0000E+00  0.0000E+00  0.0000E+00
  0.3875E+02  0.3419E+00  0.2750E+00  0.3310E+00  0.1410E+00  0.0000E+00  0.0000E+00  0.0000E+00
  0.3875E+02  0.3548E+00  0.2750E+00  0.1040E+00  0.7700E-01  0.0000E+00  0.0000E+00  0.0000E+00
  0.3875E+02  0.3677E+00  0.2750E+00  0.1690E+00  0.1020E+00  0.0000E+00  0.0000E+00  0.0000E+00
  0.3875E+02  0.1226E+00  0.3250E+00  0.8740E+01  0.7870E+00  0.8740E+00  0.0000E+00  0.0000E+00
  0.3875E+02  0.1355E+00  0.3250E+00  0.1120E+02  0.4200E+00  0.1120E+01  0.0000E+00  0.0000E+00
  0.3875E+02  0.1484E+00  0.3250E+00  0.8160E+01  0.3100E+00  0.8160E+00  0.0000E+00  0.0000E+00
  0.3875E+02  0.1613E+00  0.3250E+00  0.6800E+01  0.2710E+00  0.0000E+00  0.0000E+00  0.0000E+00
  0.3875E+02  0.1742E+00  0.3250E+00  0.5680E+01  0.2500E+00  0.0000E+00  0.0000E+00  0.0000E+00
  0.3875E+02  0.1871E+00  0.3250E+00  0.4820E+01  0.2310E+00  0.0000E+00  0.0000E+00  0.0000E+00
  0.3875E+02  0.2000E+00  0.3250E+00  0.4150E+01  0.2170E+00  0.0000E+00  0.0000E+00  0.0000E+00
  0.3875E+02  0.2129E+00  0.3250E+00  0.3030E+01  0.1820E+00  0.0000E+00  0.0000E+00  0.0000E+00
  0.3875E+02  0.2258E+00  0.3250E+00  0.2780E+01  0.1890E+00  0.0000E+00  0.0000E+00  0.0000E+00
  0.3875E+02  0.2903E+00  0.3250E+00  0.6130E+00  0.1110E+00  0.0000E+00  0.0000E+00  0.0000E+00
  0.3875E+02  0.3032E+00  0.3250E+00  0.5980E+00  0.1060E+00  0.0000E+00  0.0000E+00  0.0000E+00
  0.3875E+02  0.3161E+00  0.3250E+00  0.3810E+00  0.8700E-01  0.0000E+00  0.0000E+00  0.0000E+00
  0.3875E+02  0.3290E+00  0.3250E+00  0.3190E+00  0.8400E-01  0.0000E+00  0.0000E+00  0.0000E+00
  0.3875E+02  0.3419E+00  0.3250E+00  0.1530E+00  0.5800E-01  0.0000E+00  0.0000E+00  0.0000E+00
  0.3875E+02  0.3548E+00  0.3250E+00  0.6120E-01  0.4160E-01  0.0000E+00  0.0000E+00  0.0000E+00
  0.3875E+02  0.3677E+00  0.3250E+00  0.7180E+00  0.3790E+00  0.0000E+00  0.0000E+00  0.0000E+00
  0.3875E+02  0.1226E+00  0.3750E+00  0.7620E+01  0.9900E+00  0.7620E+00  0.0000E+00  0.0000E+00
  0.3875E+02  0.1355E+00  0.3750E+00  0.8540E+01  0.4020E+00  0.8540E+00  0.0000E+00  0.0000E+00
  0.3875E+02  0.1484E+00  0.3750E+00  0.6440E+01  0.2880E+00  0.6440E+00  0.0000E+00  0.0000E+00
  0.3875E+02  0.1613E+00  0.3750E+00  0.5620E+01  0.2600E+00  0.0000E+00  0.0000E+00  0.0000E+00
  0.3875E+02  0.1742E+00  0.3750E+00  0.4250E+01  0.2150E+00  0.0000E+00  0.0000E+00  0.0000E+00
  0.3875E+02  0.1871E+00  0.3750E+00  0.3500E+01  0.1960E+00  0.0000E+00  0.0000E+00  0.0000E+00
  0.3875E+02  0.2000E+00  0.3750E+00  0.3490E+01  0.2030E+00  0.0000E+00  0.0000E+00  0.0000E+00
  0.3875E+02  0.2129E+00  0.3750E+00  0.2350E+01  0.1510E+00  0.0000E+00  0.0000E+00  0.0000E+00
  0.3875E+02  0.2258E+00  0.3750E+00  0.2070E+01  0.1510E+00  0.0000E+00  0.0000E+00  0.0000E+00
  0.3875E+02  0.2903E+00  0.3750E+00  0.5920E+00  0.1070E+00  0.0000E+00  0.0000E+00  0.0000E+00
  0.3875E+02  0.3032E+00  0.3750E+00  0.3600E+00  0.7600E-01  0.0000E+00  0.0000E+00  0.0000E+00
  0.3875E+02  0.3161E+00  0.3750E+00  0.2600E+00  0.6700E-01  0.0000E+00  0.0000E+00  0.0000E+00
  0.3875E+02  0.3290E+00  0.3750E+00  0.3300E+00  0.9100E-01  0.0000E+00  0.0000E+00  0.0000E+00
  0.3875E+02  0.3419E+00  0.3750E+00  0.2540E+00  0.9800E-01  0.0000E+00  0.0000E+00  0.0000E+00
  0.3875E+02  0.3548E+00  0.3750E+00  0.2340E+00  0.1080E+00  0.0000E+00  0.0000E+00  0.0000E+00
  0.3875E+02  0.1226E+00  0.4250E+00  0.7820E+01  0.1420E+01  0.7820E+00  0.0000E+00  0.0000E+00
  0.3875E+02  0.1355E+00  0.4250E+00  0.7200E+01  0.4360E+00  0.7200E+00  0.0000E+00  0.0000E+00
  0.3875E+02  0.1484E+00  0.4250E+00  0.5790E+01  0.3220E+00  0.5790E+00  0.0000E+00  0.0000E+00
  0.3875E+02  0.1613E+00  0.4250E+00  0.4770E+01  0.2680E+00  0.0000E+00  0.0000E+00  0.0000E+00
  0.3875E+02  0.1742E+00  0.4250E+00  0.3730E+01  0.2150E+00  0.0000E+00  0.0000E+00  0.0000E+00
  0.3875E+02  0.1871E+00  0.4250E+00  0.2630E+01  0.1690E+00  0.0000E+00  0.0000E+00  0.0000E+00
  0.3875E+02  0.2000E+00  0.4250E+00  0.2290E+01  0.1560E+00  0.0000E+00  0.0000E+00  0.0000E+00
  0.3875E+02  0.2129E+00  0.4250E+00  0.2370E+01  0.1780E+00  0.0000E+00  0.0000E+00  0.0000E+00
  0.3875E+02  0.2258E+00  0.4250E+00  0.2070E+01  0.1670E+00  0.0000E+00  0.0000E+00  0.0000E+00
  0.3875E+02  0.2903E+00  0.4250E+00  0.3510E+00  0.6600E-01  0.0000E+00  0.0000E+00  0.0000E+00
  0.3875E+02  0.3032E+00  0.4250E+00  0.3610E+00  0.9400E-01  0.0000E+00  0.0000E+00  0.0000E+00
  0.3875E+02  0.3161E+00  0.4250E+00  0.2780E+00  0.7100E-01  0.0000E+00  0.0000E+00  0.0000E+00
  0.3875E+02  0.3290E+00  0.4250E+00  0.2980E+00  0.9000E-01  0.0000E+00  0.0000E+00  0.0000E+00
  0.3875E+02  0.3419E+00  0.4250E+00  0.2070E+00  0.9600E-01  0.0000E+00  0.0000E+00  0.0000E+00
  0.3875E+02  0.3548E+00  0.4250E+00  0.7200E-01  0.4020E-01  0.0000E+00  0.0000E+00  0.0000E+00
  0.3875E+02  0.3677E+00  0.4250E+00  0.1330E+00  0.8300E-01  0.0000E+00  0.0000E+00  0.0000E+00
  0.3875E+02  0.3806E+00  0.4250E+00  0.2980E+00  0.2550E+00  0.0000E+00  0.0000E+00  0.0000E+00
  0.3875E+02  0.4065E+00  0.4250E+00  0.1130E+00  0.8700E-01  0.0000E+00  0.0000E+00  0.0000E+00
  0.3875E+02  0.1226E+00  0.4750E+00  0.4710E+01  0.1480E+01  0.4710E+00  0.0000E+00  0.0000E+00
  0.3875E+02  0.1355E+00  0.4750E+00  0.5960E+01  0.5270E+00  0.5960E+00  0.0000E+00  0.0000E+00
  0.3875E+02  0.1484E+00  0.4750E+00  0.5040E+01  0.3640E+00  0.5040E+00  0.0000E+00  0.0000E+00
  0.3875E+02  0.1613E+00  0.4750E+00  0.3300E+01  0.2230E+00  0.0000E+00  0.0000E+00  0.0000E+00
  0.3875E+02  0.1742E+00  0.4750E+00  0.2760E+01  0.2070E+00  0.0000E+00  0.0000E+00  0.0000E+00
  0.3875E+02  0.1871E+00  0.4750E+00  0.2150E+01  0.1590E+00  0.0000E+00  0.0000E+00  0.0000E+00
  0.3875E+02  0.2000E+00  0.4750E+00  0.1700E+01  0.1360E+00  0.0000E+00  0.0000E+00  0.0000E+00
  0.3875E+02  0.2129E+00  0.4750E+00  0.1480E+01  0.1360E+00  0.0000E+00  0.0000E+00  0.0000E+00
  0.3875E+02  0.2258E+00  0.4750E+00  0.1390E+01  0.1400E+00  0.0000E+00  0.0000E+00  0.0000E+00
  0.3875E+02  0.2903E+00  0.4750E+00  0.2670E+00  0.5600E-01  0.0000E+00  0.0000E+00  0.0000E+00
  0.3875E+02  0.3032E+00  0.4750E+00  0.4060E+00  0.1000E+00  0.0000E+00  0.0000E+00  0.0000E+00
  0.3875E+02  0.3161E+00  0.4750E+00  0.1880E+00  0.5600E-01  0.0000E+00  0.0000E+00  0.0000E+00
  0.3875E+02  0.3290E+00  0.4750E+00  0.2040E+00  0.7200E-01  0.0000E+00  0.0000E+00  0.0000E+00
  0.3875E+02  0.3419E+00  0.4750E+00  0.1170E+00  0.6900E-01  0.0000E+00  0.0000E+00  0.0000E+00
  0.3875E+02  0.3548E+00  0.4750E+00  0.8570E-01  0.4690E-01  0.0000E+00  0.0000E+00  0.0000E+00
  0.3875E+02  0.3806E+00  0.4750E+00  0.7250E-01  0.6240E-01  0.0000E+00  0.0000E+00  0.0000E+00
  0.3875E+02  0.1355E+00  0.5250E+00  0.4400E+01  0.4950E+00  0.4400E+00  0.0000E+00  0.0000E+00
  0.3875E+02  0.1484E+00  0.5250E+00  0.3800E+01  0.3500E+00  0.3800E+00  0.0000E+00  0.0000E+00
  0.3875E+02  0.1613E+00  0.5250E+00  0.2170E+01  0.1860E+00  0.0000E+00  0.0000E+00  0.0000E+00
  0.3875E+02  0.1742E+00  0.5250E+00  0.2010E+01  0.1670E+00  0.0000E+00  0.0000E+00  0.0000E+00
  0.3875E+02  0.1871E+00  0.5250E+00  0.1750E+01  0.1630E+00  0.0000E+00  0.0000E+00  0.0000E+00
  0.3875E+02  0.2000E+00  0.5250E+00  0.1160E+01  0.1190E+00  0.0000E+00  0.0000E+00  0.0000E+00
  0.3875E+02  0.2129E+00  0.5250E+00  0.8530E+00  0.9900E-01  0.0000E+00  0.0000E+00  0.0000E+00
  0.3875E+02  0.2258E+00  0.5250E+00  0.9270E+00  0.1120E+00  0.0000E+00  0.0000E+00  0.0000E+00
  0.3875E+02  0.2903E+00  0.5250E+00  0.2910E+00  0.7400E-01  0.0000E+00  0.0000E+00  0.0000E+00
  0.3875E+02  0.3032E+00  0.5250E+00  0.3670E+00  0.1060E+00  0.0000E+00  0.0000E+00  0.0000E+00
  0.3875E+02  0.3161E+00  0.5250E+00  0.1450E+00  0.7200E-01  0.0000E+00  0.0000E+00  0.0000E+00
  0.3875E+02  0.3290E+00  0.5250E+00  0.8040E-01  0.5080E-01  0.0000E+00  0.0000E+00  0.0000E+00
  0.3875E+02  0.3419E+00  0.5250E+00  0.7090E-01  0.3620E-01  0.0000E+00  0.0000E+00  0.0000E+00
  0.3875E+02  0.3548E+00  0.5250E+00  0.8020E-01  0.5110E-01  0.0000E+00  0.0000E+00  0.0000E+00
  0.3875E+02  0.3677E+00  0.5250E+00  0.6430E-01  0.4710E-01  0.0000E+00  0.0000E+00  0.0000E+00
  0.3875E+02  0.3806E+00  0.5250E+00  0.1730E+00  0.1280E+00  0.0000E+00  0.0000E+00  0.0000E+00
  0.3875E+02  0.1355E+00  0.5750E+00  0.2680E+01  0.6040E+00  0.2680E+00  0.0000E+00  0.0000E+00
  0.3875E+02  0.1484E+00  0.5750E+00  0.3190E+01  0.4260E+00  0.3190E+00  0.0000E+00  0.0000E+00
  0.3875E+02  0.1613E+00  0.5750E+00  0.1640E+01  0.1670E+00  0.0000E+00  0.0000E+00  0.0000E+00
  0.3875E+02  0.1742E+00  0.5750E+00  0.1600E+01  0.1960E+00  0.0000E+00  0.0000E+00  0.0000E+00
  0.3875E+02  0.1871E+00  0.5750E+00  0.1080E+01  0.1270E+00  0.0000E+00  0.0000E+00  0.0000E+00
  0.3875E+02  0.2000E+00  0.5750E+00  0.8830E+00  0.1090E+00  0.0000E+00  0.0000E+00  0.0000E+00
  0.3875E+02  0.2129E+00  0.5750E+00  0.6620E+00  0.8500E-01  0.0000E+00  0.0000E+00  0.0000E+00
  0.3875E+02  0.2258E+00  0.5750E+00  0.4950E+00  0.7900E-01  0.0000E+00  0.0000E+00  0.0000E+00
  0.3875E+02  0.2903E+00  0.5750E+00  0.3990E-01  0.2310E-01  0.0000E+00  0.0000E+00  0.0000E+00
  0.3875E+02  0.3032E+00  0.5750E+00  0.5420E-01  0.3350E-01  0.0000E+00  0.0000E+00  0.0000E+00
  0.3875E+02  0.3161E+00  0.5750E+00  0.8530E-01  0.3930E-01  0.0000E+00  0.0000E+00  0.0000E+00
  0.3875E+02  0.3290E+00  0.5750E+00  0.4480E-01  0.3140E-01  0.0000E+00  0.0000E+00  0.0000E+00
  0.3875E+02  0.3419E+00  0.5750E+00  0.8050E-01  0.6430E-01  0.0000E+00  0.0000E+00  0.0000E+00
  0.3875E+02  0.3548E+00  0.5750E+00  0.6180E-01  0.3850E-01  0.0000E+00  0.0000E+00  0.0000E+00
  0.3875E+02  0.1355E+00  0.6250E+00  0.1170E+01  0.3870E+00  0.1170E+00  0.0000E+00  0.0000E+00
  0.3875E+02  0.1484E+00  0.6250E+00  0.2230E+01  0.4170E+00  0.2230E+00  0.0000E+00  0.0000E+00
  0.3875E+02  0.1613E+00  0.6250E+00  0.9260E+00  0.1410E+00  0.0000E+00  0.0000E+00  0.0000E+00
  0.3875E+02  0.1742E+00  0.6250E+00  0.8000E+00  0.1140E+00  0.0000E+00  0.0000E+00  0.0000E+00
  0.3875E+02  0.1871E+00  0.6250E+00  0.6950E+00  0.1240E+00  0.0000E+00  0.0000E+00  0.0000E+00
  0.3875E+02  0.2000E+00  0.6250E+00  0.5600E+00  0.9900E-01  0.0000E+00  0.0000E+00  0.0000E+00
  0.3875E+02  0.2129E+00  0.6250E+00  0.3420E+00  0.7000E-01  0.0000E+00  0.0000E+00  0.0000E+00
  0.3875E+02  0.2258E+00  0.6250E+00  0.3040E+00  0.8200E-01  0.0000E+00  0.0000E+00  0.0000E+00
  0.3875E+02  0.2903E+00  0.6250E+00  0.5750E-01  0.3100E-01  0.0000E+00  0.0000E+00  0.0000E+00
  0.3875E+02  0.3032E+00  0.6250E+00  0.6750E-01  0.4080E-01  0.0000E+00  0.0000E+00  0.0000E+00
  0.3875E+02  0.3161E+00  0.6250E+00  0.2250E+00  0.1560E+00  0.0000E+00  0.0000E+00  0.0000E+00
  0.3875E+02  0.3419E+00  0.6250E+00  0.7160E-01  0.5290E-01  0.0000E+00  0.0000E+00  0.0000E+00
  0.3875E+02  0.1355E+00  0.6750E+00  0.7370E+00  0.4130E+00  0.7370E-01  0.0000E+00  0.0000E+00
  0.3875E+02  0.1484E+00  0.6750E+00  0.2530E+00  0.1260E+00  0.2530E-01  0.0000E+00  0.0000E+00
  0.3875E+02  0.1613E+00  0.6750E+00  0.9200E+00  0.2460E+00  0.0000E+00  0.0000E+00  0.0000E+00
  0.3875E+02  0.1742E+00  0.6750E+00  0.3620E+00  0.8700E-01  0.0000E+00  0.0000E+00  0.0000E+00
  0.3875E+02  0.1871E+00  0.6750E+00  0.6070E+00  0.1480E+00  0.0000E+00  0.0000E+00  0.0000E+00
  0.3875E+02  0.2000E+00  0.6750E+00  0.1860E+00  0.4400E-01  0.0000E+00  0.0000E+00  0.0000E+00
  0.3875E+02  0.2129E+00  0.6750E+00  0.2670E+00  0.7700E-01  0.0000E+00  0.0000E+00  0.0000E+00
  0.3875E+02  0.2258E+00  0.6750E+00  0.9520E-01  0.4440E-01  0.0000E+00  0.0000E+00  0.0000E+00
  0.3875E+02  0.2903E+00  0.6750E+00  0.6000E-01  0.3830E-01  0.0000E+00  0.0000E+00  0.0000E+00
  0.3875E+02  0.3161E+00  0.6750E+00  0.3330E-01  0.3020E-01  0.0000E+00  0.0000E+00  0.0000E+00
