  E866 pp : M^3 d^2 Sig/dM dxf data of 2006 (converted by jfo 8/23/06)
 http://p25ext.lanl.gov/e866/papers/e866dyabs/E866_Drell-Yan_Cross_Sections/E866_Drell-Yan_Cross_Sections.html
 comment 
 0.07   0  : norm unc (old value - waiting for updated publication)
    root-S      <rTau>      <x_F>       Sigma       stat err    syst err    dummy1      dummy2
  0.3875E+02  0.1197E+00  0.4600E-01  0.7790E+02  0.5510E+02  0.1040E+02  0.0000E+00  0.0000E+00
  0.3875E+02  0.1293E+00  0.4400E-01  0.1210E+02  0.6650E+01  0.1090E+01  0.0000E+00  0.0000E+00
  0.3875E+02  0.1406E+00  0.3900E-01  0.2970E+02  0.1780E+02  0.3790E+01  0.0000E+00  0.0000E+00
  0.3875E+02  0.1566E+00  0.3600E-01  0.3970E+02  0.1450E+02  0.3020E+01  0.0000E+00  0.0000E+00
  0.3875E+02  0.1667E+00  0.2900E-01  0.1070E+02  0.3480E+01  0.5320E+00  0.0000E+00  0.0000E+00
  0.3875E+02  0.1778E+00  0.1900E-01  0.7380E+01  0.2050E+01  0.2750E+00  0.0000E+00  0.0000E+00
  0.3875E+02  0.1946E+00  0.2400E-01  0.6110E+01  0.2530E+01  0.4200E+00  0.0000E+00  0.0000E+00
  0.3875E+02  0.2075E+00  0.2800E-01  0.5450E+01  0.8950E+00  0.1890E+00  0.0000E+00  0.0000E+00
  0.3875E+02  0.2183E+00  0.1600E-01  0.3670E+01  0.4660E+00  0.1060E+00  0.0000E+00  0.0000E+00
  0.3875E+02  0.2803E+00  0.4700E-01  0.8000E+01  0.8000E+01  0.8830E+00  0.0000E+00  0.0000E+00
  0.3875E+02  0.1151E+00  0.8300E-01  0.2690E+02  0.2780E+01  0.7790E+00  0.0000E+00  0.0000E+00
  0.3875E+02  0.1265E+00  0.8000E-01  0.1550E+02  0.2300E+01  0.7140E+00  0.0000E+00  0.0000E+00
  0.3875E+02  0.1401E+00  0.8300E-01  0.1070E+02  0.2850E+01  0.1040E+01  0.0000E+00  0.0000E+00
  0.3875E+02  0.1535E+00  0.8300E-01  0.1250E+02  0.2610E+01  0.7800E+00  0.0000E+00  0.0000E+00
  0.3875E+02  0.1672E+00  0.7800E-01  0.6420E+01  0.1830E+01  0.4860E+00  0.0000E+00  0.0000E+00
  0.3875E+02  0.1788E+00  0.7600E-01  0.6180E+01  0.2100E+01  0.2310E+00  0.0000E+00  0.0000E+00
  0.3875E+02  0.1935E+00  0.8000E-01  0.6650E+01  0.1970E+01  0.4720E+00  0.0000E+00  0.0000E+00
  0.3875E+02  0.2052E+00  0.7800E-01  0.4210E+01  0.5480E+00  0.2250E+00  0.0000E+00  0.0000E+00
  0.3875E+02  0.2178E+00  0.7700E-01  0.3740E+01  0.4870E+00  0.1760E+00  0.0000E+00  0.0000E+00
  0.3875E+02  0.2883E+00  0.8100E-01  0.3500E+01  0.1530E+01  0.7750E-01  0.0000E+00  0.0000E+00
  0.3875E+02  0.1143E+00  0.1290E+00  0.2390E+02  0.1410E+01  0.5430E+00  0.0000E+00  0.0000E+00
  0.3875E+02  0.1270E+00  0.1270E+00  0.1620E+02  0.1290E+01  0.4270E+00  0.0000E+00  0.0000E+00
  0.3875E+02  0.1396E+00  0.1300E+00  0.1570E+02  0.1610E+01  0.5940E+00  0.0000E+00  0.0000E+00
  0.3875E+02  0.1535E+00  0.1280E+00  0.1290E+02  0.1480E+01  0.3670E+00  0.0000E+00  0.0000E+00
  0.3875E+02  0.1662E+00  0.1300E+00  0.1020E+02  0.1240E+01  0.3000E+00  0.0000E+00  0.0000E+00
  0.3875E+02  0.1799E+00  0.1300E+00  0.7000E+01  0.1070E+01  0.3110E+00  0.0000E+00  0.0000E+00
  0.3875E+02  0.1925E+00  0.1280E+00  0.5160E+01  0.4900E+00  0.1880E+00  0.0000E+00  0.0000E+00
  0.3875E+02  0.2052E+00  0.1270E+00  0.4650E+01  0.3740E+00  0.1500E+00  0.0000E+00  0.0000E+00
  0.3875E+02  0.2178E+00  0.1270E+00  0.3170E+01  0.2660E+00  0.9680E-01  0.0000E+00  0.0000E+00
  0.3875E+02  0.2895E+00  0.1290E+00  0.1390E+01  0.3500E+00  0.5940E-01  0.0000E+00  0.0000E+00
  0.3875E+02  0.1143E+00  0.1770E+00  0.1980E+02  0.9970E+00  0.1250E+01  0.0000E+00  0.0000E+00
  0.3875E+02  0.1275E+00  0.1770E+00  0.1490E+02  0.7420E+00  0.2630E+00  0.0000E+00  0.0000E+00
  0.3875E+02  0.1401E+00  0.1770E+00  0.1240E+02  0.1020E+01  0.2790E+00  0.0000E+00  0.0000E+00
  0.3875E+02  0.1525E+00  0.1780E+00  0.9230E+01  0.8120E+00  0.2050E+00  0.0000E+00  0.0000E+00
  0.3875E+02  0.1665E+00  0.1790E+00  0.8280E+01  0.8940E+00  0.3130E+00  0.0000E+00  0.0000E+00
  0.3875E+02  0.1796E+00  0.1790E+00  0.6400E+01  0.4730E+00  0.2040E+00  0.0000E+00  0.0000E+00
  0.3875E+02  0.1925E+00  0.1770E+00  0.4960E+01  0.3070E+00  0.1210E+00  0.0000E+00  0.0000E+00
  0.3875E+02  0.2049E+00  0.1760E+00  0.3720E+01  0.2520E+00  0.9690E-01  0.0000E+00  0.0000E+00
  0.3875E+02  0.2178E+00  0.1760E+00  0.3090E+01  0.2040E+00  0.6470E-01  0.0000E+00  0.0000E+00
  0.3875E+02  0.2885E+00  0.1780E+00  0.1110E+01  0.2480E+00  0.7590E-01  0.0000E+00  0.0000E+00
  0.3875E+02  0.3156E+00  0.1770E+00  0.1290E+01  0.5790E+00  0.1590E+00  0.0000E+00  0.0000E+00
  0.3875E+02  0.3435E+00  0.1850E+00  0.1210E+02  0.1060E+02  0.3230E+00  0.0000E+00  0.0000E+00
  0.3875E+02  0.1143E+00  0.2260E+00  0.1740E+02  0.6970E+00  0.3080E+00  0.0000E+00  0.0000E+00
  0.3875E+02  0.1272E+00  0.2250E+00  0.1310E+02  0.6790E+00  0.2440E+00  0.0000E+00  0.0000E+00
  0.3875E+02  0.1401E+00  0.2250E+00  0.9730E+01  0.6010E+00  0.1840E+00  0.0000E+00  0.0000E+00
  0.3875E+02  0.1535E+00  0.2280E+00  0.8760E+01  0.5380E+00  0.2570E+00  0.0000E+00  0.0000E+00
  0.3875E+02  0.1667E+00  0.2280E+00  0.7480E+01  0.3870E+00  0.1950E+00  0.0000E+00  0.0000E+00
  0.3875E+02  0.1794E+00  0.2270E+00  0.5370E+01  0.2820E+00  0.1130E+00  0.0000E+00  0.0000E+00
  0.3875E+02  0.1923E+00  0.2270E+00  0.4050E+01  0.2360E+00  0.1170E+00  0.0000E+00  0.0000E+00
  0.3875E+02  0.2049E+00  0.2250E+00  0.3870E+01  0.2040E+00  0.9310E-01  0.0000E+00  0.0000E+00
  0.3875E+02  0.2178E+00  0.2240E+00  0.2860E+01  0.1960E+00  0.6320E-01  0.0000E+00  0.0000E+00
  0.3875E+02  0.2895E+00  0.2310E+00  0.7760E+00  0.1390E+00  0.4390E-01  0.0000E+00  0.0000E+00
  0.3875E+02  0.3182E+00  0.2260E+00  0.2100E+01  0.8190E+00  0.6490E+00  0.0000E+00  0.0000E+00
  0.3875E+02  0.3412E+00  0.2260E+00  0.2450E+01  0.1890E+01  0.4050E+00  0.0000E+00  0.0000E+00
  0.3875E+02  0.1146E+00  0.2740E+00  0.1280E+02  0.5390E+00  0.2910E+00  0.0000E+00  0.0000E+00
  0.3875E+02  0.1277E+00  0.2760E+00  0.1050E+02  0.5120E+00  0.1810E+00  0.0000E+00  0.0000E+00
  0.3875E+02  0.1404E+00  0.2760E+00  0.7550E+01  0.4420E+00  0.2110E+00  0.0000E+00  0.0000E+00
  0.3875E+02  0.1533E+00  0.2770E+00  0.7840E+01  0.3170E+00  0.2010E+00  0.0000E+00  0.0000E+00
  0.3875E+02  0.1665E+00  0.2760E+00  0.5870E+01  0.2730E+00  0.1550E+00  0.0000E+00  0.0000E+00
  0.3875E+02  0.1791E+00  0.2760E+00  0.4650E+01  0.2180E+00  0.8680E-01  0.0000E+00  0.0000E+00
  0.3875E+02  0.1917E+00  0.2750E+00  0.3450E+01  0.1840E+00  0.8120E-01  0.0000E+00  0.0000E+00
  0.3875E+02  0.2049E+00  0.2760E+00  0.3050E+01  0.1740E+00  0.6160E-01  0.0000E+00  0.0000E+00
  0.3875E+02  0.2178E+00  0.2750E+00  0.2800E+01  0.1590E+00  0.6100E-01  0.0000E+00  0.0000E+00
  0.3875E+02  0.2898E+00  0.2780E+00  0.7230E+00  0.1140E+00  0.5790E-01  0.0000E+00  0.0000E+00
  0.3875E+02  0.3172E+00  0.2820E+00  0.5040E+00  0.1780E+00  0.5440E-01  0.0000E+00  0.0000E+00
  0.3875E+02  0.3435E+00  0.2780E+00  0.4890E+00  0.3480E+00  0.6030E-01  0.0000E+00  0.0000E+00
  0.3875E+02  0.1148E+00  0.3240E+00  0.1040E+02  0.4840E+00  0.2180E+00  0.0000E+00  0.0000E+00
  0.3875E+02  0.1277E+00  0.3250E+00  0.9250E+01  0.4340E+00  0.2110E+00  0.0000E+00  0.0000E+00
  0.3875E+02  0.1406E+00  0.3260E+00  0.7220E+01  0.3170E+00  0.1970E+00  0.0000E+00  0.0000E+00
  0.3875E+02  0.1535E+00  0.3250E+00  0.6120E+01  0.2410E+00  0.1260E+00  0.0000E+00  0.0000E+00
  0.3875E+02  0.1662E+00  0.3240E+00  0.4930E+01  0.2070E+00  0.8660E-01  0.0000E+00  0.0000E+00
  0.3875E+02  0.1791E+00  0.3250E+00  0.4210E+01  0.1860E+00  0.1060E+00  0.0000E+00  0.0000E+00
  0.3875E+02  0.1923E+00  0.3250E+00  0.3520E+01  0.1570E+00  0.7980E-01  0.0000E+00  0.0000E+00
  0.3875E+02  0.2046E+00  0.3250E+00  0.2620E+01  0.1470E+00  0.5070E-01  0.0000E+00  0.0000E+00
  0.3875E+02  0.2175E+00  0.3250E+00  0.2320E+01  0.1390E+00  0.4530E-01  0.0000E+00  0.0000E+00
  0.3875E+02  0.2921E+00  0.3260E+00  0.6870E+00  0.8610E-01  0.5520E-01  0.0000E+00  0.0000E+00
  0.3875E+02  0.3164E+00  0.3280E+00  0.1010E+01  0.5170E+00  0.5010E-01  0.0000E+00  0.0000E+00
  0.3875E+02  0.3432E+00  0.3290E+00  0.5160E+00  0.1870E+00  0.4460E-01  0.0000E+00  0.0000E+00
  0.3875E+02  0.1151E+00  0.3740E+00  0.8180E+01  0.4330E+00  0.2540E+00  0.0000E+00  0.0000E+00
  0.3875E+02  0.1277E+00  0.3760E+00  0.6840E+01  0.3350E+00  0.2360E+00  0.0000E+00  0.0000E+00
  0.3875E+02  0.1406E+00  0.3750E+00  0.6140E+01  0.4050E+00  0.4880E+00  0.0000E+00  0.0000E+00
  0.3875E+02  0.1538E+00  0.3750E+00  0.5000E+01  0.2760E+00  0.1710E+00  0.0000E+00  0.0000E+00
  0.3875E+02  0.1665E+00  0.3750E+00  0.4040E+01  0.1700E+00  0.7060E-01  0.0000E+00  0.0000E+00
  0.3875E+02  0.1791E+00  0.3750E+00  0.3460E+01  0.1550E+00  0.9650E-01  0.0000E+00  0.0000E+00
  0.3875E+02  0.1920E+00  0.3760E+00  0.2800E+01  0.1270E+00  0.8660E-01  0.0000E+00  0.0000E+00
  0.3875E+02  0.2052E+00  0.3750E+00  0.2310E+01  0.1300E+00  0.6320E-01  0.0000E+00  0.0000E+00
  0.3875E+02  0.2178E+00  0.3740E+00  0.1990E+01  0.1140E+00  0.4260E-01  0.0000E+00  0.0000E+00
  0.3875E+02  0.2921E+00  0.3750E+00  0.4480E+00  0.7590E-01  0.5370E-02  0.0000E+00  0.0000E+00
  0.3875E+02  0.3164E+00  0.3740E+00  0.3620E+00  0.6540E-01  0.1380E-01  0.0000E+00  0.0000E+00
  0.3875E+02  0.3466E+00  0.3770E+00  0.3960E+00  0.2010E+00  0.1370E-01  0.0000E+00  0.0000E+00
  0.3875E+02  0.1151E+00  0.4240E+00  0.6750E+01  0.3850E+00  0.2350E+00  0.0000E+00  0.0000E+00
  0.3875E+02  0.1283E+00  0.4230E+00  0.5570E+01  0.2620E+00  0.1590E+00  0.0000E+00  0.0000E+00
  0.3875E+02  0.1409E+00  0.4240E+00  0.4320E+01  0.2020E+00  0.1340E+00  0.0000E+00  0.0000E+00
  0.3875E+02  0.1535E+00  0.4250E+00  0.3940E+01  0.1600E+00  0.8520E-01  0.0000E+00  0.0000E+00
  0.3875E+02  0.1665E+00  0.4240E+00  0.3350E+01  0.1300E+00  0.8430E-01  0.0000E+00  0.0000E+00
  0.3875E+02  0.1794E+00  0.4240E+00  0.2620E+01  0.1220E+00  0.6580E-01  0.0000E+00  0.0000E+00
  0.3875E+02  0.1923E+00  0.4240E+00  0.2140E+01  0.1070E+00  0.5910E-01  0.0000E+00  0.0000E+00
  0.3875E+02  0.2049E+00  0.4240E+00  0.1720E+01  0.1010E+00  0.5450E-01  0.0000E+00  0.0000E+00
  0.3875E+02  0.2178E+00  0.4240E+00  0.1570E+01  0.9700E-01  0.5550E-01  0.0000E+00  0.0000E+00
  0.3875E+02  0.2911E+00  0.4230E+00  0.3810E+00  0.5200E-01  0.8410E-02  0.0000E+00  0.0000E+00
  0.3875E+02  0.3159E+00  0.4240E+00  0.2590E+00  0.5590E-01  0.2350E-01  0.0000E+00  0.0000E+00
  0.3875E+02  0.3474E+00  0.4290E+00  0.7060E+00  0.5730E+00  0.2290E-01  0.0000E+00  0.0000E+00
  0.3875E+02  0.1151E+00  0.4730E+00  0.4390E+01  0.2930E+00  0.1330E+00  0.0000E+00  0.0000E+00
  0.3875E+02  0.1277E+00  0.4750E+00  0.3710E+01  0.2220E+00  0.9810E-01  0.0000E+00  0.0000E+00
  0.3875E+02  0.1409E+00  0.4750E+00  0.3370E+01  0.1610E+00  0.6900E-01  0.0000E+00  0.0000E+00
  0.3875E+02  0.1535E+00  0.4740E+00  0.2660E+01  0.1260E+00  0.5310E-01  0.0000E+00  0.0000E+00
  0.3875E+02  0.1662E+00  0.4740E+00  0.1980E+01  0.1010E+00  0.3940E-01  0.0000E+00  0.0000E+00
  0.3875E+02  0.1791E+00  0.4740E+00  0.1970E+01  0.9870E-01  0.5360E-01  0.0000E+00  0.0000E+00
  0.3875E+02  0.1917E+00  0.4740E+00  0.1570E+01  0.9080E-01  0.5480E-01  0.0000E+00  0.0000E+00
  0.3875E+02  0.2049E+00  0.4730E+00  0.1270E+01  0.8420E-01  0.2780E-01  0.0000E+00  0.0000E+00
  0.3875E+02  0.2178E+00  0.4740E+00  0.9260E+00  0.7470E-01  0.2150E-01  0.0000E+00  0.0000E+00
  0.3875E+02  0.2914E+00  0.4720E+00  0.2630E+00  0.4460E-01  0.8590E-02  0.0000E+00  0.0000E+00
  0.3875E+02  0.3182E+00  0.4710E+00  0.1830E+00  0.4470E-01  0.6930E-02  0.0000E+00  0.0000E+00
  0.3875E+02  0.3481E+00  0.4740E+00  0.9840E-01  0.4030E-01  0.9370E-02  0.0000E+00  0.0000E+00
  0.3875E+02  0.1156E+00  0.5240E+00  0.2940E+01  0.2530E+00  0.1180E+00  0.0000E+00  0.0000E+00
  0.3875E+02  0.1283E+00  0.5240E+00  0.2680E+01  0.1840E+00  0.1190E+00  0.0000E+00  0.0000E+00
  0.3875E+02  0.1409E+00  0.5230E+00  0.2380E+01  0.1290E+00  0.7170E-01  0.0000E+00  0.0000E+00
  0.3875E+02  0.1533E+00  0.5240E+00  0.1910E+01  0.1010E+00  0.6560E-01  0.0000E+00  0.0000E+00
  0.3875E+02  0.1665E+00  0.5250E+00  0.1580E+01  0.8300E-01  0.3700E-01  0.0000E+00  0.0000E+00
  0.3875E+02  0.1788E+00  0.5230E+00  0.1330E+01  0.7940E-01  0.3530E-01  0.0000E+00  0.0000E+00
  0.3875E+02  0.1920E+00  0.5230E+00  0.1030E+01  0.7450E-01  0.2440E-01  0.0000E+00  0.0000E+00
  0.3875E+02  0.2049E+00  0.5230E+00  0.1030E+01  0.7400E-01  0.2380E-01  0.0000E+00  0.0000E+00
  0.3875E+02  0.2181E+00  0.5230E+00  0.8930E+00  0.6510E-01  0.2020E-01  0.0000E+00  0.0000E+00
  0.3875E+02  0.2898E+00  0.5270E+00  0.1930E+00  0.3440E-01  0.1350E-02  0.0000E+00  0.0000E+00
  0.3875E+02  0.3138E+00  0.5250E+00  0.8340E-01  0.2640E-01  0.2940E-02  0.0000E+00  0.0000E+00
  0.3875E+02  0.3474E+00  0.5240E+00  0.1780E+00  0.7660E-01  0.1370E-01  0.0000E+00  0.0000E+00
  0.3875E+02  0.3837E+00  0.5310E+00  0.1890E+01  0.1890E+01  0.6840E+00  0.0000E+00  0.0000E+00
  0.3875E+02  0.1151E+00  0.5710E+00  0.1510E+01  0.1680E+00  0.6760E-01  0.0000E+00  0.0000E+00
  0.3875E+02  0.1280E+00  0.5750E+00  0.1640E+01  0.1250E+00  0.6590E-01  0.0000E+00  0.0000E+00
  0.3875E+02  0.1406E+00  0.5730E+00  0.1500E+01  0.1030E+00  0.4170E-01  0.0000E+00  0.0000E+00
  0.3875E+02  0.1538E+00  0.5730E+00  0.1210E+01  0.7580E-01  0.3170E-01  0.0000E+00  0.0000E+00
  0.3875E+02  0.1662E+00  0.5730E+00  0.1200E+01  0.8190E-01  0.2610E-01  0.0000E+00  0.0000E+00
  0.3875E+02  0.1791E+00  0.5720E+00  0.9090E+00  0.6330E-01  0.2080E-01  0.0000E+00  0.0000E+00
  0.3875E+02  0.1915E+00  0.5730E+00  0.8230E+00  0.5740E-01  0.1930E-01  0.0000E+00  0.0000E+00
  0.3875E+02  0.2049E+00  0.5720E+00  0.6290E+00  0.5370E-01  0.2360E-01  0.0000E+00  0.0000E+00
  0.3875E+02  0.2178E+00  0.5730E+00  0.5780E+00  0.5290E-01  0.1910E-01  0.0000E+00  0.0000E+00
  0.3875E+02  0.2906E+00  0.5700E+00  0.1220E+00  0.2380E-01  0.4550E-02  0.0000E+00  0.0000E+00
  0.3875E+02  0.3151E+00  0.5760E+00  0.9620E-01  0.2970E-01  0.6720E-02  0.0000E+00  0.0000E+00
  0.3875E+02  0.3427E+00  0.5700E+00  0.2630E+00  0.2120E+00  0.5420E-02  0.0000E+00  0.0000E+00
  0.3875E+02  0.1159E+00  0.6220E+00  0.1470E+01  0.1810E+00  0.1180E+00  0.0000E+00  0.0000E+00
  0.3875E+02  0.1280E+00  0.6230E+00  0.1010E+01  0.1190E+00  0.7870E-01  0.0000E+00  0.0000E+00
  0.3875E+02  0.1409E+00  0.6220E+00  0.8400E+00  0.8380E-01  0.5400E-01  0.0000E+00  0.0000E+00
  0.3875E+02  0.1538E+00  0.6230E+00  0.7460E+00  0.5580E-01  0.4430E-01  0.0000E+00  0.0000E+00
  0.3875E+02  0.1659E+00  0.6230E+00  0.6670E+00  0.6020E-01  0.4090E-01  0.0000E+00  0.0000E+00
  0.3875E+02  0.1788E+00  0.6240E+00  0.7100E+00  0.5590E-01  0.4420E-01  0.0000E+00  0.0000E+00
  0.3875E+02  0.1920E+00  0.6230E+00  0.5690E+00  0.6800E-01  0.4270E-01  0.0000E+00  0.0000E+00
  0.3875E+02  0.2046E+00  0.6240E+00  0.4030E+00  0.4230E-01  0.2370E-01  0.0000E+00  0.0000E+00
  0.3875E+02  0.2181E+00  0.6240E+00  0.3220E+00  0.4110E-01  0.1950E-01  0.0000E+00  0.0000E+00
  0.3875E+02  0.2901E+00  0.6250E+00  0.1140E+00  0.3490E-01  0.8940E-02  0.0000E+00  0.0000E+00
  0.3875E+02  0.3143E+00  0.6200E+00  0.6440E-01  0.3070E-01  0.6260E-02  0.0000E+00  0.0000E+00
  0.3875E+02  0.3396E+00  0.6090E+00  0.2600E-01  0.1190E-01  0.2630E-02  0.0000E+00  0.0000E+00
  0.3875E+02  0.1154E+00  0.6730E+00  0.7180E+00  0.1230E+00  0.7550E-01  0.0000E+00  0.0000E+00
  0.3875E+02  0.1283E+00  0.6700E+00  0.6150E+00  0.7750E-01  0.4480E-01  0.0000E+00  0.0000E+00
  0.3875E+02  0.1406E+00  0.6700E+00  0.6650E+00  0.7580E-01  0.5250E-01  0.0000E+00  0.0000E+00
  0.3875E+02  0.1535E+00  0.6730E+00  0.4670E+00  0.6990E-01  0.2960E-01  0.0000E+00  0.0000E+00
  0.3875E+02  0.1667E+00  0.6710E+00  0.3960E+00  0.5260E-01  0.2640E-01  0.0000E+00  0.0000E+00
  0.3875E+02  0.1791E+00  0.6690E+00  0.2590E+00  0.4080E-01  0.1950E-01  0.0000E+00  0.0000E+00
  0.3875E+02  0.1917E+00  0.6730E+00  0.2060E+00  0.4270E-01  0.2010E-01  0.0000E+00  0.0000E+00
  0.3875E+02  0.2052E+00  0.6700E+00  0.2310E+00  0.3880E-01  0.1760E-01  0.0000E+00  0.0000E+00
  0.3875E+02  0.2175E+00  0.6690E+00  0.1090E+00  0.2530E-01  0.7560E-02  0.0000E+00  0.0000E+00
  0.3875E+02  0.2916E+00  0.6740E+00  0.5500E-01  0.1590E-01  0.4010E-02  0.0000E+00  0.0000E+00
  0.3875E+02  0.3205E+00  0.6790E+00  0.4050E-01  0.2190E-01  0.4370E-02  0.0000E+00  0.0000E+00
  0.3875E+02  0.3554E+00  0.6770E+00  0.9460E-01  0.4620E-01  0.5700E-02  0.0000E+00  0.0000E+00
  0.3875E+02  0.1169E+00  0.7200E+00  0.5510E+00  0.1310E+00  0.5650E-01  0.0000E+00  0.0000E+00
  0.3875E+02  0.1293E+00  0.7200E+00  0.4370E+00  0.9320E-01  0.3470E-01  0.0000E+00  0.0000E+00
  0.3875E+02  0.1406E+00  0.7190E+00  0.2540E+00  0.4020E-01  0.1750E-01  0.0000E+00  0.0000E+00
  0.3875E+02  0.1533E+00  0.7230E+00  0.2790E+00  0.4540E-01  0.2780E-01  0.0000E+00  0.0000E+00
  0.3875E+02  0.1665E+00  0.7200E+00  0.2120E+00  0.4910E-01  0.1990E-01  0.0000E+00  0.0000E+00
  0.3875E+02  0.1788E+00  0.7200E+00  0.1690E+00  0.2760E-01  0.1540E-01  0.0000E+00  0.0000E+00
  0.3875E+02  0.1912E+00  0.7260E+00  0.1860E+00  0.3440E-01  0.1440E-01  0.0000E+00  0.0000E+00
  0.3875E+02  0.2052E+00  0.7190E+00  0.3690E+00  0.1680E+00  0.2240E-01  0.0000E+00  0.0000E+00
  0.3875E+02  0.2173E+00  0.7170E+00  0.1100E+00  0.2540E-01  0.1220E-01  0.0000E+00  0.0000E+00
  0.3875E+02  0.2911E+00  0.7280E+00  0.3780E-01  0.2450E-01  0.1940E-02  0.0000E+00  0.0000E+00
  0.3875E+02  0.3391E+00  0.7230E+00  0.4010E+00  0.2840E+00  0.4840E-01  0.0000E+00  0.0000E+00
  0.3875E+02  0.1156E+00  0.7700E+00  0.3310E+00  0.1150E+00  0.5760E-01  0.0000E+00  0.0000E+00
  0.3875E+02  0.1280E+00  0.7670E+00  0.5160E+00  0.2570E+00  0.4870E-01  0.0000E+00  0.0000E+00
  0.3875E+02  0.1406E+00  0.7680E+00  0.1330E+00  0.2770E-01  0.1200E-01  0.0000E+00  0.0000E+00
  0.3875E+02  0.1535E+00  0.7710E+00  0.1830E+00  0.4340E-01  0.1690E-01  0.0000E+00  0.0000E+00
  0.3875E+02  0.1659E+00  0.7690E+00  0.1030E+00  0.2310E-01  0.7550E-02  0.0000E+00  0.0000E+00
  0.3875E+02  0.1791E+00  0.7670E+00  0.8330E-01  0.2530E-01  0.7180E-02  0.0000E+00  0.0000E+00
  0.3875E+02  0.1923E+00  0.7730E+00  0.1130E+00  0.4310E-01  0.2070E-01  0.0000E+00  0.0000E+00
  0.3875E+02  0.2046E+00  0.7720E+00  0.1080E+00  0.3690E-01  0.1120E-01  0.0000E+00  0.0000E+00
  0.3875E+02  0.2186E+00  0.7760E+00  0.7610E-01  0.2540E-01  0.7500E-02  0.0000E+00  0.0000E+00
  0.3875E+02  0.2939E+00  0.7650E+00  0.6940E-01  0.5190E-01  0.6920E-02  0.0000E+00  0.0000E+00
