 E866 pd : M^3 d^2 Sig/dM dxf data of 2006 (converted by jfo 8/23/06)
 http://p25ext.lanl.gov/e866/papers/e866dyabs/E866_Drell-Yan_Cross_Sections/E866_Drell-Yan_Cross_Sections.html.
 comment 
 0.07   0  : norm unc (old value - waiting for updated publication)
    root-S      <rTau>      <x_F>       Sigma       stat err    syst err    dummy1      dummy2 
  0.3875E+02  0.1275E+00  0.4400E-01  0.4430E+02  0.2730E+02  0.5610E+00  0.0000E+00  0.0000E+00
  0.3875E+02  0.1394E+00  0.3900E-01  0.1780E+02  0.8180E+01  0.1970E+01  0.0000E+00  0.0000E+00
  0.3875E+02  0.1574E+00  0.3700E-01  0.1190E+02  0.4640E+01  0.1440E+01  0.0000E+00  0.0000E+00
  0.3875E+02  0.1672E+00  0.2200E-01  0.1240E+02  0.2720E+01  0.9030E+00  0.0000E+00  0.0000E+00
  0.3875E+02  0.1794E+00  0.2500E-01  0.9660E+01  0.1710E+01  0.4360E+00  0.0000E+00  0.0000E+00
  0.3875E+02  0.1933E+00  0.2700E-01  0.7080E+01  0.2450E+01  0.1110E+01  0.0000E+00  0.0000E+00
  0.3875E+02  0.2067E+00  0.2400E-01  0.5570E+01  0.6660E+00  0.2450E+00  0.0000E+00  0.0000E+00
  0.3875E+02  0.2181E+00  0.1700E-01  0.4290E+01  0.4290E+00  0.2140E+00  0.0000E+00  0.0000E+00
  0.3875E+02  0.2870E+00  0.1200E-01  0.8690E+00  0.3570E+00  0.1750E-01  0.0000E+00  0.0000E+00
  0.3875E+02  0.1156E+00  0.8400E-01  0.2800E+02  0.2100E+01  0.7580E+00  0.0000E+00  0.0000E+00
  0.3875E+02  0.1270E+00  0.8100E-01  0.2200E+02  0.1740E+01  0.7420E+00  0.0000E+00  0.0000E+00
  0.3875E+02  0.1401E+00  0.8400E-01  0.1740E+02  0.2570E+01  0.1120E+01  0.0000E+00  0.0000E+00
  0.3875E+02  0.1541E+00  0.8000E-01  0.1310E+02  0.1820E+01  0.6890E+00  0.0000E+00  0.0000E+00
  0.3875E+02  0.1667E+00  0.7900E-01  0.7880E+01  0.1190E+01  0.4370E+00  0.0000E+00  0.0000E+00
  0.3875E+02  0.1781E+00  0.8000E-01  0.6280E+01  0.1330E+01  0.4410E+00  0.0000E+00  0.0000E+00
  0.3875E+02  0.1935E+00  0.8200E-01  0.6230E+01  0.1220E+01  0.5190E+00  0.0000E+00  0.0000E+00
  0.3875E+02  0.2057E+00  0.7800E-01  0.4220E+01  0.3080E+00  0.2040E+00  0.0000E+00  0.0000E+00
  0.3875E+02  0.2181E+00  0.7600E-01  0.3610E+01  0.2530E+00  0.1590E+00  0.0000E+00  0.0000E+00
  0.3875E+02  0.2893E+00  0.8500E-01  0.1860E+01  0.6640E+00  0.7940E-02  0.0000E+00  0.0000E+00
  0.3875E+02  0.1146E+00  0.1300E+00  0.2700E+02  0.9840E+00  0.5090E+00  0.0000E+00  0.0000E+00
  0.3875E+02  0.1272E+00  0.1280E+00  0.1760E+02  0.8130E+00  0.3630E+00  0.0000E+00  0.0000E+00
  0.3875E+02  0.1399E+00  0.1290E+00  0.1480E+02  0.1030E+01  0.4250E+00  0.0000E+00  0.0000E+00
  0.3875E+02  0.1530E+00  0.1300E+00  0.1040E+02  0.8020E+00  0.2970E+00  0.0000E+00  0.0000E+00
  0.3875E+02  0.1665E+00  0.1290E+00  0.9160E+01  0.8720E+00  0.2900E+00  0.0000E+00  0.0000E+00
  0.3875E+02  0.1799E+00  0.1300E+00  0.7320E+01  0.6620E+00  0.2780E+00  0.0000E+00  0.0000E+00
  0.3875E+02  0.1933E+00  0.1280E+00  0.6030E+01  0.4550E+00  0.2010E+00  0.0000E+00  0.0000E+00
  0.3875E+02  0.2052E+00  0.1290E+00  0.5020E+01  0.2540E+00  0.1860E+00  0.0000E+00  0.0000E+00
  0.3875E+02  0.2181E+00  0.1270E+00  0.3940E+01  0.1910E+00  0.1040E+00  0.0000E+00  0.0000E+00
  0.3875E+02  0.2890E+00  0.1260E+00  0.1470E+01  0.3260E+00  0.1580E+00  0.0000E+00  0.0000E+00
  0.3875E+02  0.3105E+00  0.1350E+00  0.2170E+01  0.1060E+01  0.9840E-01  0.0000E+00  0.0000E+00
  0.3875E+02  0.1143E+00  0.1770E+00  0.2240E+02  0.6200E+00  0.4440E+00  0.0000E+00  0.0000E+00
  0.3875E+02  0.1272E+00  0.1770E+00  0.1730E+02  0.5430E+00  0.3560E+00  0.0000E+00  0.0000E+00
  0.3875E+02  0.1401E+00  0.1770E+00  0.1210E+02  0.6330E+00  0.2950E+00  0.0000E+00  0.0000E+00
  0.3875E+02  0.1528E+00  0.1780E+00  0.1080E+02  0.5480E+00  0.2370E+00  0.0000E+00  0.0000E+00
  0.3875E+02  0.1667E+00  0.1790E+00  0.8040E+01  0.4910E+00  0.3020E+00  0.0000E+00  0.0000E+00
  0.3875E+02  0.1801E+00  0.1790E+00  0.7100E+01  0.3100E+00  0.2810E+00  0.0000E+00  0.0000E+00
  0.3875E+02  0.1920E+00  0.1760E+00  0.5510E+01  0.2320E+00  0.1570E+00  0.0000E+00  0.0000E+00
  0.3875E+02  0.2052E+00  0.1760E+00  0.4590E+01  0.1780E+00  0.1330E+00  0.0000E+00  0.0000E+00
  0.3875E+02  0.2175E+00  0.1760E+00  0.3740E+01  0.1450E+00  0.7800E-01  0.0000E+00  0.0000E+00
  0.3875E+02  0.2901E+00  0.1780E+00  0.1210E+01  0.2120E+00  0.5590E-01  0.0000E+00  0.0000E+00
  0.3875E+02  0.3112E+00  0.1660E+00  0.5320E+00  0.1970E+00  0.5750E-01  0.0000E+00  0.0000E+00
  0.3875E+02  0.3388E+00  0.1950E+00  0.1880E+01  0.1850E+01  0.5580E-01  0.0000E+00  0.0000E+00
  0.3875E+02  0.1146E+00  0.2250E+00  0.1890E+02  0.4390E+00  0.3450E+00  0.0000E+00  0.0000E+00
  0.3875E+02  0.1272E+00  0.2250E+00  0.1400E+02  0.4150E+00  0.2530E+00  0.0000E+00  0.0000E+00
  0.3875E+02  0.1401E+00  0.2260E+00  0.1070E+02  0.4080E+00  0.2140E+00  0.0000E+00  0.0000E+00
  0.3875E+02  0.1533E+00  0.2270E+00  0.9130E+01  0.3530E+00  0.2390E+00  0.0000E+00  0.0000E+00
  0.3875E+02  0.1667E+00  0.2290E+00  0.8050E+01  0.2740E+00  0.1980E+00  0.0000E+00  0.0000E+00
  0.3875E+02  0.1794E+00  0.2270E+00  0.6090E+01  0.1940E+00  0.1190E+00  0.0000E+00  0.0000E+00
  0.3875E+02  0.1917E+00  0.2260E+00  0.4900E+01  0.1610E+00  0.1200E+00  0.0000E+00  0.0000E+00
  0.3875E+02  0.2049E+00  0.2260E+00  0.4210E+01  0.1400E+00  0.1060E+00  0.0000E+00  0.0000E+00
  0.3875E+02  0.2181E+00  0.2250E+00  0.3470E+01  0.1290E+00  0.7000E-01  0.0000E+00  0.0000E+00
  0.3875E+02  0.2883E+00  0.2270E+00  0.7340E+00  0.7710E-01  0.2040E-01  0.0000E+00  0.0000E+00
  0.3875E+02  0.3177E+00  0.2260E+00  0.5850E+00  0.1430E+00  0.5140E-01  0.0000E+00  0.0000E+00
  0.3875E+02  0.3404E+00  0.2290E+00  0.3750E+00  0.1540E+00  0.2990E-01  0.0000E+00  0.0000E+00
  0.3875E+02  0.1146E+00  0.2750E+00  0.1520E+02  0.3600E+00  0.2490E+00  0.0000E+00  0.0000E+00
  0.3875E+02  0.1275E+00  0.2750E+00  0.1200E+02  0.3330E+00  0.2050E+00  0.0000E+00  0.0000E+00
  0.3875E+02  0.1406E+00  0.2760E+00  0.9710E+01  0.3080E+00  0.2400E+00  0.0000E+00  0.0000E+00
  0.3875E+02  0.1535E+00  0.2770E+00  0.8040E+01  0.2060E+00  0.2280E+00  0.0000E+00  0.0000E+00
  0.3875E+02  0.1665E+00  0.2760E+00  0.6740E+01  0.1790E+00  0.1750E+00  0.0000E+00  0.0000E+00
  0.3875E+02  0.1794E+00  0.2760E+00  0.5360E+01  0.1450E+00  0.9320E-01  0.0000E+00  0.0000E+00
  0.3875E+02  0.1920E+00  0.2750E+00  0.4280E+01  0.1260E+00  0.9720E-01  0.0000E+00  0.0000E+00
  0.3875E+02  0.2049E+00  0.2760E+00  0.3430E+01  0.1120E+00  0.6870E-01  0.0000E+00  0.0000E+00
  0.3875E+02  0.2181E+00  0.2750E+00  0.2970E+01  0.1050E+00  0.5640E-01  0.0000E+00  0.0000E+00
  0.3875E+02  0.2898E+00  0.2750E+00  0.8440E+00  0.6790E-01  0.2190E-01  0.0000E+00  0.0000E+00
  0.3875E+02  0.3156E+00  0.2780E+00  0.3560E+00  0.9310E-01  0.2480E-01  0.0000E+00  0.0000E+00
  0.3875E+02  0.3463E+00  0.2700E+00  0.4290E+00  0.2820E+00  0.2630E-01  0.0000E+00  0.0000E+00
  0.3875E+02  0.1146E+00  0.3230E+00  0.1180E+02  0.3410E+00  0.2670E+00  0.0000E+00  0.0000E+00
  0.3875E+02  0.1277E+00  0.3250E+00  0.8830E+01  0.2680E+00  0.1940E+00  0.0000E+00  0.0000E+00
  0.3875E+02  0.1406E+00  0.3250E+00  0.8370E+01  0.2160E+00  0.1850E+00  0.0000E+00  0.0000E+00
  0.3875E+02  0.1535E+00  0.3250E+00  0.6490E+01  0.1610E+00  0.1600E+00  0.0000E+00  0.0000E+00
  0.3875E+02  0.1665E+00  0.3250E+00  0.5460E+01  0.1360E+00  0.9390E-01  0.0000E+00  0.0000E+00
  0.3875E+02  0.1794E+00  0.3250E+00  0.4650E+01  0.1210E+00  0.8840E-01  0.0000E+00  0.0000E+00
  0.3875E+02  0.1920E+00  0.3250E+00  0.3730E+01  0.1040E+00  0.8320E-01  0.0000E+00  0.0000E+00
  0.3875E+02  0.2046E+00  0.3250E+00  0.3110E+01  0.9940E-01  0.5800E-01  0.0000E+00  0.0000E+00
  0.3875E+02  0.2178E+00  0.3250E+00  0.2590E+01  0.9210E-01  0.4990E-01  0.0000E+00  0.0000E+00
  0.3875E+02  0.2914E+00  0.3260E+00  0.5250E+00  0.4680E-01  0.3110E-01  0.0000E+00  0.0000E+00
  0.3875E+02  0.3141E+00  0.3260E+00  0.5290E+00  0.1150E+00  0.3920E-01  0.0000E+00  0.0000E+00
  0.3875E+02  0.3461E+00  0.3280E+00  0.3330E+00  0.1110E+00  0.2010E-01  0.0000E+00  0.0000E+00
  0.3875E+02  0.1148E+00  0.3750E+00  0.8340E+01  0.2670E+00  0.1880E+00  0.0000E+00  0.0000E+00
  0.3875E+02  0.1280E+00  0.3740E+00  0.6770E+01  0.2020E+00  0.1890E+00  0.0000E+00  0.0000E+00
  0.3875E+02  0.1409E+00  0.3750E+00  0.6170E+01  0.1650E+00  0.1020E+00  0.0000E+00  0.0000E+00
  0.3875E+02  0.1535E+00  0.3740E+00  0.5140E+01  0.1260E+00  0.8730E-01  0.0000E+00  0.0000E+00
  0.3875E+02  0.1662E+00  0.3740E+00  0.4270E+01  0.1080E+00  0.7310E-01  0.0000E+00  0.0000E+00
  0.3875E+02  0.1791E+00  0.3740E+00  0.3660E+01  0.9880E-01  0.1040E+00  0.0000E+00  0.0000E+00
  0.3875E+02  0.1920E+00  0.3740E+00  0.3060E+01  0.8630E-01  0.1060E+00  0.0000E+00  0.0000E+00
  0.3875E+02  0.2049E+00  0.3750E+00  0.2630E+01  0.8380E-01  0.1150E+00  0.0000E+00  0.0000E+00
  0.3875E+02  0.2178E+00  0.3740E+00  0.2180E+01  0.8340E-01  0.8680E-01  0.0000E+00  0.0000E+00
  0.3875E+02  0.2908E+00  0.3750E+00  0.5380E+00  0.4240E-01  0.4540E-02  0.0000E+00  0.0000E+00
  0.3875E+02  0.3172E+00  0.3760E+00  0.2150E+00  0.3830E-01  0.1180E-01  0.0000E+00  0.0000E+00
  0.3875E+02  0.3435E+00  0.3780E+00  0.2040E+00  0.5000E-01  0.1260E-01  0.0000E+00  0.0000E+00
  0.3875E+02  0.3995E+00  0.3900E+00  0.2520E+00  0.1860E+00  0.1850E+00  0.0000E+00  0.0000E+00
  0.3875E+02  0.1148E+00  0.4230E+00  0.6370E+01  0.2320E+00  0.1760E+00  0.0000E+00  0.0000E+00
  0.3875E+02  0.1280E+00  0.4240E+00  0.5330E+01  0.1650E+00  0.1660E+00  0.0000E+00  0.0000E+00
  0.3875E+02  0.1409E+00  0.4240E+00  0.4480E+01  0.1280E+00  0.1350E+00  0.0000E+00  0.0000E+00
  0.3875E+02  0.1535E+00  0.4240E+00  0.3960E+01  0.1020E+00  0.1150E+00  0.0000E+00  0.0000E+00
  0.3875E+02  0.1665E+00  0.4240E+00  0.3270E+01  0.8380E-01  0.7720E-01  0.0000E+00  0.0000E+00
  0.3875E+02  0.1788E+00  0.4240E+00  0.2720E+01  0.7780E-01  0.7050E-01  0.0000E+00  0.0000E+00
  0.3875E+02  0.1920E+00  0.4240E+00  0.2200E+01  0.6880E-01  0.4900E-01  0.0000E+00  0.0000E+00
  0.3875E+02  0.2049E+00  0.4250E+00  0.1950E+01  0.6770E-01  0.6630E-01  0.0000E+00  0.0000E+00
  0.3875E+02  0.2178E+00  0.4240E+00  0.1710E+01  0.6510E-01  0.4910E-01  0.0000E+00  0.0000E+00
  0.3875E+02  0.2906E+00  0.4250E+00  0.4550E+00  0.3570E-01  0.1160E-01  0.0000E+00  0.0000E+00
  0.3875E+02  0.3156E+00  0.4270E+00  0.2840E+00  0.3490E-01  0.1160E-01  0.0000E+00  0.0000E+00
  0.3875E+02  0.3499E+00  0.4260E+00  0.1460E+00  0.2950E-01  0.6800E-02  0.0000E+00  0.0000E+00
  0.3875E+02  0.4023E+00  0.4340E+00  0.4460E+00  0.2540E+00  0.1260E+00  0.0000E+00  0.0000E+00
  0.3875E+02  0.1151E+00  0.4730E+00  0.4700E+01  0.2120E+00  0.3610E+00  0.0000E+00  0.0000E+00
  0.3875E+02  0.1280E+00  0.4740E+00  0.3850E+01  0.1370E+00  0.1210E+00  0.0000E+00  0.0000E+00
  0.3875E+02  0.1409E+00  0.4740E+00  0.3210E+01  0.1030E+00  0.6410E-01  0.0000E+00  0.0000E+00
  0.3875E+02  0.1535E+00  0.4740E+00  0.2880E+01  0.8120E-01  0.5890E-01  0.0000E+00  0.0000E+00
  0.3875E+02  0.1662E+00  0.4750E+00  0.2400E+01  0.7200E-01  0.5340E-01  0.0000E+00  0.0000E+00
  0.3875E+02  0.1791E+00  0.4740E+00  0.2000E+01  0.6310E-01  0.4840E-01  0.0000E+00  0.0000E+00
  0.3875E+02  0.1920E+00  0.4730E+00  0.1650E+01  0.5890E-01  0.4080E-01  0.0000E+00  0.0000E+00
  0.3875E+02  0.2046E+00  0.4740E+00  0.1390E+01  0.5490E-01  0.2920E-01  0.0000E+00  0.0000E+00
  0.3875E+02  0.2178E+00  0.4740E+00  0.1270E+01  0.8120E-01  0.1760E-01  0.0000E+00  0.0000E+00
  0.3875E+02  0.2919E+00  0.4760E+00  0.3810E+00  0.3270E-01  0.1110E-01  0.0000E+00  0.0000E+00
  0.3875E+02  0.3164E+00  0.4750E+00  0.2110E+00  0.3110E-01  0.8190E-02  0.0000E+00  0.0000E+00
  0.3875E+02  0.3466E+00  0.4710E+00  0.1060E+00  0.2850E-01  0.5150E-02  0.0000E+00  0.0000E+00
  0.3875E+02  0.4289E+00  0.4660E+00  0.7850E-01  0.7850E-01  0.2150E-01  0.0000E+00  0.0000E+00
  0.3875E+02  0.1151E+00  0.5230E+00  0.3220E+01  0.1670E+00  0.1620E+00  0.0000E+00  0.0000E+00
  0.3875E+02  0.1283E+00  0.5250E+00  0.2690E+01  0.1160E+00  0.1870E+00  0.0000E+00  0.0000E+00
  0.3875E+02  0.1409E+00  0.5240E+00  0.2170E+01  0.7750E-01  0.7830E-01  0.0000E+00  0.0000E+00
  0.3875E+02  0.1535E+00  0.5240E+00  0.2040E+01  0.6570E-01  0.6230E-01  0.0000E+00  0.0000E+00
  0.3875E+02  0.1665E+00  0.5240E+00  0.1740E+01  0.5590E-01  0.4080E-01  0.0000E+00  0.0000E+00
  0.3875E+02  0.1794E+00  0.5240E+00  0.1350E+01  0.5060E-01  0.3140E-01  0.0000E+00  0.0000E+00
  0.3875E+02  0.1920E+00  0.5230E+00  0.1220E+01  0.4870E-01  0.2800E-01  0.0000E+00  0.0000E+00
  0.3875E+02  0.2046E+00  0.5230E+00  0.1020E+01  0.4610E-01  0.3880E-01  0.0000E+00  0.0000E+00
  0.3875E+02  0.2178E+00  0.5240E+00  0.8890E+00  0.4230E-01  0.2880E-01  0.0000E+00  0.0000E+00
  0.3875E+02  0.2916E+00  0.5220E+00  0.2100E+00  0.2250E-01  0.8570E-02  0.0000E+00  0.0000E+00
  0.3875E+02  0.3166E+00  0.5270E+00  0.1290E+00  0.2590E-01  0.9100E-02  0.0000E+00  0.0000E+00
  0.3875E+02  0.3497E+00  0.5240E+00  0.8540E-01  0.2040E-01  0.4110E-02  0.0000E+00  0.0000E+00
  0.3875E+02  0.1154E+00  0.5720E+00  0.2260E+01  0.1430E+00  0.9910E-01  0.0000E+00  0.0000E+00
  0.3875E+02  0.1283E+00  0.5740E+00  0.1830E+01  0.8820E-01  0.6840E-01  0.0000E+00  0.0000E+00
  0.3875E+02  0.1406E+00  0.5740E+00  0.1580E+01  0.6650E-01  0.4730E-01  0.0000E+00  0.0000E+00
  0.3875E+02  0.1535E+00  0.5740E+00  0.1350E+01  0.5110E-01  0.2930E-01  0.0000E+00  0.0000E+00
  0.3875E+02  0.1662E+00  0.5730E+00  0.1120E+01  0.4490E-01  0.2370E-01  0.0000E+00  0.0000E+00
  0.3875E+02  0.1791E+00  0.5720E+00  0.1000E+01  0.4170E-01  0.2320E-01  0.0000E+00  0.0000E+00
  0.3875E+02  0.1920E+00  0.5730E+00  0.8110E+00  0.3690E-01  0.1860E-01  0.0000E+00  0.0000E+00
  0.3875E+02  0.2046E+00  0.5730E+00  0.7100E+00  0.3710E-01  0.2220E-01  0.0000E+00  0.0000E+00
  0.3875E+02  0.2178E+00  0.5730E+00  0.6460E+00  0.3600E-01  0.2110E-01  0.0000E+00  0.0000E+00
  0.3875E+02  0.2906E+00  0.5740E+00  0.1550E+00  0.1800E-01  0.2250E-02  0.0000E+00  0.0000E+00
  0.3875E+02  0.3187E+00  0.5740E+00  0.1170E+00  0.2060E-01  0.5930E-02  0.0000E+00  0.0000E+00
  0.3875E+02  0.3486E+00  0.5720E+00  0.6560E-01  0.1860E-01  0.9190E-02  0.0000E+00  0.0000E+00
  0.3875E+02  0.3920E+00  0.5970E+00  0.7240E-02  0.7240E-02  0.2560E-02  0.0000E+00  0.0000E+00
  0.3875E+02  0.1156E+00  0.6240E+00  0.1180E+01  0.1030E+00  0.8060E-01  0.0000E+00  0.0000E+00
  0.3875E+02  0.1280E+00  0.6230E+00  0.1120E+01  0.7090E-01  0.6970E-01  0.0000E+00  0.0000E+00
  0.3875E+02  0.1412E+00  0.6240E+00  0.9010E+00  0.4740E-01  0.5850E-01  0.0000E+00  0.0000E+00
  0.3875E+02  0.1538E+00  0.6220E+00  0.8110E+00  0.4470E-01  0.4900E-01  0.0000E+00  0.0000E+00
  0.3875E+02  0.1665E+00  0.6230E+00  0.6760E+00  0.3540E-01  0.4400E-01  0.0000E+00  0.0000E+00
  0.3875E+02  0.1791E+00  0.6220E+00  0.6070E+00  0.3400E-01  0.3530E-01  0.0000E+00  0.0000E+00
  0.3875E+02  0.1920E+00  0.6240E+00  0.4670E+00  0.3290E-01  0.2930E-01  0.0000E+00  0.0000E+00
  0.3875E+02  0.2054E+00  0.6220E+00  0.4500E+00  0.3400E-01  0.2630E-01  0.0000E+00  0.0000E+00
  0.3875E+02  0.2181E+00  0.6250E+00  0.3650E+00  0.2890E-01  0.2100E-01  0.0000E+00  0.0000E+00
  0.3875E+02  0.2911E+00  0.6210E+00  0.9980E-01  0.1490E-01  0.6060E-02  0.0000E+00  0.0000E+00
  0.3875E+02  0.3182E+00  0.6210E+00  0.8460E-01  0.1690E-01  0.7920E-02  0.0000E+00  0.0000E+00
  0.3875E+02  0.3453E+00  0.6220E+00  0.3040E-01  0.7620E-02  0.2370E-02  0.0000E+00  0.0000E+00
  0.3875E+02  0.4101E+00  0.6230E+00  0.4900E-01  0.4900E-01  0.1870E+00  0.0000E+00  0.0000E+00
  0.3875E+02  0.1156E+00  0.6690E+00  0.6090E+00  0.7330E-01  0.6310E-01  0.0000E+00  0.0000E+00
  0.3875E+02  0.1280E+00  0.6700E+00  0.6440E+00  0.4930E-01  0.4580E-01  0.0000E+00  0.0000E+00
  0.3875E+02  0.1412E+00  0.6730E+00  0.5920E+00  0.4150E-01  0.4150E-01  0.0000E+00  0.0000E+00
  0.3875E+02  0.1538E+00  0.6730E+00  0.4680E+00  0.3060E-01  0.2870E-01  0.0000E+00  0.0000E+00
  0.3875E+02  0.1665E+00  0.6730E+00  0.4180E+00  0.3030E-01  0.2510E-01  0.0000E+00  0.0000E+00
  0.3875E+02  0.1794E+00  0.6730E+00  0.3810E+00  0.3020E-01  0.2550E-01  0.0000E+00  0.0000E+00
  0.3875E+02  0.1920E+00  0.6710E+00  0.2930E+00  0.2650E-01  0.1960E-01  0.0000E+00  0.0000E+00
  0.3875E+02  0.2046E+00  0.6710E+00  0.2550E+00  0.3320E-01  0.2040E-01  0.0000E+00  0.0000E+00
  0.3875E+02  0.2175E+00  0.6700E+00  0.2000E+00  0.2180E-01  0.1400E-01  0.0000E+00  0.0000E+00
  0.3875E+02  0.2924E+00  0.6740E+00  0.5250E-01  0.1530E-01  0.4470E-02  0.0000E+00  0.0000E+00
  0.3875E+02  0.3164E+00  0.6750E+00  0.4600E-01  0.1400E-01  0.5580E-02  0.0000E+00  0.0000E+00
  0.3875E+02  0.3489E+00  0.6790E+00  0.2110E-01  0.8970E-02  0.6260E-02  0.0000E+00  0.0000E+00
  0.3875E+02  0.1161E+00  0.7210E+00  0.3720E+00  0.6710E-01  0.4250E-01  0.0000E+00  0.0000E+00
  0.3875E+02  0.1280E+00  0.7220E+00  0.3290E+00  0.4080E-01  0.2680E-01  0.0000E+00  0.0000E+00
  0.3875E+02  0.1412E+00  0.7220E+00  0.2160E+00  0.2280E-01  0.1540E-01  0.0000E+00  0.0000E+00
  0.3875E+02  0.1533E+00  0.7230E+00  0.2400E+00  0.3280E-01  0.1920E-01  0.0000E+00  0.0000E+00
  0.3875E+02  0.1659E+00  0.7230E+00  0.1960E+00  0.2950E-01  0.2040E-01  0.0000E+00  0.0000E+00
  0.3875E+02  0.1794E+00  0.7220E+00  0.1760E+00  0.1900E-01  0.1240E-01  0.0000E+00  0.0000E+00
  0.3875E+02  0.1923E+00  0.7220E+00  0.1410E+00  0.1870E-01  0.1070E-01  0.0000E+00  0.0000E+00
  0.3875E+02  0.2046E+00  0.7210E+00  0.1040E+00  0.1480E-01  0.7440E-02  0.0000E+00  0.0000E+00
  0.3875E+02  0.2173E+00  0.7220E+00  0.8640E-01  0.1430E-01  0.6650E-02  0.0000E+00  0.0000E+00
  0.3875E+02  0.2911E+00  0.7190E+00  0.3250E-01  0.8090E-02  0.4290E-02  0.0000E+00  0.0000E+00
  0.3875E+02  0.3161E+00  0.7330E+00  0.3440E-01  0.1480E-01  0.3650E-02  0.0000E+00  0.0000E+00
  0.3875E+02  0.3530E+00  0.7170E+00  0.5170E-02  0.5170E-02  0.1880E-02  0.0000E+00  0.0000E+00
  0.3875E+02  0.1154E+00  0.7770E+00  0.1960E+00  0.6860E-01  0.2750E-01  0.0000E+00  0.0000E+00
  0.3875E+02  0.1277E+00  0.7730E+00  0.1580E+00  0.2920E-01  0.1620E-01  0.0000E+00  0.0000E+00
  0.3875E+02  0.1404E+00  0.7690E+00  0.1060E+00  0.1680E-01  0.8340E-02  0.0000E+00  0.0000E+00
  0.3875E+02  0.1543E+00  0.7700E+00  0.1240E+00  0.2540E-01  0.1040E-01  0.0000E+00  0.0000E+00
  0.3875E+02  0.1665E+00  0.7720E+00  0.1320E+00  0.5480E-01  0.1120E-01  0.0000E+00  0.0000E+00
  0.3875E+02  0.1786E+00  0.7690E+00  0.8360E-01  0.1250E-01  0.7720E-02  0.0000E+00  0.0000E+00
  0.3875E+02  0.1928E+00  0.7690E+00  0.5150E-01  0.1130E-01  0.6050E-02  0.0000E+00  0.0000E+00
  0.3875E+02  0.2034E+00  0.7690E+00  0.6660E-01  0.1480E-01  0.7490E-02  0.0000E+00  0.0000E+00
  0.3875E+02  0.2178E+00  0.7750E+00  0.3470E-01  0.1100E-01  0.2320E-02  0.0000E+00  0.0000E+00
  0.3875E+02  0.2916E+00  0.7700E+00  0.1420E-01  0.6490E-02  0.2920E-02  0.0000E+00  0.0000E+00
  0.3875E+02  0.3174E+00  0.7650E+00  0.2170E-01  0.1250E-01  0.3520E-02  0.0000E+00  0.0000E+00
  0.3875E+02  0.3507E+00  0.7730E+00  0.1140E-01  0.1140E-01  0.4270E-02  0.0000E+00  0.0000E+00
