 E866 Sig(pd)/2Sig(pp)
 R.S. Towell et al., Phys.Rev. D64, 052002 (2001)
 comment: 800 GeV beam 
 0.0   0  : norm unc number of correlated errors
    root(s)        <M>        <x_F>       Sigma       stat err    syst err    dummy1      dummy2
  0.3880E+02  4.6000E+00  0.5340E+00  1.0380E+00  0.2200E-01  0.1038E-01  0.0000E+00  0.0000E+00     
  0.3880E+02  5.1000E+00  0.4150E+00  1.0560E+00  0.1100E-01  0.1056E-01  0.0000E+00  0.0000E+00
  0.3880E+02  5.6000E+00  0.3560E+00  1.0810E+00  0.1000E-01  0.1081E-01  0.0000E+00  0.0000E+00
  0.3880E+02  6.2000E+00  0.3260E+00  1.0860E+00  0.1100E-01  0.1086E-01  0.0000E+00  0.0000E+00
  0.3880E+02  6.8000E+00  0.2960E+00  1.1180E+00  0.1300E-01  0.1118E-01  0.0000E+00  0.0000E+00
  0.3880E+02  7.2000E+00  0.2610E+00  1.1160E+00  0.1500E-01  0.1116E-01  0.0000E+00  0.0000E+00
  0.3880E+02  7.5000E+00  0.2270E+00  1.1150E+00  0.1800E-01  0.1115E-01  0.0000E+00  0.0000E+00
  0.3880E+02  7.8000E+00  0.1990E+00  1.1610E+00  0.2300E-01  0.1161E-01  0.0000E+00  0.0000E+00
  0.3880E+02  8.2000E+00  0.1820E+00  1.1320E+00  0.2700E-01  0.1132E-01  0.0000E+00  0.0000E+00
  0.3880E+02  8.7000E+00  0.1640E+00  1.1240E+00  0.2700E-01  0.1124E-01  0.0000E+00  0.0000E+00
  0.3880E+02  9.5000E+00  0.1460E+00  1.1440E+00  0.3800E-01  0.1144E-01  0.0000E+00  0.0000E+00
  0.3880E+02  1.0300E+01  0.1330E+00  1.0910E+00  0.4700E-01  0.1091E-01  0.0000E+00  0.0000E+00
  0.3880E+02  1.1100E+01  0.1200E+00  1.0390E+00  0.6300E-01  0.1039E-01  0.0000E+00  0.0000E+00
  0.3880E+02  1.2000E+01  0.0970E+00  0.9350E+00  0.6700E-01  0.9350E-02  0.0000E+00  0.0000E+00
  0.3880E+02  1.2900E+01  0.0460E+00  0.7290E+00  0.1240E+00  0.7290E-02  0.0000E+00  0.0000E+00
