E866 final: hep-ex/0103030
Source: Table XI
Ratio: sigma(pd)/2*sigma(pp);
0.01   :
  SqRts  X2       XF        Ratio   StatErr SysErr  Kf-ms  Kf-dis
 38.76   0.026    0.534     1.038    0.022    0.010  1.0  1.0
 38.76   0.038    0.415     1.056    0.011    0.010  1.0  1.0
 38.76   0.052    0.356     1.081    0.010    0.010  1.0  1.0
 38.76   0.067    0.326     1.086    0.011    0.010  1.0  1.0
 38.76   0.082    0.296     1.118    0.013    0.010  1.0  1.0
 38.76   0.097    0.261     1.116    0.015    0.010  1.0  1.0
 38.76   0.112    0.227     1.115    0.018    0.010  1.0  1.0
 38.76   0.127    0.199     1.161    0.023    0.010  1.0  1.0
 38.76   0.142    0.182     1.132    0.027    0.010  1.0  1.0
 38.76   0.161    0.164     1.124    0.027    0.010  1.0  1.0
 38.76   0.186    0.146     1.144    0.038    0.010  1.0  1.0
 38.76   0.211    0.133     1.091    0.047    0.010  1.0  1.0
 38.76   0.236    0.120     1.039    0.063    0.010  1.0  1.0
 38.76   0.269    0.097     0.935    0.067    0.010  1.0  1.0
 38.76   0.315    0.046     0.729    0.124    0.010  1.0  1.0

