EIC-PVDIS-15-250
projections by Yuxian Zhao
* comment
0.00 0 : norm error, # corr errors
Q2       x            y         A         stat        sys         dum dum
1.07039  9.4357e-05   0.756885  0.50134   0.294741    0.0025067   1.0 1.0
1.62613  0.000213452  0.532265  0.49844   0.0347338   0.0024922   1.0 1.0
1.81667  0.000577174  0.230631  0.494949  0.0294468   0.00247474  1.0 1.0
2.17633  0.00120878   0.121167  0.489169  0.10046     0.00244585  1.0 1.0
2.9382   0.0002784    0.706341  0.486686  0.0844644   0.00243343  1.0 1.0
4.28556  0.000646508  0.472707  0.479908  0.0182867   0.00239954  1.0 1.0
4.69309  0.00175761   0.193385  0.476728  0.0168102   0.00238364  1.0 1.0
5.78132  0.00349427   0.110583  0.473395  0.0964218   0.00236697  1.0 1.0
8.19484  0.000828606  0.664802  0.473408  0.0267756   0.00236704  1.0 1.0
10.9518  0.00192978   0.414988  0.471288  0.00962868  0.00235644  1.0 1.0
11.9958  0.0051307    0.165864  0.470103  0.0114074   0.00235051  1.0 1.0
15.5599  0.0101868    0.101839  0.468809  0.296446    0.00234405  1.0 1.0
23.3337  0.00245927   0.640946  0.471391  0.0105567   0.00235696  1.0 1.0
27.7932  0.00590836   0.349174  0.472218  0.00588487  0.00236109  1.0 1.0
30.8451  0.0144572    0.147462  0.470903  0.00995653  0.00235452  1.0 1.0
39.8968  0.00315482   0.843085  0.477665  1.82606     0.00238833  1.0 1.0
63.4342  0.00703874   0.620509  0.480128  0.00503905  0.00240064  1.0 1.0
69.8122  0.0183582    0.281409  0.475827  0.00400234  0.00237914  1.0 1.0
81.0133  0.0414302    0.132916  0.466007  0.00948418  0.00233004  1.0 1.0
114.94   0.00904424   0.848578  0.484796  0.0126021   0.00242398  1.0 1.0
168.288  0.0193911    0.623297  0.483083  0.00276218  0.00241542  1.0 1.0
177.625  0.0562558    0.231291  0.464071  0.00303813  0.00232035  1.0 1.0
214.982  0.119422     0.12103   0.436716  0.0114561   0.00218358  1.0 1.0
329.374  0.0255467    0.866819  0.487482  0.00376327  0.00243741  1.0 1.0
433.911  0.058226     0.54985   0.47367   0.00197564  0.00236835  1.0 1.0
452.449  0.163346     0.19879   0.427102  0.00288914  0.00213551  1.0 1.0
574.583  0.347263     0.110541  0.381922  0.0249841   0.00190961  1.0 1.0
912.984  0.0751157    0.823126  0.478769  0.00217591  0.00239385  1.0 1.0
1098.96  0.174279     0.466568  0.438406  0.00157503  0.00219203  1.0 1.0
1127.37  0.409174     0.189484  0.378687  0.00507045  0.00189344  1.0 1.0
2414.62  0.21714      0.763227  0.443068  0.00145245  0.00221534  1.0 1.0
2794.65  0.416121     0.465935  0.395273  0.00231441  0.00197636  1.0 1.0
4250.13  0.293703     0.965185  0.434828  0.00809232  0.00217414  1.0 1.0
5459.51  0.449781     0.821112  0.410271  0.00214312  0.00205136  1.0 1.0




