EIC-PVDIS-15-250 - CJ15 central values
kinematics and rel errors by Yuxian Zhao
* comment
0.00 0 : norm error, # corr errors
Q2	x		y	A_CJ15		stat_CJ15	syst_CJ15	dum	dum
1.82	5.772E-04	0.2306	4.703E-01	2.765E-01	2.352E-03	1.0	1.0
2.18	1.209E-03	0.1212	4.616E-01	3.217E-02	2.308E-03	1.0	1.0
2.94	2.784E-04	0.7063	4.619E-01	2.748E-02	2.309E-03	1.0	1.0
4.29	6.465E-04	0.4727	4.558E-01	9.360E-02	2.279E-03	1.0	1.0
4.69	1.758E-03	0.1934	4.528E-01	7.858E-02	2.264E-03	1.0	1.0
5.78	3.494E-03	0.1106	4.505E-01	1.717E-02	2.253E-03	1.0	1.0
8.19	8.286E-04	0.6648	4.538E-01	1.600E-02	2.269E-03	1.0	1.0
10.95	1.930E-03	0.4150	4.523E-01	9.213E-02	2.262E-03	1.0	1.0
12.00	5.131E-03	0.1659	4.508E-01	2.550E-02	2.254E-03	1.0	1.0
15.56	1.019E-02	0.1018	4.492E-01	9.177E-03	2.246E-03	1.0	1.0
23.33	2.459E-03	0.6409	4.542E-01	1.102E-02	2.271E-03	1.0	1.0
27.79	5.908E-03	0.3492	4.536E-01	2.868E-01	2.268E-03	1.0	1.0
30.85	1.446E-02	0.1475	4.498E-01	1.007E-02	2.249E-03	1.0	1.0
39.90	3.155E-03	0.8431	4.577E-01	5.704E-03	2.288E-03	1.0	1.0
63.43	7.039E-03	0.6205	4.587E-01	9.699E-03	2.294E-03	1.0	1.0
69.81	1.836E-02	0.2814	4.529E-01	1.732E+00	2.265E-03	1.0	1.0
81.01	4.143E-02	0.1329	4.422E-01	4.640E-03	2.211E-03	1.0	1.0
114.94	9.044E-03	0.8486	4.625E-01	3.890E-03	2.313E-03	1.0	1.0
168.29	1.939E-02	0.6233	4.613E-01	9.388E-03	2.306E-03	1.0	1.0
177.63	5.626E-02	0.2313	4.414E-01	1.147E-02	2.207E-03	1.0	1.0
214.98	1.194E-01	0.1210	4.179E-01	2.389E-03	2.090E-03	1.0	1.0
329.37	2.555E-02	0.8668	4.653E-01	3.046E-03	2.327E-03	1.0	1.0
433.91	5.823E-02	0.5499	4.537E-01	1.190E-02	2.269E-03	1.0	1.0
452.45	1.633E-01	0.1988	4.080E-01	3.149E-03	2.040E-03	1.0	1.0
574.58	3.473E-01	0.1105	3.655E-01	1.524E-03	1.827E-03	1.0	1.0
912.98	7.512E-02	0.8231	4.601E-01	3.112E-03	2.301E-03	1.0	1.0
1098.96	1.743E-01	0.4666	4.208E-01	2.753E-02	2.104E-03	1.0	1.0
1127.37	4.092E-01	0.1895	3.606E-01	1.639E-03	1.803E-03	1.0	1.0
2414.62	2.171E-01	0.7632	4.282E-01	1.538E-03	2.141E-03	1.0	1.0
2794.65	4.161E-01	0.4659	3.789E-01	5.073E-03	1.894E-03	1.0	1.0
4250.13	2.937E-01	0.9652	4.213E-01	1.381E-03	2.107E-03	1.0	1.0
5459.51	4.498E-01	0.8211	3.953E-01	2.315E-03	1.976E-03	1.0	1.0