H1 F2 98/99 data (DESY 00-187)
*  H1 data of 98/99, Luminosity = 16.4 pb-1
*  DESY 00-181
0.018   5  : normalization error, #_of_correlated_sys.err
     x         Q^2        F2          R    StatErr    TotSysErr  UncorSErr  SysD1  SysD2  SysD3  SysD4  SysD5
  3.200E-03  1.500E+02  1.253E+00     1.0  3.383E-02  4.737E-02  3.759E-02   0.10  -1.80   1.30   0.10  -0.70
  3.200E-03  2.000E+02  1.344E+00     1.0  5.510E-02  6.109E-02  4.704E-02  -1.00  -2.50   0.50   0.20  -0.90
  5.000E-03  1.500E+02  1.164E+00     1.0  3.259E-02  3.904E-02  3.492E-02   0.40   1.40   0.30   0.20  -0.10
  5.000E-03  2.000E+02  1.125E+00     1.0  3.150E-02  4.033E-02  3.488E-02  -0.50  -1.00   1.40   0.20  -0.30
  5.000E-03  2.500E+02  1.154E+00     1.0  4.039E-02  4.642E-02  3.808E-02   0.60  -1.70   1.30   0.20  -0.50
  5.000E-03  3.000E+02  1.202E+00     1.0  6.731E-02  5.442E-02  4.688E-02   0.40  -2.20   0.20   0.10  -0.60
  8.000E-03  1.500E+02  9.690E-01     1.0  3.973E-02  7.894E-02  5.233E-02  -1.60   5.90  -0.70   0.10   0.00
  8.000E-03  2.000E+02  9.180E-01     1.0  2.754E-02  3.052E-02  2.938E-02   0.40  -0.60   0.40  -0.20  -0.10
  8.000E-03  2.500E+02  1.027E+00     1.0  3.286E-02  4.320E-02  3.800E-02  -0.80  -1.60   0.80   0.10   0.00
  8.000E-03  3.000E+02  1.036E+00     1.0  3.730E-02  3.755E-02  3.419E-02  -0.60  -0.80   1.10   0.10  -0.10
  8.000E-03  4.000E+02  1.109E+00     1.0  4.990E-02  4.585E-02  3.882E-02   0.30  -1.80   1.30   0.10  -0.20
  8.000E-03  5.000E+02  1.080E+00     1.0  8.424E-02  5.417E-02  4.968E-02  -0.80  -1.60   0.90  -0.20  -0.50
  1.300E-02  2.000E+02  8.590E-01     1.0  2.749E-02  2.988E-02  2.835E-02  -0.30   0.80  -0.60   0.40   0.00
  1.300E-02  2.500E+02  8.250E-01     1.0  2.805E-02  3.727E-02  3.300E-02   0.60  -2.00   0.30   0.30   0.00
  1.300E-02  3.000E+02  8.780E-01     1.0  3.336E-02  3.259E-02  2.897E-02  -0.30  -1.50   0.70   0.20   0.00
  1.300E-02  4.000E+02  8.980E-01     1.0  3.861E-02  3.238E-02  3.053E-02   0.70  -0.80   0.60   0.20   0.00
  1.300E-02  5.000E+02  1.006E+00     1.0  5.131E-02  4.555E-02  3.923E-02   0.60  -2.10   1.00   0.20  -0.10
  1.300E-02  6.500E+02  9.950E-01     1.0  5.970E-02  4.128E-02  3.980E-02  -0.40  -0.30   0.90   0.10  -0.20
  1.300E-02  8.000E+02  8.540E-01     1.0  8.711E-02  4.927E-02  4.441E-02   1.30  -2.20  -0.30   0.00  -0.20
  1.300E-02  1.000E+03  7.950E-01     1.0  9.143E-02  5.481E-02  5.168E-02  -0.70  -0.80  -1.50  -0.20  -1.50
  2.000E-02  2.000E+02  6.760E-01     1.0  2.569E-02  3.619E-02  3.042E-02  -1.20   2.60  -0.40   0.10   0.00
  2.000E-02  2.500E+02  6.890E-01     1.0  2.412E-02  2.773E-02  2.480E-02   0.60  -1.70  -0.20   0.50   0.00
  2.000E-02  3.000E+02  7.330E-01     1.0  2.932E-02  3.148E-02  2.859E-02   0.90  -1.50  -0.10   0.30  -0.10
  2.000E-02  4.000E+02  7.290E-01     1.0  3.281E-02  2.675E-02  2.552E-02   0.20  -0.90  -0.50   0.20   0.00
  2.000E-02  5.000E+02  7.610E-01     1.0  3.881E-02  3.644E-02  3.196E-02   0.90  -1.90   0.80   0.20   0.00
  2.000E-02  6.500E+02  7.850E-01     1.0  4.945E-02  3.501E-02  3.297E-02   0.60  -0.90   1.00  -0.30   0.00
  2.000E-02  8.000E+02  7.990E-01     1.0  5.753E-02  3.918E-02  3.675E-02   1.10   1.10   0.50   0.00  -0.50
  2.000E-02  1.000E+03  7.780E-01     1.0  6.146E-02  3.657E-02  3.345E-02   1.00  -0.90   1.30   0.10  -0.20
  2.000E-02  1.200E+03  8.290E-01     1.0  7.544E-02  3.337E-02  2.984E-02  -0.60  -0.90   1.30   0.00  -0.60
  2.000E-02  1.500E+03  8.500E-01     1.0  1.054E-01  4.577E-02  4.420E-02  -0.80  -0.40  -0.40  -0.20  -1.00
  3.200E-02  2.000E+02  5.560E-01     1.0  2.502E-02  4.118E-02  3.392E-02  -2.00   3.50  -1.10   0.30   0.00
  3.200E-02  2.500E+02  5.670E-01     1.0  2.155E-02  2.658E-02  2.211E-02   1.00  -2.20  -0.90  -0.30   0.00
  3.200E-02  3.000E+02  6.030E-01     1.0  2.533E-02  2.463E-02  2.291E-02   0.70  -1.30  -0.20   0.30   0.00
  3.200E-02  4.000E+02  5.570E-01     1.0  2.674E-02  2.132E-02  2.005E-02   0.60  -1.10   0.50   0.10  -0.10
  3.200E-02  5.000E+02  6.000E-01     1.0  3.180E-02  2.729E-02  2.280E-02   1.30  -2.00   0.20   0.50   0.00
  3.200E-02  6.500E+02  6.770E-01     1.0  4.130E-02  2.917E-02  2.708E-02   0.50  -1.40   0.60   0.30   0.00
  3.200E-02  8.000E+02  7.090E-01     1.0  5.034E-02  3.526E-02  3.403E-02   0.80  -0.20   1.10   0.20   0.00
  3.200E-02  1.000E+03  5.600E-01     1.0  5.040E-02  2.462E-02  2.352E-02   0.40  -0.80   0.90   0.20  -0.10
  3.200E-02  1.200E+03  6.980E-01     1.0  6.422E-02  2.561E-02  2.443E-02   0.30  -0.60   0.90   0.10   0.00
  3.200E-02  1.500E+03  6.750E-01     1.0  7.020E-02  3.147E-02  2.902E-02  -0.60  -0.60   1.60   0.20  -0.10
  3.200E-02  2.000E+03  7.470E-01     1.0  8.292E-02  3.274E-02  2.913E-02   0.30  -1.30   1.50   0.00  -0.50
  5.000E-02  2.000E+02  5.050E-01     1.0  2.626E-02  4.233E-02  3.434E-02  -1.60   4.50  -0.60  -1.10   0.00
  5.000E-02  2.500E+02  4.920E-01     1.0  2.116E-02  1.809E-02  1.673E-02  -0.20  -1.10  -0.60   0.60   0.00
  5.000E-02  3.000E+02  5.070E-01     1.0  2.281E-02  2.562E-02  2.281E-02   1.00  -2.00   0.20   0.60   0.00
  5.000E-02  4.000E+02  5.110E-01     1.0  2.555E-02  1.909E-02  1.840E-02   0.40   0.60  -0.60   0.40   0.00
  5.000E-02  5.000E+02  5.130E-01     1.0  2.873E-02  2.077E-02  1.949E-02   0.50  -1.20  -0.20   0.50   0.00
  5.000E-02  6.500E+02  5.320E-01     1.0  3.458E-02  2.792E-02  2.394E-02   1.90  -1.80   0.20   0.50   0.00
  5.000E-02  8.000E+02  5.770E-01     1.0  4.270E-02  2.580E-02  2.539E-02  -0.30   0.10  -0.60   0.30   0.00
  5.000E-02  1.000E+03  5.640E-01     1.0  4.738E-02  2.534E-02  2.425E-02   0.10  -1.00   0.50   0.50   0.00
  5.000E-02  1.200E+03  6.240E-01     1.0  5.803E-02  2.227E-02  2.184E-02  -0.10  -0.30   0.60   0.20   0.00
  5.000E-02  1.500E+03  4.920E-01     1.0  5.756E-02  1.766E-02  1.722E-02   0.40  -0.60   0.40   0.10   0.00
  5.000E-02  2.000E+03  5.570E-01     1.0  7.241E-02  2.765E-02  2.451E-02   1.30  -1.40   1.20   0.20   0.00
  5.000E-02  3.000E+03  5.300E-01     1.0  5.618E-02  3.391E-02  3.074E-02   0.60   0.20   1.90   0.20  -1.70
  8.000E-02  2.000E+02  4.060E-01     1.0  2.395E-02  4.413E-02  3.410E-02  -3.00   6.20   0.40   1.00   0.00
  8.000E-02  2.500E+02  4.060E-01     1.0  1.908E-02  1.562E-02  1.421E-02  -0.60  -0.40   0.30   1.40   0.00
  8.000E-02  3.000E+02  3.890E-01     1.0  2.023E-02  1.775E-02  1.595E-02   0.90  -1.70  -0.30   0.50   0.00
  8.000E-02  4.000E+02  4.270E-01     1.0  2.348E-02  1.854E-02  1.623E-02   1.50  -1.20  -0.10   0.80   0.00
  8.000E-02  5.000E+02  3.890E-01     1.0  2.490E-02  2.540E-02  2.256E-02   2.00  -2.00  -0.80  -0.30   0.00
  8.000E-02  6.500E+02  4.310E-01     1.0  3.060E-02  2.536E-02  2.155E-02   2.20  -1.60  -1.20  -0.30   0.00
  8.000E-02  8.000E+02  5.100E-01     1.0  3.978E-02  2.629E-02  2.499E-02   1.10   0.60  -1.00   0.40   0.00
  8.000E-02  1.000E+03  4.400E-01     1.0  4.092E-02  2.483E-02  2.156E-02   2.30  -1.10  -1.00  -0.30   0.00
  8.000E-02  1.200E+03  4.030E-01     1.0  4.312E-02  1.391E-02  1.370E-02   0.40  -0.20   0.20   0.30   0.00
  8.000E-02  1.500E+03  4.900E-01     1.0  5.390E-02  1.984E-02  1.862E-02   0.70  -1.10   0.40   0.20   0.00
  8.000E-02  2.000E+03  5.440E-01     1.0  6.691E-02  2.324E-02  2.176E-02   1.30  -0.80   0.30   0.10   0.00
  8.000E-02  3.000E+03  4.890E-01     1.0  5.330E-02  2.196E-02  2.152E-02  -0.30  -0.20   0.80   0.10   0.00
  8.000E-02  5.000E+03  5.450E-01     1.0  5.777E-02  2.634E-02  2.398E-02   0.40  -0.70   1.80   0.10  -0.30
  1.300E-01  2.500E+02  3.100E-01     1.0  1.643E-02  1.802E-02  1.612E-02   1.60  -0.90  -1.40  -1.30   0.00
  1.300E-01  3.000E+02  3.310E-01     1.0  1.787E-02  2.324E-02  2.218E-02   1.10  -1.60  -0.70  -0.40   0.00
  1.300E-01  4.000E+02  3.510E-01     1.0  1.966E-02  1.727E-02  1.544E-02   1.50  -1.40  -0.70  -0.10   0.00
  1.300E-01  5.000E+02  3.610E-01     1.0  2.599E-02  1.772E-02  1.480E-02   0.50  -1.70  -0.50   2.00   0.00
  1.300E-01  6.500E+02  3.390E-01     1.0  2.983E-02  1.990E-02  1.831E-02   1.50  -0.60   1.00   1.20   0.00
  1.300E-01  8.000E+02  4.060E-01     1.0  4.060E-02  2.519E-02  2.355E-02   1.50  -1.40  -0.50   0.50   0.00
  1.300E-01  1.000E+03  4.820E-01     1.0  4.965E-02  2.578E-02  2.410E-02  -1.30  -1.40   0.40   0.30   0.00
  1.300E-01  1.200E+03  3.750E-01     1.0  4.725E-02  1.674E-02  1.613E-02   1.00   0.30  -0.30  -0.50   0.00
  1.300E-01  1.500E+03  3.760E-01     1.0  5.226E-02  1.892E-02  1.767E-02   1.60  -0.70   0.40  -0.20   0.00
  1.300E-01  2.000E+03  2.120E-01     1.0  4.240E-02  9.855E-03  9.328E-03  -1.00  -0.90  -0.60  -0.40   0.00
  1.300E-01  3.000E+03  4.160E-01     1.0  5.158E-02  1.675E-02  1.622E-02  -0.80  -0.40  -0.50   0.20   0.00
  1.300E-01  5.000E+03  4.280E-01     1.0  5.607E-02  2.275E-02  2.226E-02   0.30   0.50   0.90   0.10   0.00
  1.300E-01  8.000E+03  4.850E-01     1.0  7.760E-02  3.145E-02  3.007E-02   1.40  -0.20   1.30   0.30  -0.30
  1.800E-01  5.000E+02  2.810E-01     1.0  2.304E-02  2.277E-02  1.855E-02   3.50  -2.10  -1.60  -1.50   0.00
  1.800E-01  6.500E+02  3.270E-01     1.0  2.976E-02  2.458E-02  2.224E-02   2.10  -1.60  -1.70  -0.50   0.00
  1.800E-01  8.000E+02  2.980E-01     1.0  3.457E-02  2.015E-02  1.848E-02   1.90  -1.40  -0.90   0.80   0.00
  1.800E-01  1.000E+03  2.450E-01     1.0  3.308E-02  1.380E-02  1.323E-02   1.20  -0.80  -0.30  -0.40   0.00
  1.800E-01  1.200E+03  3.330E-01     1.0  4.529E-02  1.742E-02  1.565E-02   1.90  -0.70  -0.90   0.60   0.00
  1.800E-01  1.500E+03  2.510E-01     1.0  4.669E-02  1.090E-02  1.054E-02  -0.90  -0.40   0.30   0.50   0.00
  1.800E-01  2.000E+03  2.360E-01     1.0  5.168E-02  1.479E-02  1.345E-02   2.20   0.80   0.90   0.80   0.00
  1.800E-01  3.000E+03  3.150E-01     1.0  4.820E-02  1.606E-02  1.449E-02   1.90  -1.00   0.30   0.20   0.00
  1.800E-01  5.000E+03  3.640E-01     1.0  5.096E-02  1.885E-02  1.856E-02  -0.70  -0.50   0.30  -0.30   0.00
  1.800E-01  8.000E+03  2.720E-01     1.0  5.549E-02  1.571E-02  1.442E-02  -1.00  -1.60   1.40   0.10   0.00
  1.800E-01  1.200E+04  2.770E-01     1.0  7.701E-02  2.104E-02  1.967E-02   1.60  -1.80  -1.20  -0.30  -0.10
  2.500E-01  2.500E+02  2.240E-01     1.0  1.680E-02  2.134E-02  1.926E-02   2.40  -1.50  -1.80  -2.30   0.00
  2.500E-01  3.000E+02  2.770E-01     1.0  1.911E-02  2.989E-02  2.604E-02   3.10  -2.60  -2.10  -2.70   0.00
  2.500E-01  4.000E+02  2.390E-01     1.0  1.816E-02  1.775E-02  1.601E-02   2.10  -0.80  -1.60  -1.60   0.00
  2.500E-01  5.000E+02  2.530E-01     1.0  2.656E-02  2.411E-02  2.125E-02   3.30  -2.40  -1.60  -1.10   0.00
  2.500E-01  6.500E+02  2.490E-01     1.0  2.963E-02  2.629E-02  2.316E-02   3.60  -1.10  -2.10  -2.70   0.00
  2.500E-01  8.000E+02  2.100E-01     1.0  2.961E-02  1.728E-02  1.617E-02   2.00  -0.90  -1.00  -1.50   0.00
  2.500E-01  1.000E+03  3.060E-01     1.0  3.978E-02  2.819E-02  2.509E-02   2.70  -2.20  -2.00   1.00   0.00
  2.500E-01  1.200E+03  2.460E-01     1.0  3.887E-02  1.728E-02  1.574E-02   2.60  -1.10  -0.50   0.20   0.00
  2.500E-01  1.500E+03  1.910E-01     1.0  3.744E-02  1.469E-02  1.318E-02   2.90  -0.40  -1.70  -0.30   0.00
  2.500E-01  2.000E+03  1.880E-01     1.0  4.211E-02  1.270E-02  1.147E-02   2.60  -1.20  -0.20  -0.60   0.00
  2.500E-01  3.000E+03  2.350E-01     1.0  4.183E-02  1.651E-02  1.504E-02   2.70   0.30  -0.60   0.60   0.00
  2.500E-01  5.000E+03  3.060E-01     1.0  5.324E-02  3.219E-02  2.938E-02   3.70   1.50  -1.70   0.10   0.00
  2.500E-01  8.000E+03  2.190E-01     1.0  4.774E-02  1.793E-02  1.621E-02   2.80   2.00  -0.70  -0.20   0.00
  2.500E-01  1.200E+04  1.890E-01     1.0  5.462E-02  1.632E-02  1.550E-02  -0.70  -1.20   2.30   0.30   0.00
  2.500E-01  2.000E+04  1.740E-01     1.0  8.891E-02  1.884E-02  1.844E-02   0.70   1.80   0.70   0.00  -0.60
  4.000E-01  2.500E+02  1.380E-01     1.0  1.283E-02  9.906E-03  9.384E-03   0.40  -1.00  -0.40  -2.00   0.00
  4.000E-01  3.000E+02  1.420E-01     1.0  1.463E-02  1.397E-02  1.264E-02   2.80  -2.60  -0.80  -1.60   0.00
  4.000E-01  4.000E+02  1.430E-01     1.0  1.544E-02  1.197E-02  1.044E-02   1.90  -1.80  -1.30  -2.80   0.00
  4.000E-01  5.000E+02  1.380E-01     1.0  2.125E-02  2.087E-02  1.656E-02   7.20  -3.50  -2.30  -3.90   0.00
  4.000E-01  6.500E+02  9.000E-02     1.0  2.061E-02  8.644E-03  8.370E-03   1.90   0.90   1.20   0.20   0.00
  4.000E-01  8.000E+02  1.160E-01     1.0  2.424E-02  1.470E-02  1.346E-02   3.70  -2.20  -2.10  -1.60   0.00
  4.000E-01  1.000E+03  1.200E-01     1.0  2.748E-02  1.681E-02  1.596E-02   2.90   0.80  -1.80  -2.70   0.00
  4.000E-01  1.200E+03  1.090E-01     1.0  2.725E-02  1.301E-02  1.112E-02   4.20  -1.10  -3.20  -3.20   0.00
  4.000E-01  1.500E+03  1.420E-01     1.0  3.451E-02  1.828E-02  1.505E-02   6.00  -1.70  -3.20  -2.10   0.00
  4.000E-01  2.000E+03  1.040E-01     1.0  2.881E-02  1.052E-02  9.568E-03   3.20  -0.70  -2.00  -1.80   0.00
  4.000E-01  3.000E+03  1.200E-01     1.0  2.760E-02  1.310E-02  1.164E-02   3.70   0.20  -2.80  -1.80   0.00
  4.000E-01  5.000E+03  8.000E-02     1.0  2.528E-02  8.851E-03  8.720E-03   1.50   0.80   0.80  -0.30   0.00
  4.000E-01  8.000E+03  1.560E-01     1.0  4.321E-02  2.626E-02  2.605E-02   1.30   1.50   0.70   0.30   0.00
  4.000E-01  1.200E+04  5.800E-02     1.0  2.900E-02  1.139E-02  1.050E-02   6.30   4.30  -0.70   0.00   0.00
  4.000E-01  2.000E+04  1.030E-01     1.0  4.604E-02  1.370E-02  1.349E-02   1.40  -1.60   0.90   0.00   0.00
  4.000E-01  3.000E+04  1.250E-01     1.0  8.838E-02  2.193E-02  2.112E-02  -3.50  -2.40  -2.00   0.00   0.00
  6.500E-01  5.000E+02  2.600E-02     1.0  5.096E-03  2.839E-03  2.730E-03  -1.50  -0.80  -2.10  -1.30   0.00
  6.500E-01  8.000E+02  1.500E-02     1.0  3.270E-03  2.234E-03  1.875E-03   6.30  -3.90  -1.60  -3.10   0.00
  6.500E-01  1.500E+03  1.300E-02     1.0  4.602E-03  2.105E-03  1.885E-03   5.80  -0.30  -2.70  -3.30   0.00
  6.500E-01  5.000E+03  9.000E-03     1.0  3.690E-03  1.697E-03  1.593E-03   5.70   1.30  -2.60  -1.20   0.00
  6.500E-01  2.000E+04  9.000E-03     1.0  6.363E-03  3.323E-03  3.096E-03   9.90   8.90  -1.00   0.00   0.00
