H1 F2 96/97 data (DESY 00-181)
*  H1 data of 96/97, Luminosity = 20 pb-1
*  DESY 00-181
0.017   5  : normalization error, #_of_correlated_sys.err
     x         Q^2        F2        R      StatErr    TotSysErr  UncorSErr  SysD1  SysD2  SysD3  SysD4  SysD5
  3.200E-05  1.500E+00  8.320E-01   0.346  1.090E-02  4.469E-02  2.945E-02  -1.06  -1.23   0.83   1.55  -3.22
  5.000E-05  1.500E+00  7.520E-01   0.290  1.391E-02  3.383E-02  2.925E-02  -1.01  -0.61   0.89   1.60  -1.00
  5.000E-05  2.000E+00  8.510E-01   0.278  7.319E-03  2.887E-02  2.374E-02  -1.07  -0.86   0.17   0.12  -1.25
  5.000E-05  2.500E+00  9.090E-01   0.276  1.173E-02  3.143E-02  1.963E-02  -1.36  -1.60   0.16   0.12  -1.60
  8.000E-05  1.500E+00  7.020E-01   0.242  2.955E-02  5.248E-02  4.760E-02  -2.58  -2.15   0.57   0.93  -0.10
  8.000E-05  2.000E+00  7.480E-01   0.242  7.480E-03  2.507E-02  2.012E-02  -1.61  -1.05   0.00   0.03  -0.20
  8.000E-05  2.500E+00  8.280E-01   0.246  7.121E-03  2.021E-02  1.474E-02  -1.07  -1.07   0.05   0.08  -0.49
  8.000E-05  3.500E+00  9.640E-01   0.254  1.022E-02  2.637E-02  1.735E-02  -1.45   0.67   0.22   0.20  -1.29
  1.300E-04  2.000E+00  7.160E-01   0.209  9.523E-03  2.460E-02  2.091E-02  -1.35  -1.09   0.00   0.00  -0.05
  1.300E-04  2.500E+00  7.670E-01   0.219  6.750E-03  1.752E-02  1.204E-02  -1.46  -0.60   0.00   0.00  -0.13
  1.300E-04  3.500E+00  8.860E-01   0.233  8.151E-03  1.786E-02  1.302E-02  -0.92  -0.88   0.02   0.03  -0.22
  1.300E-04  5.000E+00  1.043E+00   0.245  1.106E-02  2.294E-02  1.752E-02  -1.02  -0.63   0.11   0.14  -0.52
  1.300E-04  6.500E+00  1.148E+00   0.252  1.814E-02  3.614E-02  1.986E-02  -1.74  -0.86   0.22   0.13  -1.68
  2.000E-04  2.000E+00  6.540E-01   0.183  7.913E-03  2.957E-02  1.942E-02  -2.68  -0.52  -2.05   0.12  -0.07
  2.000E-04  2.500E+00  6.910E-01   0.198  6.703E-03  1.972E-02  1.831E-02   0.11  -0.87  -0.47   0.32  -0.13
  2.000E-04  3.500E+00  8.260E-01   0.216  7.764E-03  1.764E-02  1.239E-02  -1.02  -1.01   0.00   0.00  -0.01
  2.000E-04  5.000E+00  9.740E-01   0.232  9.740E-03  2.012E-02  1.383E-02  -0.82  -1.15   0.00   0.01  -0.09
  2.000E-04  6.500E+00  1.092E+00   0.241  1.234E-02  2.248E-02  1.769E-02  -0.81  -0.77   0.05   0.08  -0.30
  2.000E-04  8.500E+00  1.193E+00   0.247  1.694E-02  3.049E-02  1.957E-02  -1.62  -0.11   0.13   0.15  -0.97
  3.200E-04  2.000E+00  6.260E-01   0.159  8.576E-03  2.594E-02  1.934E-02  -2.28  -0.31  -1.48  -0.37  -0.04
  3.200E-04  2.500E+00  6.380E-01   0.177  6.189E-03  1.897E-02  1.691E-02   0.08  -1.18  -0.35   0.55  -0.03
  3.200E-04  3.500E+00  7.610E-01   0.201  7.458E-03  1.809E-02  1.233E-02   1.29  -1.05  -0.24   0.45  -0.03
  3.200E-04  5.000E+00  8.900E-01   0.220  9.790E-03  1.908E-02  1.397E-02   1.14  -0.68   0.24   0.54  -0.04
  3.200E-04  6.500E+00  9.630E-01   0.230  1.117E-02  1.740E-02  1.310E-02  -0.90  -0.59   0.00   0.00  -0.02
  3.200E-04  8.500E+00  1.092E+00   0.238  1.398E-02  2.387E-02  1.649E-02  -1.38  -0.58   0.01   0.01  -0.08
  3.200E-04  1.200E+01  1.249E+00   0.245  7.119E-03  2.395E-02  2.073E-02  -0.80  -0.13   0.09   0.04  -0.51
  3.200E-04  1.500E+01  1.342E+00   0.249  9.126E-03  3.139E-02  2.563E-02  -0.82  -0.67   0.19   0.02  -0.83
  5.000E-04  2.000E+00  6.200E-01   0.139  9.238E-03  3.514E-02  2.052E-02  -4.21   1.23  -1.02   0.98  -0.02
  5.000E-04  2.500E+00  6.030E-01   0.161  6.030E-03  1.699E-02  1.616E-02  -0.11  -0.65  -0.12   0.55  -0.02
  5.000E-04  3.500E+00  7.160E-01   0.188  7.017E-03  1.792E-02  1.174E-02   1.09  -1.44   0.10   0.54  -0.03
  5.000E-04  5.000E+00  7.920E-01   0.210  8.554E-03  1.656E-02  1.243E-02   0.84  -0.93   0.28   0.51  -0.02
  5.000E-04  6.500E+00  8.770E-01   0.222  1.070E-02  2.065E-02  1.342E-02   1.47  -0.95   0.12   0.37  -0.07
  5.000E-04  8.500E+00  9.960E-01   0.231  1.315E-02  1.881E-02  1.374E-02  -0.97  -0.70   0.00   0.00  -0.01
  5.000E-04  1.200E+01  1.156E+00   0.239  7.745E-03  1.981E-02  1.642E-02  -0.96   0.09   0.00   0.00  -0.06
  5.000E-04  1.500E+01  1.247E+00   0.243  7.233E-03  2.201E-02  2.020E-02  -0.53  -0.44   0.02   0.01  -0.08
  5.000E-04  2.000E+01  1.324E+00   0.246  8.474E-03  2.483E-02  2.171E-02  -0.33  -0.77   0.12   0.04  -0.33
  5.000E-04  2.500E+01  1.417E+00   0.248  1.474E-02  3.085E-02  2.565E-02  -1.04  -0.37   0.25   0.04  -0.41
  8.000E-04  2.500E+00  5.550E-01   0.147  5.883E-03  1.619E-02  1.504E-02  -0.32  -0.70  -0.39   0.64  -0.01
  8.000E-04  3.500E+00  6.470E-01   0.178  6.535E-03  1.409E-02  1.074E-02  -0.17  -0.35   0.61   1.21   0.00
  8.000E-04  5.000E+00  7.040E-01   0.202  7.744E-03  1.558E-02  1.112E-02   1.04  -0.97   0.26   0.55  -0.01
  8.000E-04  6.500E+00  8.010E-01   0.215  9.852E-03  1.705E-02  1.226E-02   1.00  -0.81   0.41   0.58  -0.01
  8.000E-04  8.500E+00  8.940E-01   0.225  1.225E-02  1.838E-02  1.386E-02   0.99  -0.59   0.34   0.62  -0.03
  8.000E-04  1.200E+01  9.890E-01   0.233  1.543E-02  2.128E-02  1.563E-02   1.12  -0.31   0.71   0.51  -0.03
  8.000E-04  1.500E+01  1.121E+00   0.238  6.726E-03  1.766E-02  1.547E-02  -0.71  -0.26   0.00   0.00  -0.03
  8.000E-04  2.000E+01  1.190E+00   0.241  7.140E-03  2.023E-02  1.618E-02  -0.80  -0.64   0.00   0.00  -0.01
  8.000E-04  2.500E+01  1.263E+00   0.243  8.462E-03  2.311E-02  2.046E-02  -0.60  -0.60   0.04   0.02  -0.07
  8.000E-04  3.500E+01  1.405E+00   0.244  1.236E-02  2.791E-02  2.360E-02  -0.87  -0.49   0.19   0.05  -0.28
  1.000E-03  2.000E+00  5.130E-01   0.115  6.310E-03  2.228E-02  1.534E-02  -2.52   0.81  -1.59  -0.66  -0.01
  1.300E-03  3.500E+00  6.010E-01   0.173  6.190E-03  1.436E-02  1.016E-02   0.85  -1.29  -0.33   0.62  -0.01
  1.300E-03  5.000E+00  6.610E-01   0.198  7.403E-03  1.872E-02  1.064E-02   1.30  -1.56   0.22   1.12  -0.01
  1.300E-03  6.500E+00  7.080E-01   0.211  8.850E-03  1.493E-02  1.097E-02   0.86  -0.91   0.15   0.67  -0.01
  1.300E-03  8.500E+00  7.970E-01   0.222  1.116E-02  1.903E-02  1.259E-02   1.34  -1.08   0.27   0.42  -0.02
  1.300E-03  1.200E+01  8.790E-01   0.230  1.371E-02  1.479E-02  1.389E-02   0.35  -0.14   0.09   0.42  -0.01
  1.300E-03  1.500E+01  9.710E-01   0.234  6.020E-03  2.708E-02  1.379E-02   1.46   0.29   0.36   1.79   0.00
  1.300E-03  2.000E+01  1.062E+00   0.237  6.797E-03  1.780E-02  1.444E-02  -0.83  -0.51   0.00   0.00   0.00
  1.300E-03  2.500E+01  1.097E+00   0.238  7.240E-03  1.807E-02  1.492E-02  -0.64  -0.69   0.00   0.00   0.00
  1.300E-03  3.500E+01  1.195E+00   0.239  9.202E-03  1.886E-02  1.625E-02  -0.21  -0.77   0.01   0.01  -0.02
  1.300E-03  4.500E+01  1.309E+00   0.238  1.204E-02  2.246E-02  2.199E-02  -0.24  -0.23   0.11   0.03  -0.05
  1.580E-03  2.500E+00  5.160E-01   0.137  4.283E-03  1.449E-02  1.331E-02  -0.36  -0.61  -0.69   0.51   0.00
  2.000E-03  5.000E+00  6.210E-01   0.199  7.079E-03  1.384E-02  9.998E-03  -0.29  -0.43   0.66   1.29   0.00
  2.000E-03  6.500E+00  6.720E-01   0.212  8.467E-03  1.565E-02  1.055E-02   0.34  -0.67   0.60   1.42  -0.01
  2.000E-03  8.500E+00  7.250E-01   0.222  1.022E-02  1.752E-02  1.153E-02   1.19  -1.06   0.27   0.84  -0.02
  2.000E-03  1.200E+01  8.250E-01   0.229  1.312E-02  1.822E-02  1.345E-02   1.09  -0.73   0.21   0.68   0.00
  2.000E-03  1.500E+01  8.660E-01   0.232  5.629E-03  2.125E-02  1.256E-02   1.33  -0.51  -0.14   1.27   0.00
  2.000E-03  2.000E+01  9.400E-01   0.235  6.486E-03  2.530E-02  1.344E-02   1.47  -0.24   0.25   1.64   0.00
  2.000E-03  2.500E+01  9.870E-01   0.236  7.501E-03  2.757E-02  1.411E-02   1.78  -0.70   0.17   1.34   0.00
  2.000E-03  3.500E+01  1.035E+00   0.235  7.969E-03  1.641E-02  1.428E-02  -0.55  -0.55   0.00   0.00   0.00
  2.000E-03  4.500E+01  1.115E+00   0.234  9.812E-03  1.678E-02  1.539E-02  -0.25  -0.54   0.00   0.00   0.00
  2.000E-03  6.000E+01  1.263E+00   0.231  1.301E-02  2.301E-02  2.134E-02   0.29  -0.62   0.04   0.03   0.00
  2.510E-03  3.500E+00  5.320E-01   0.176  4.203E-03  1.043E-02  8.033E-03   0.34  -0.83   0.07   0.87   0.00
  3.200E-03  2.000E+00  4.240E-01   0.112  6.572E-03  2.710E-02  1.827E-02  -2.65   1.41  -2.78  -2.34   0.00
  3.200E-03  8.500E+00  6.320E-01   0.226  9.227E-03  1.522E-02  1.018E-02   0.36  -0.37   0.76   1.53  -0.01
  3.200E-03  1.200E+01  7.250E-01   0.231  1.175E-02  1.702E-02  1.189E-02   0.90  -0.69   0.67   1.05  -0.01
  3.200E-03  1.500E+01  7.740E-01   0.234  5.418E-03  1.867E-02  1.130E-02   1.32  -0.56  -0.22   1.16   0.00
  3.200E-03  2.000E+01  8.190E-01   0.234  5.979E-03  1.823E-02  1.196E-02   1.32  -0.32  -0.38   0.77   0.00
  3.200E-03  2.500E+01  8.800E-01   0.234  6.952E-03  2.346E-02  1.285E-02   1.80  -0.77  -0.23   0.92   0.00
  3.200E-03  3.500E+01  9.360E-01   0.233  8.424E-03  2.750E-02  1.367E-02   2.07  -0.77   0.27   1.14   0.00
  3.200E-03  4.500E+01  9.820E-01   0.231  9.231E-03  1.520E-02  1.365E-02  -0.17  -0.66   0.00   0.00   0.00
  3.200E-03  6.000E+01  1.057E+00   0.227  1.131E-02  1.692E-02  1.512E-02  -0.65  -0.32   0.00   0.00   0.00
  3.200E-03  9.000E+01  1.120E+00   0.221  1.512E-02  2.448E-02  2.038E-02   0.64  -1.03   0.01   0.01   0.00
  3.980E-03  5.000E+00  5.380E-01   0.213  4.788E-03  1.134E-02  7.909E-03   0.89  -1.05  -0.31   0.53   0.00
  3.980E-03  6.500E+00  5.870E-01   0.223  5.518E-03  1.238E-02  8.335E-03   0.73  -0.95  -0.27   0.95  -0.01
  5.000E-03  2.500E+00  4.030E-01   0.167  4.030E-03  2.045E-02  1.564E-02  -0.68  -0.53  -2.42  -2.03  -0.01
  5.000E-03  1.500E+01  7.080E-01   0.237  5.310E-03  1.626E-02  1.069E-02   1.25  -0.49  -0.63   0.74   0.00
  5.000E-03  2.000E+01  7.470E-01   0.235  5.827E-03  1.498E-02  1.120E-02   1.02  -0.22  -0.42   0.50   0.00
  5.000E-03  2.500E+01  7.540E-01   0.234  6.409E-03  1.671E-02  1.123E-02   1.01  -0.58   0.16   1.03   0.00
  5.000E-03  3.500E+01  8.210E-01   0.231  7.717E-03  2.048E-02  1.223E-02   1.47  -0.69  -0.18   1.06   0.00
  5.000E-03  4.500E+01  8.730E-01   0.228  9.428E-03  2.267E-02  1.309E-02   1.64  -0.53   0.26   1.08   0.00
  5.000E-03  6.000E+01  9.020E-01   0.223  1.128E-02  2.542E-02  1.416E-02   1.96  -0.56   0.34   0.96   0.00
  5.000E-03  9.000E+01  1.004E+00   0.216  1.285E-02  1.808E-02  1.536E-02  -0.67  -0.67   0.00   0.00   0.00
  5.000E-03  1.200E+02  1.019E+00   0.210  2.405E-02  2.883E-02  2.181E-02   0.39  -1.80   0.00   0.00   0.00
  6.310E-03  8.500E+00  5.650E-01   0.242  6.328E-03  1.121E-02  8.418E-03   0.79  -0.84  -0.01   0.64   0.00
  6.310E-03  1.200E+01  6.130E-01   0.241  7.601E-03  1.287E-02  9.134E-03   0.94  -0.82  -0.17   0.78   0.00
  8.000E-03  3.500E+00  4.180E-01   0.236  3.846E-03  1.695E-02  1.363E-02  -0.58   0.44  -1.48  -1.75   0.00
  8.000E-03  2.500E+01  6.630E-01   0.234  6.100E-03  1.561E-02  1.021E-02   1.11  -0.68  -0.72   0.84   0.00
  8.000E-03  3.500E+01  7.190E-01   0.228  7.190E-03  1.576E-02  1.100E-02   1.02  -0.68  -0.15   0.82   0.00
  8.000E-03  4.500E+01  7.430E-01   0.224  8.545E-03  1.650E-02  1.137E-02   1.24  -0.54   0.07   0.72   0.00
  8.000E-03  6.000E+01  8.040E-01   0.218  1.053E-02  1.972E-02  1.294E-02   1.51  -0.47   0.24   0.78   0.00
  8.000E-03  9.000E+01  8.460E-01   0.209  1.286E-02  2.518E-02  1.430E-02   1.97  -0.51   0.83   0.94   0.00
  8.000E-03  1.200E+02  8.410E-01   0.202  1.632E-02  1.923E-02  1.539E-02  -0.41  -1.31   0.00   0.00   0.00
  1.000E-02  1.500E+01  5.750E-01   0.244  3.853E-03  1.526E-02  8.280E-03   1.16  -0.47  -1.73  -0.45   0.00
  1.000E-02  2.000E+01  6.100E-01   0.238  4.087E-03  1.411E-02  8.784E-03   0.94  -0.09  -1.45  -0.27   0.00
  1.300E-02  5.000E+00  4.100E-01   0.281  3.936E-03  1.566E-02  1.316E-02   0.59  -0.62  -1.04  -1.57   0.00
  1.300E-02  6.500E+00  4.320E-01   0.273  4.320E-03  1.496E-02  1.378E-02   0.57  -0.67  -0.44  -0.92   0.00
  1.300E-02  3.500E+01  6.250E-01   0.222  7.187E-03  1.895E-02  1.006E-02   1.31  -0.68  -1.84  -0.87   0.00
  1.300E-02  4.500E+01  6.490E-01   0.215  8.307E-03  1.656E-02  1.045E-02   1.49  -0.81  -0.85  -0.51   0.00
  1.300E-02  6.000E+01  6.830E-01   0.208  9.767E-03  1.759E-02  1.141E-02   1.49  -0.76  -0.87  -0.40   0.00
  1.300E-02  9.000E+01  7.280E-01   0.197  1.172E-02  1.621E-02  1.289E-02   1.06  -0.27  -0.23   0.58   0.00
  1.300E-02  1.200E+02  7.450E-01   0.190  1.564E-02  3.066E-02  1.512E-02   2.77   0.49   1.44   1.68   0.00
  1.580E-02  2.500E+01  5.470E-01   0.226  4.650E-03  1.976E-02  8.150E-03   1.36  -0.88  -2.44  -1.42   0.00
  2.000E-02  8.500E+00  4.190E-01   0.268  5.028E-03  1.666E-02  1.341E-02   0.90  -1.00  -0.85  -1.74   0.00
  2.000E-02  1.200E+01  4.590E-01   0.249  6.242E-03  1.717E-02  1.473E-02   0.96  -0.82  -0.85  -1.18   0.00
  2.000E-02  6.000E+01  5.970E-01   0.192  1.015E-02  2.210E-02  1.081E-02   1.84  -0.88  -2.34  -0.71   0.00
  2.000E-02  9.000E+01  6.180E-01   0.180  1.131E-02  2.107E-02  1.156E-02   1.74  -0.82  -2.02  -0.33   0.00
  2.000E-02  1.200E+02  6.050E-01   0.173  1.367E-02  1.967E-02  1.264E-02   2.33  -0.36  -0.64  -0.43   0.00
  2.000E-02  1.500E+02  7.090E-01   0.167  3.155E-02  5.429E-02  2.715E-02   5.11   0.85   2.89   2.95   0.00
  2.510E-02  3.500E+01  5.240E-01   0.195  5.974E-03  2.081E-02  8.332E-03   1.46  -0.88  -2.80  -1.50   0.00
  2.510E-02  4.500E+01  5.250E-01   0.187  6.563E-03  2.146E-02  8.295E-03   1.36  -0.54  -2.99  -1.70   0.00
  3.200E-02  1.500E+01  4.530E-01   0.211  4.666E-03  2.887E-02  1.481E-02   1.06  -0.70  -2.69  -4.56   0.00
  3.200E-02  2.000E+01  4.550E-01   0.198  4.413E-03  3.071E-02  1.483E-02   1.21  -0.22  -3.05  -4.88   0.00
  3.200E-02  1.200E+02  5.580E-01   0.145  1.546E-02  2.842E-02  1.373E-02   2.65  -0.49  -3.25  -1.34   0.00
  3.200E-02  1.500E+02  5.500E-01   0.140  2.778E-02  3.407E-02  2.239E-02   4.56  -0.53  -0.66   0.68   0.00
  3.980E-02  6.000E+01  5.060E-01   0.145  9.209E-03  2.195E-02  9.513E-03   0.88  -0.32  -3.03  -2.25   0.00
  3.980E-02  9.000E+01  5.060E-01   0.135  9.968E-03  1.661E-02  9.513E-03   1.23  -0.53  -2.28  -0.08   0.00
  5.000E-02  2.500E+01  4.470E-01   0.148  5.722E-03  3.324E-02  1.497E-02   0.99  -0.68  -3.28  -5.62   0.00
  6.310E-02  1.200E+02  4.620E-01   0.094  1.409E-02  1.804E-02  1.229E-02   1.57  -0.41  -2.25  -0.50   0.00
  6.310E-02  1.500E+02  4.180E-01   0.090  2.374E-02  2.901E-02  1.843E-02   4.69  -1.27  -2.19  -0.52   0.00
  8.000E-02  3.500E+01  4.130E-01   0.095  7.599E-03  3.726E-02  1.450E-02   0.69  -0.81  -3.16  -7.59   0.00
  8.000E-02  4.500E+01  3.960E-01   0.091  8.158E-03  2.899E-02  1.378E-02   1.27  -0.86  -2.98  -5.47   0.00
  1.300E-01  6.000E+01  3.600E-01   0.057  1.091E-02  3.212E-02  1.386E-02   1.38  -0.56  -3.98  -6.82   0.00
  1.300E-01  9.000E+01  3.390E-01   0.053  1.136E-02  1.186E-02  6.780E-03   0.89   0.16  -1.69  -2.08   0.00
  2.000E-01  1.200E+02  3.120E-01   0.037  1.485E-02  2.952E-02  1.494E-02   1.22   0.37  -3.21  -7.37   0.00
  2.000E-01  1.500E+02  2.960E-01   0.036  2.483E-02  2.881E-02  2.102E-02   3.05  -0.72  -3.74  -4.50   0.00
