H1-Zeus FL data
Aaron, F.D., et al., H1prelin-10-043, Zeus-prel-10-001
*
0. 0.
    x        Q2       FL      i      tot er
5.9e-05     2.5      .15      1       .07       0.  0.  1.  1.
8.7e-05     3.5      .22      2       .06       0.  0.  1.  1.
1.28e-04    5.       .32      3       .08       0.  0.  1.  1.
1.68e-04    6.2      .22      4       .08       0.  0.  1.  1.
2.31e-04    8.       .40      5       .07       0.  0.  1.  1.
3.24e-04    11.      .31      6       .06       0.  0.  1.  1.
4.04e-04    15.      .15      7       .08       0.  0.  1.  1.
5.34e-04    20.      .33      8       .08       0.  0.  1.  1.
6.41e-04    23.      .31      9       .08       0.  0.  1.  1.
8.55e-04    31.      .22     10       .07       0.  0.  1.  1.
1.215e-03   43.      .20     11       .07       0.  0.  1.  1.
1.599e-03   50.      .23     12       .07       0.  0.  1.  1.
2.113e-03   80.      .15     13       .08       0.  0.  1.  1.
2.927e-03  110.      .26     14       .08       0.  0.  1.  1.
3.795e-03  150.      .25     15       .09       0.  0.  1.  1.
5.420e-03  200.      .21     16       .11       0.  0.  1.  1.
6.843e-03  250.      .19     17       .12       0.  0.  1.  1.
9.109e-03  300.      .40     18       .15       0.  0.  1.  1.
1.225e-02  400.     -.10     19       .16       0.  0.  1.  1.
2.017e-02  500.      .23     20       .33       0.  0.  1.  1.
2.622e-02  650.      .28     21       .36       0.  0.  1.  1.
3.227e-02  800.      .10     22       .40       0.  0.  1.  1.
