H1 F2 1996 (DESY 96-039, submitted to NPB) cteq5m kfac
From: Max Klein <H1KMAX@DSYIBM.DESY.DE> 4/22/96
*** 1.5% normalization uncertainty
0.015   : normalization uncertainty
     x          q2       F2    dummy  staterr  syserr Kf-msbar Kf-DIS
 0.000032      1.5    0.969    0.0    0.176    0.187      1.0      1.0
 0.000050      2.0    1.037    0.0    0.077    0.110      1.0      1.0
 0.000080      2.5    0.885    0.0    0.052    0.065      1.0      1.0
 0.000080      3.5    1.036    0.0    0.053    0.092      1.0      1.0
 0.000130      2.5    0.874    0.0    0.079    0.127      1.0      1.0
 0.000130      3.5    1.026    0.0    0.045    0.067      1.0      1.0
 1.300E-04 5.000E+00 1.106E+00 0.000E+00 4.900E-02 7.400E-02 1.036E+00 1.000E+00
 1.300E-04 6.500E+00 1.292E+00 0.000E+00 8.500E-02 1.270E-01 1.023E+00 1.000E+00
 2.000E-04 5.000E+00 1.033E+00 0.000E+00 4.400E-02 6.900E-02 1.031E+00 1.000E+00
 2.000E-04 6.500E+00 1.101E+00 0.000E+00 5.200E-02 7.200E-02 1.020E+00 1.000E+00
 2.000E-04 8.500E+00 1.215E+00 0.000E+00 5.000E-02 6.200E-02 1.011E+00 1.000E+00
 3.200E-04 5.000E+00 9.070E-01 0.000E+00 3.900E-02 6.600E-02 1.026E+00 1.000E+00
 3.200E-04 6.500E+00 9.630E-01 0.000E+00 4.500E-02 6.800E-02 1.015E+00 1.000E+00
 3.200E-04 8.500E+00 1.089E+00 0.000E+00 3.800E-02 4.800E-02 1.006E+00 1.000E+00
 3.200E-04 1.200E+01 1.276E+00 0.000E+00 2.000E-02 5.500E-02 9.975E-01 1.000E+00
 3.200E-04 1.500E+01 1.426E+00 0.000E+00 3.000E-02 6.400E-02 9.931E-01 1.000E+00
 5.000E-04 5.000E+00 8.390E-01 0.000E+00 3.900E-02 7.600E-02 1.020E+00 1.000E+00
 5.000E-04 6.500E+00 9.260E-01 0.000E+00 4.400E-02 8.800E-02 1.006E+00 1.000E+00
 5.000E-04 8.500E+00 1.033E+00 0.000E+00 3.400E-02 6.200E-02 9.979E-01 1.000E+00
 5.000E-04 1.200E+01 1.168E+00 0.000E+00 1.600E-02 5.600E-02 9.926E-01 1.000E+00
 5.000E-04 1.500E+01 1.280E+00 0.000E+00 2.000E-02 5.000E-02 9.885E-01 1.000E+00
 5.000E-04 2.000E+01 1.407E+00 0.000E+00 2.600E-02 5.400E-02 9.844E-01 1.000E+00
 5.000E-04 2.500E+01 1.546E+00 0.000E+00 4.700E-02 5.800E-02 9.812E-01 1.000E+00
 8.000E-04 5.000E+00 7.690E-01 0.000E+00 3.700E-02 6.300E-02 1.012E+00 1.000E+00
 8.000E-04 6.500E+00 8.480E-01 0.000E+00 3.800E-02 7.600E-02 1.001E+00 1.000E+00
 8.000E-04 8.500E+00 9.230E-01 0.000E+00 3.100E-02 3.800E-02 9.926E-01 1.000E+00
 8.000E-04 1.200E+01 1.067E+00 0.000E+00 1.500E-02 6.100E-02 9.849E-01 1.000E+00
 8.000E-04 1.500E+01 1.110E+00 0.000E+00 1.800E-02 5.700E-02 9.812E-01 1.000E+00
 8.000E-04 2.000E+01 1.210E+00 0.000E+00 2.200E-02 5.000E-02 9.774E-01 1.000E+00
 8.000E-04 2.500E+01 1.330E+00 0.000E+00 2.800E-02 5.100E-02 9.741E-01 1.000E+00
 8.000E-04 3.500E+01 1.442E+00 0.000E+00 3.800E-02 5.100E-02 9.737E-01 1.000E+00
 1.300E-03 5.000E+00 6.300E-01 0.000E+00 3.400E-02 5.000E-02 1.008E+00 1.000E+00
 1.300E-03 6.500E+00 7.590E-01 0.000E+00 3.900E-02 6.800E-02 9.973E-01 1.000E+00
 1.300E-03 8.500E+00 8.110E-01 0.000E+00 3.000E-02 4.700E-02 9.893E-01 1.000E+00
 1.300E-03 1.200E+01 9.420E-01 0.000E+00 1.500E-02 3.900E-02 9.820E-01 1.000E+00
 1.300E-03 1.500E+01 1.008E+00 0.000E+00 1.600E-02 3.300E-02 9.785E-01 1.000E+00
 1.300E-03 2.000E+01 1.061E+00 0.000E+00 2.000E-02 5.500E-02 9.750E-01 1.000E+00
 1.300E-03 2.500E+01 1.151E+00 0.000E+00 2.400E-02 4.700E-02 9.714E-01 1.000E+00
 1.300E-03 3.500E+01 1.308E+00 0.000E+00 3.200E-02 5.200E-02 9.692E-01 1.000E+00
 1.300E-03 4.500E+01 1.305E+00 0.000E+00 3.800E-02 4.800E-02 9.683E-01 1.000E+00
 2.000E-03 5.000E+00 5.400E-01 0.000E+00 3.300E-02 4.300E-02 1.005E+00 1.000E+00
 2.000E-03 8.500E+00 7.700E-01 0.000E+00 3.400E-02 4.900E-02 9.840E-01 1.000E+00
 2.000E-03 1.200E+01 8.660E-01 0.000E+00 1.600E-02 5.700E-02 9.770E-01 1.000E+00
 2.000E-03 1.500E+01 8.950E-01 0.000E+00 1.500E-02 4.600E-02 9.738E-01 1.000E+00
 2.000E-03 2.000E+01 9.450E-01 0.000E+00 1.800E-02 4.200E-02 9.710E-01 1.000E+00
 2.000E-03 2.500E+01 1.019E+00 0.000E+00 2.200E-02 3.500E-02 9.676E-01 1.000E+00
 2.000E-03 3.500E+01 1.116E+00 0.000E+00 2.700E-02 5.200E-02 9.655E-01 1.000E+00
 2.000E-03 4.500E+01 1.225E+00 0.000E+00 3.400E-02 4.900E-02 9.643E-01 1.000E+00
 2.000E-03 6.000E+01 1.213E+00 0.000E+00 4.200E-02 4.800E-02 9.633E-01 1.000E+00
 2.500E-03 6.500E+00 6.670E-01 0.000E+00 2.900E-02 5.400E-02 9.871E-01 1.000E+00
 3.200E-03 8.500E+00 5.620E-01 0.000E+00 2.800E-02 4.300E-02 9.782E-01 1.000E+00
 3.200E-03 1.200E+01 7.490E-01 0.000E+00 1.600E-02 5.500E-02 9.726E-01 1.000E+00
 3.200E-03 1.500E+01 7.730E-01 0.000E+00 1.400E-02 3.600E-02 9.697E-01 1.000E+00
 3.200E-03 2.000E+01 8.610E-01 0.000E+00 1.700E-02 3.800E-02 9.672E-01 1.000E+00
 3.200E-03 2.500E+01 8.720E-01 0.000E+00 2.000E-02 3.400E-02 9.632E-01 1.000E+00
 3.200E-03 3.500E+01 9.280E-01 0.000E+00 2.400E-02 3.800E-02 9.651E-01 1.000E+00
 3.200E-03 4.500E+01 1.105E+00 0.000E+00 3.200E-02 5.800E-02 9.635E-01 1.000E+00
 3.200E-03 6.000E+01 1.079E+00 0.000E+00 3.700E-02 4.500E-02 9.627E-01 1.000E+00
 3.200E-03 9.000E+01 1.103E+00 0.000E+00 5.200E-02 4.800E-02 9.621E-01 1.000E+00
 3.200E-03 1.500E+02 1.292E+00 0.000E+00 6.900E-02 6.700E-02 9.618E-01 1.000E+00
 4.000E-03 5.000E+00 5.000E-01 0.000E+00 2.900E-02 8.600E-02 9.888E-01 1.000E+00
 5.000E-03 8.500E+00 6.480E-01 0.000E+00 3.300E-02 5.100E-02 9.757E-01 1.000E+00
 5.000E-03 1.200E+01 6.850E-01 0.000E+00 1.600E-02 6.100E-02 9.666E-01 1.000E+00
 5.000E-03 1.500E+01 6.770E-01 0.000E+00 1.400E-02 3.500E-02 9.643E-01 1.000E+00
 5.000E-03 2.000E+01 7.610E-01 0.000E+00 1.700E-02 2.800E-02 9.620E-01 1.000E+00
 5.000E-03 2.500E+01 7.680E-01 0.000E+00 1.900E-02 3.400E-02 9.579E-01 1.000E+00
 5.000E-03 3.500E+01 8.320E-01 0.000E+00 2.300E-02 4.000E-02 9.556E-01 1.000E+00
 5.000E-03 4.500E+01 9.120E-01 0.000E+00 2.800E-02 3.300E-02 9.562E-01 1.000E+00
 5.000E-03 6.000E+01 9.370E-01 0.000E+00 3.300E-02 4.300E-02 9.560E-01 1.000E+00
 5.000E-03 9.000E+01 9.970E-01 0.000E+00 4.500E-02 4.700E-02 9.560E-01 1.000E+00
 5.000E-03 1.200E+02 1.018E+00 0.000E+00 9.400E-02 7.600E-02 9.565E-01 1.000E+00
 5.000E-03 1.500E+02 1.067E+00 0.000E+00 6.500E-02 5.700E-02 9.568E-01 1.000E+00
 5.000E-03 2.000E+02 1.065E+00 0.000E+00 5.900E-02 5.300E-02 9.573E-01 1.000E+00
 5.000E-03 2.500E+02 1.185E+00 0.000E+00 1.060E-01 6.000E-02 9.573E-01 1.000E+00
 6.300E-03 6.500E+00 5.040E-01 0.000E+00 2.900E-02 8.400E-02 9.761E-01 1.000E+00
 8.000E-03 8.500E+00 5.640E-01 0.000E+00 3.200E-02 4.900E-02 9.603E-01 1.000E+00
 8.000E-03 1.200E+01 6.180E-01 0.000E+00 1.600E-02 5.700E-02 9.572E-01 1.000E+00
 8.000E-03 1.500E+01 6.340E-01 0.000E+00 1.400E-02 3.100E-02 9.558E-01 1.000E+00
 8.000E-03 2.000E+01 6.930E-01 0.000E+00 1.600E-02 3.500E-02 9.548E-01 1.000E+00
 8.000E-03 2.500E+01 6.830E-01 0.000E+00 1.800E-02 3.100E-02 9.508E-01 1.000E+00
 8.000E-03 3.500E+01 7.390E-01 0.000E+00 2.200E-02 3.500E-02 9.507E-01 1.000E+00
 8.000E-03 4.500E+01 7.430E-01 0.000E+00 2.500E-02 2.900E-02 9.508E-01 1.000E+00
 8.000E-03 6.000E+01 8.300E-01 0.000E+00 3.100E-02 4.600E-02 9.511E-01 1.000E+00
 8.000E-03 9.000E+01 9.080E-01 0.000E+00 4.100E-02 5.600E-02 9.518E-01 1.000E+00
 8.000E-03 1.200E+02 9.140E-01 0.000E+00 6.800E-02 5.600E-02 9.524E-01 1.000E+00
 8.000E-03 1.500E+02 9.280E-01 0.000E+00 6.100E-02 6.000E-02 9.530E-01 1.000E+00
 8.000E-03 2.000E+02 8.530E-01 0.000E+00 5.100E-02 3.800E-02 9.537E-01 1.000E+00
 8.000E-03 2.500E+02 1.000E+00 0.000E+00 6.200E-02 5.400E-02 9.543E-01 1.000E+00
 8.000E-03 3.500E+02 9.970E-01 0.000E+00 8.200E-02 4.900E-02 9.553E-01 1.000E+00
 1.300E-02 1.200E+01 5.310E-01 0.000E+00 1.700E-02 4.900E-02 9.484E-01 1.000E+00
 1.300E-02 1.500E+01 5.470E-01 0.000E+00 1.300E-02 2.700E-02 9.481E-01 1.000E+00
 1.300E-02 2.000E+01 5.670E-01 0.000E+00 1.500E-02 2.400E-02 9.478E-01 1.000E+00
 1.300E-02 2.500E+01 5.850E-01 0.000E+00 1.700E-02 2.800E-02 9.439E-01 1.000E+00
 1.300E-02 3.500E+01 6.000E-01 0.000E+00 1.900E-02 2.500E-02 9.446E-01 1.000E+00
 1.300E-02 4.500E+01 6.860E-01 0.000E+00 2.400E-02 3.100E-02 9.452E-01 1.000E+00
 1.300E-02 6.000E+01 7.010E-01 0.000E+00 2.800E-02 2.900E-02 9.469E-01 1.000E+00
 1.300E-02 9.000E+01 7.260E-01 0.000E+00 3.500E-02 4.000E-02 9.482E-01 1.000E+00
 1.300E-02 1.200E+02 7.550E-01 0.000E+00 6.300E-02 1.110E-01 9.490E-01 1.000E+00
 1.300E-02 1.500E+02 7.160E-01 0.000E+00 6.400E-02 7.900E-02 9.498E-01 1.000E+00
 1.300E-02 2.000E+02 7.870E-01 0.000E+00 5.200E-02 7.100E-02 9.508E-01 1.000E+00
 1.300E-02 2.500E+02 8.260E-01 0.000E+00 5.500E-02 4.700E-02 9.516E-01 1.000E+00
 1.300E-02 3.500E+02 8.250E-01 0.000E+00 6.600E-02 4.300E-02 9.521E-01 1.000E+00
 1.300E-02 5.000E+02 9.040E-01 0.000E+00 8.300E-02 5.000E-02 9.534E-01 1.000E+00
 1.300E-02 6.500E+02 8.810E-01 0.000E+00 1.200E-01 7.600E-02 9.535E-01 1.000E+00
 2.000E-02 2.000E+01 4.870E-01 0.000E+00 1.500E-02 2.500E-02 9.425E-01 1.000E+00
 2.000E-02 2.500E+01 5.480E-01 0.000E+00 1.700E-02 3.700E-02 9.390E-01 1.000E+00
 2.000E-02 3.500E+01 5.080E-01 0.000E+00 1.900E-02 1.900E-02 9.413E-01 1.000E+00
 2.000E-02 4.500E+01 5.990E-01 0.000E+00 2.200E-02 2.700E-02 9.421E-01 1.000E+00
 2.000E-02 6.000E+01 6.390E-01 0.000E+00 2.700E-02 2.500E-02 9.435E-01 1.000E+00
 2.000E-02 9.000E+01 6.500E-01 0.000E+00 3.300E-02 3.100E-02 9.454E-01 1.000E+00
 2.000E-02 1.200E+02 5.700E-01 0.000E+00 4.900E-02 5.700E-02 9.468E-01 1.000E+00
 2.000E-02 1.500E+02 5.660E-01 0.000E+00 6.900E-02 1.140E-01 9.479E-01 1.000E+00
 2.000E-02 2.000E+02 5.850E-01 0.000E+00 4.100E-02 2.300E-02 9.492E-01 1.000E+00
 2.000E-02 2.500E+02 7.300E-01 0.000E+00 5.100E-02 7.200E-02 9.503E-01 1.000E+00
 2.000E-02 3.500E+02 5.810E-01 0.000E+00 5.200E-02 4.200E-02 9.518E-01 1.000E+00
 2.000E-02 5.000E+02 7.250E-01 0.000E+00 6.500E-02 4.600E-02 9.533E-01 1.000E+00
 2.000E-02 6.500E+02 7.270E-01 0.000E+00 8.100E-02 6.100E-02 9.544E-01 1.000E+00
 2.000E-02 8.000E+02 6.860E-01 0.000E+00 9.800E-02 8.300E-02 9.553E-01 1.000E+00
 3.200E-02 3.500E+01 4.520E-01 0.000E+00 1.900E-02 2.600E-02 9.328E-01 1.000E+00
 3.200E-02 4.500E+01 5.050E-01 0.000E+00 2.100E-02 2.300E-02 9.349E-01 1.000E+00
 3.200E-02 6.000E+01 5.860E-01 0.000E+00 2.600E-02 2.800E-02 9.368E-01 1.000E+00
 3.200E-02 9.000E+01 5.870E-01 0.000E+00 3.000E-02 3.400E-02 9.396E-01 1.000E+00
 3.200E-02 1.200E+02 5.820E-01 0.000E+00 4.800E-02 6.000E-02 9.416E-01 1.000E+00
 3.200E-02 1.500E+02 5.980E-01 0.000E+00 8.500E-02 1.030E-01 9.430E-01 1.000E+00
 3.200E-02 2.000E+02 4.900E-01 0.000E+00 3.800E-02 2.600E-02 9.448E-01 1.000E+00
 3.200E-02 2.500E+02 5.900E-01 0.000E+00 4.400E-02 6.700E-02 9.461E-01 1.000E+00
 3.200E-02 3.500E+02 6.080E-01 0.000E+00 5.400E-02 5.600E-02 9.480E-01 1.000E+00
 3.200E-02 5.000E+02 5.460E-01 0.000E+00 5.900E-02 3.400E-02 9.499E-01 1.000E+00
 3.200E-02 6.500E+02 5.450E-01 0.000E+00 6.800E-02 4.700E-02 9.513E-01 1.000E+00
 3.200E-02 8.000E+02 6.760E-01 0.000E+00 8.500E-02 8.200E-02 9.523E-01 1.000E+00
 3.200E-02 1.200E+03 6.680E-01 0.000E+00 1.090E-01 9.100E-02 9.542E-01 1.000E+00
 5.000E-02 4.500E+01 4.110E-01 0.000E+00 2.200E-02 2.800E-02 9.324E-01 1.000E+00
 5.000E-02 6.000E+01 4.920E-01 0.000E+00 2.500E-02 2.300E-02 9.351E-01 1.000E+00
 5.000E-02 9.000E+01 4.810E-01 0.000E+00 2.700E-02 1.900E-02 9.387E-01 1.000E+00
 5.000E-02 1.200E+02 4.020E-01 0.000E+00 3.500E-02 4.500E-02 9.410E-01 1.000E+00
 5.000E-02 1.500E+02 4.240E-01 0.000E+00 7.100E-02 6.500E-02 9.427E-01 1.000E+00
 5.000E-02 2.000E+02 4.600E-01 0.000E+00 3.900E-02 2.900E-02 9.449E-01 1.000E+00
 5.000E-02 2.500E+02 5.840E-01 0.000E+00 4.300E-02 6.000E-02 9.464E-01 1.000E+00
 5.000E-02 3.500E+02 5.700E-01 0.000E+00 5.200E-02 6.100E-02 9.486E-01 1.000E+00
 5.000E-02 5.000E+02 4.330E-01 0.000E+00 5.100E-02 3.500E-02 9.508E-01 1.000E+00
 5.000E-02 6.500E+02 4.830E-01 0.000E+00 6.200E-02 4.500E-02 9.523E-01 1.000E+00
 5.000E-02 8.000E+02 5.330E-01 0.000E+00 7.500E-02 6.700E-02 9.535E-01 1.000E+00
 5.000E-02 1.200E+03 4.120E-01 0.000E+00 7.800E-02 6.400E-02 9.556E-01 1.000E+00
 5.000E-02 2.000E+03 6.340E-01 0.000E+00 8.700E-02 4.600E-02 9.587E-01 1.000E+00
 8.000E-02 6.000E+01 4.320E-01 0.000E+00 2.700E-02 2.300E-02 9.336E-01 1.000E+00
 8.000E-02 1.200E+02 3.300E-01 0.000E+00 3.200E-02 3.400E-02 9.405E-01 1.000E+00
 8.000E-02 2.000E+02 3.720E-01 0.000E+00 3.200E-02 3.900E-02 9.449E-01 1.000E+00
 8.000E-02 2.500E+02 4.080E-01 0.000E+00 3.300E-02 3.700E-02 9.466E-01 1.000E+00
 8.000E-02 3.500E+02 4.470E-01 0.000E+00 4.300E-02 3.800E-02 9.491E-01 1.000E+00
 8.000E-02 5.000E+02 3.970E-01 0.000E+00 4.700E-02 3.200E-02 9.515E-01 1.000E+00
 8.000E-02 6.500E+02 4.220E-01 0.000E+00 5.900E-02 3.100E-02 9.532E-01 1.000E+00
 8.000E-02 8.000E+02 4.280E-01 0.000E+00 7.500E-02 5.700E-02 9.545E-01 1.000E+00
 8.000E-02 1.200E+03 5.020E-01 0.000E+00 8.900E-02 6.900E-02 9.568E-01 1.000E+00
 8.000E-02 2.000E+03 3.950E-01 0.000E+00 6.000E-02 3.500E-02 9.594E-01 1.000E+00
 1.300E-01 2.000E+02 3.500E-01 0.000E+00 3.700E-02 3.200E-02 9.509E-01 1.000E+00
 1.300E-01 2.500E+02 3.120E-01 0.000E+00 2.900E-02 5.100E-02 9.528E-01 1.000E+00
 1.300E-01 3.500E+02 3.560E-01 0.000E+00 3.600E-02 5.700E-02 9.553E-01 1.000E+00
 1.300E-01 5.000E+02 2.760E-01 0.000E+00 3.600E-02 3.000E-02 9.579E-01 1.000E+00
 1.300E-01 6.500E+02 3.690E-01 0.000E+00 5.000E-02 3.000E-02 9.596E-01 1.000E+00
 1.300E-01 8.000E+02 4.900E-01 0.000E+00 7.500E-02 6.600E-02 9.608E-01 1.000E+00
 1.300E-01 1.200E+03 4.360E-01 0.000E+00 8.400E-02 6.600E-02 9.632E-01 1.000E+00
 1.300E-01 2.000E+03 2.370E-01 0.000E+00 4.800E-02 2.600E-02 9.658E-01 1.000E+00
 1.300E-01 5.000E+03 4.530E-01 0.000E+00 1.210E-01 5.600E-02 9.698E-01 1.000E+00
 2.000E-01 2.000E+02 3.010E-01 0.000E+00 4.500E-02 3.600E-02 9.672E-01 1.000E+00
 2.000E-01 2.500E+02 2.310E-01 0.000E+00 3.100E-02 5.600E-02 9.688E-01 1.000E+00
 2.000E-01 3.500E+02 2.560E-01 0.000E+00 3.600E-02 5.500E-02 9.711E-01 1.000E+00
 2.000E-01 5.000E+02 2.280E-01 0.000E+00 3.500E-02 2.700E-02 9.733E-01 1.000E+00
 2.000E-01 6.500E+02 2.620E-01 0.000E+00 4.400E-02 4.200E-02 9.747E-01 1.000E+00
 2.000E-01 8.000E+02 3.120E-01 0.000E+00 5.700E-02 7.300E-02 9.758E-01 1.000E+00
 2.000E-01 1.200E+03 2.600E-01 0.000E+00 5.700E-02 4.800E-02 9.778E-01 1.000E+00
 2.000E-01 2.000E+03 1.990E-01 0.000E+00 4.100E-02 1.700E-02 9.800E-01 1.000E+00
 2.000E-01 5.000E+03 2.290E-01 0.000E+00 8.700E-02 3.000E-02 9.834E-01 1.000E+00
 3.200E-01 3.500E+02 2.800E-01 0.000E+00 5.100E-02 6.100E-02 1.013E+00 1.000E+00
 3.200E-01 6.500E+02 2.220E-01 0.000E+00 5.500E-02 7.400E-02 1.014E+00 1.000E+00
 3.200E-01 8.000E+02 2.580E-01 0.000E+00 6.500E-02 9.000E-02 1.014E+00 1.000E+00
 3.200E-01 1.200E+03 2.010E-01 0.000E+00 5.600E-02 6.400E-02 1.015E+00 1.000E+00
 3.200E-01 2.000E+03 1.930E-01 0.000E+00 4.300E-02 4.500E-02 1.016E+00 1.000E+00
 3.200E-01 5.000E+03 2.830E-01 0.000E+00 8.500E-02 6.400E-02 1.017E+00 1.000E+00
