 H1 F2-charm
 H1 data of 1996/97, Luminosity = 18.6 pb-1
 DESY 01-100 ; hep-ex/0108039
 0.015   0  : normalization error, #_of_correlated_sys.err
 x       Q2    F2c     dummy err-stat err-sys err-tot  dummy
 0.00005  1.5  0.114   0.0   0.019   0.030   0.035     0.0  
 0.00020  1.5  0.053   0.0   0.010   0.021   0.023     0.0  
 0.00013  3.5  0.161   0.0   0.022   0.027   0.035     0.0  
 0.00050  3.5  0.082   0.0   0.015   0.022   0.027     0.0  
 0.00020  6.5  0.309   0.0   0.041   0.042   0.059     0.0  
 0.00050  6.5  0.151   0.0   0.017   0.032   0.036     0.0  
 0.00050 12.0  0.276   0.0   0.040   0.052   0.066     0.0  
 0.00200 12.0  0.174   0.0   0.029   0.064   0.070     0.0  
 0.00050 25.0  0.508   0.0   0.096   0.125   0.158     0.0  
 0.00200 25.0  0.278   0.0   0.037   0.048   0.061     0.0  
 0.00200 60.0  0.348   0.0   0.066   0.077   0.101     0.0  
 0.00316 60.0  0.272   0.0   0.050   0.067   0.084     0.0  
