HERA Combined data for electron neutral current 
arXiv  0911.0884v2
*
.005  0 : Normalization error
    x         Q2        y         sig_r        stat        sys
 0.130E-02 0.900E+02 0.684E+00  0.1372E+01  0.5488E-01  0.7898E-01  1.0  1.0
 0.200E-02 0.900E+02 0.445E+00  0.1257E+01  0.4312E-01  0.4761E-01  1.0  1.0
 0.160E-02 0.120E+03 0.741E+00  0.1343E+01  0.5641E-01  0.6837E-01  1.0  1.0
 0.200E-02 0.120E+03 0.593E+00  0.1317E+01  0.4359E-01  0.4935E-01  1.0  1.0
 0.320E-02 0.120E+03 0.371E+00  0.1192E+01  0.3588E-01  0.4256E-01  1.0  1.0
 0.200E-02 0.150E+03 0.741E+00  0.1331E+01  0.5870E-01  0.6714E-01  1.0  1.0
 0.320E-02 0.150E+03 0.463E+00  0.1204E+01  0.3275E-01  0.4195E-01  1.0  1.0
 0.500E-02 0.150E+03 0.296E+00  0.1137E+01  0.3206E-01  0.3885E-01  1.0  1.0
 0.800E-02 0.150E+03 0.185E+00  0.9490E+00  0.3929E-01  0.6105E-01  1.0  1.0
 0.260E-02 0.200E+03 0.760E+00  0.1186E+01  0.5693E-01  0.6026E-01  1.0  1.0
 0.320E-02 0.200E+03 0.618E+00  0.1273E+01  0.5219E-01  0.5168E-01  1.0  1.0
 0.500E-02 0.200E+03 0.395E+00  0.1129E+01  0.2360E-01  0.2204E-01  1.0  1.0
 0.800E-02 0.200E+03 0.247E+00  0.9400E+00  0.1974E-01  0.1684E-01  1.0  1.0
 0.130E-01 0.200E+03 0.152E+00  0.8260E+00  0.1792E-01  0.1513E-01  1.0  1.0
 0.200E-01 0.200E+03 0.990E-01  0.7070E+00  0.1881E-01  0.1440E-01  1.0  1.0
 0.320E-01 0.200E+03 0.620E-01  0.5810E+00  0.1697E-01  0.1243E-01  1.0  1.0
 0.500E-01 0.200E+03 0.400E-01  0.5000E+00  0.1450E-01  0.9708E-02  1.0  1.0
 0.800E-01 0.200E+03 0.250E-01  0.4190E+00  0.1115E-01  0.8601E-02  1.0  1.0
 0.180E+00 0.200E+03 0.110E-01  0.3190E+00  0.1231E-01  0.7982E-02  1.0  1.0
 0.330E-02 0.250E+03 0.749E+00  0.1125E+01  0.6413E-01  0.5874E-01  1.0  1.0
 0.500E-02 0.250E+03 0.494E+00  0.1117E+01  0.3116E-01  0.2629E-01  1.0  1.0
 0.800E-02 0.250E+03 0.309E+00  0.9940E+00  0.2376E-01  0.2070E-01  1.0  1.0
 0.130E-01 0.250E+03 0.190E+00  0.8440E+00  0.2093E-01  0.1693E-01  1.0  1.0
 0.200E-01 0.250E+03 0.124E+00  0.6970E+00  0.1896E-01  0.1445E-01  1.0  1.0
 0.320E-01 0.250E+03 0.770E-01  0.5980E+00  0.1716E-01  0.1280E-01  1.0  1.0
 0.500E-01 0.250E+03 0.490E-01  0.5110E+00  0.1467E-01  0.1024E-01  1.0  1.0
 0.800E-01 0.250E+03 0.310E-01  0.4280E+00  0.1173E-01  0.9593E-02  1.0  1.0
 0.130E+00 0.250E+03 0.190E-01  0.3170E+00  0.1664E-01  0.1729E-01  1.0  1.0
 0.180E+00 0.250E+03 0.140E-01  0.2990E+00  0.1211E-01  0.1400E-01  1.0  1.0
 0.250E+00 0.250E+03 0.100E-01  0.2310E+00  0.1709E-01  0.2036E-01  1.0  1.0
 0.400E+00 0.250E+03 0.600E-02  0.1400E+00  0.1291E-01  0.9786E-02  1.0  1.0
 0.390E-02 0.300E+03 0.760E+00  0.1071E+01  0.6522E-01  0.5539E-01  1.0  1.0
 0.500E-02 0.300E+03 0.593E+00  0.1153E+01  0.6457E-01  0.4938E-01  1.0  1.0
 0.800E-02 0.300E+03 0.371E+00  0.1001E+01  0.2923E-01  0.2159E-01  1.0  1.0
 0.130E-01 0.300E+03 0.228E+00  0.8560E+00  0.2354E-01  0.1726E-01  1.0  1.0
 0.200E-01 0.300E+03 0.148E+00  0.7250E+00  0.2211E-01  0.1544E-01  1.0  1.0
 0.320E-01 0.300E+03 0.930E-01  0.5920E+00  0.1871E-01  0.1281E-01  1.0  1.0
 0.500E-01 0.300E+03 0.590E-01  0.5210E+00  0.1667E-01  0.1115E-01  1.0  1.0
 0.800E-01 0.300E+03 0.370E-01  0.4260E+00  0.1316E-01  0.8034E-02  1.0  1.0
 0.130E+00 0.300E+03 0.230E-01  0.3360E+00  0.1804E-01  0.2313E-01  1.0  1.0
 0.180E+00 0.300E+03 0.160E-01  0.3100E+00  0.1290E-01  0.8430E-02  1.0  1.0
 0.250E+00 0.300E+03 0.120E-01  0.2870E+00  0.1946E-01  0.2779E-01  1.0  1.0
 0.400E+00 0.300E+03 0.700E-02  0.1460E+00  0.1491E-01  0.1334E-01  1.0  1.0
 0.530E-02 0.400E+03 0.746E+00  0.1106E+01  0.7067E-01  0.5928E-01  1.0  1.0
 0.800E-02 0.400E+03 0.494E+00  0.1043E+01  0.3411E-01  0.2292E-01  1.0  1.0
 0.130E-01 0.400E+03 0.304E+00  0.8680E+00  0.3081E-01  0.2386E-01  1.0  1.0
 0.200E-01 0.400E+03 0.198E+00  0.7190E+00  0.2639E-01  0.1692E-01  1.0  1.0
 0.320E-01 0.400E+03 0.124E+00  0.5910E+00  0.2151E-01  0.1375E-01  1.0  1.0
 0.500E-01 0.400E+03 0.790E-01  0.5110E+00  0.1809E-01  0.1047E-01  1.0  1.0
 0.800E-01 0.400E+03 0.490E-01  0.4350E+00  0.1627E-01  0.9492E-02  1.0  1.0
 0.130E+00 0.400E+03 0.300E-01  0.3760E+00  0.1459E-01  0.8496E-02  1.0  1.0
 0.250E+00 0.400E+03 0.160E-01  0.2680E+00  0.1249E-01  0.9566E-02  1.0  1.0
 0.400E+00 0.400E+03 0.100E-01  0.1470E+00  0.1564E-01  0.1113E-01  1.0  1.0
 0.660E-02 0.500E+03 0.749E+00  0.1097E+01  0.7580E-01  0.5906E-01  1.0  1.0
 0.800E-02 0.500E+03 0.618E+00  0.1042E+01  0.8138E-01  0.5106E-01  1.0  1.0
 0.130E-01 0.500E+03 0.380E+00  0.1000E+01  0.5110E-01  0.4256E-01  1.0  1.0
 0.200E-01 0.500E+03 0.247E+00  0.7630E+00  0.3899E-01  0.3446E-01  1.0  1.0
 0.320E-01 0.500E+03 0.154E+00  0.6040E+00  0.3201E-01  0.2515E-01  1.0  1.0
 0.500E-01 0.500E+03 0.990E-01  0.5180E+00  0.2896E-01  0.2113E-01  1.0  1.0
 0.800E-01 0.500E+03 0.620E-01  0.3960E+00  0.2523E-01  0.2399E-01  1.0  1.0
 0.130E+00 0.500E+03 0.380E-01  0.3630E+00  0.2614E-01  0.1626E-01  1.0  1.0
 0.180E+00 0.500E+03 0.270E-01  0.2890E+00  0.2347E-01  0.2005E-01  1.0  1.0
 0.250E+00 0.500E+03 0.200E-01  0.2590E+00  0.2694E-01  0.2246E-01  1.0  1.0
 0.400E+00 0.500E+03 0.120E-01  0.1440E+00  0.2180E-01  0.1801E-01  1.0  1.0
 0.650E+00 0.500E+03 0.800E-02  0.2700E-01  0.5200E-02  0.2893E-02  1.0  1.0
 0.850E-02 0.650E+03 0.756E+00  0.9720E+00  0.4773E-01  0.2697E-01  1.0  1.0
 0.130E-01 0.650E+03 0.494E+00  0.9500E+00  0.3458E-01  0.2047E-01  1.0  1.0
 0.200E-01 0.650E+03 0.321E+00  0.7940E+00  0.3644E-01  0.1906E-01  1.0  1.0
 0.320E-01 0.650E+03 0.201E+00  0.6450E+00  0.3231E-01  0.1726E-01  1.0  1.0
 0.500E-01 0.650E+03 0.128E+00  0.5250E+00  0.2698E-01  0.1584E-01  1.0  1.0
 0.800E-01 0.650E+03 0.800E-01  0.4190E+00  0.2296E-01  0.1224E-01  1.0  1.0
 0.130E+00 0.650E+03 0.490E-01  0.3440E+00  0.2050E-01  0.1015E-01  1.0  1.0
 0.180E+00 0.650E+03 0.360E-01  0.3360E+00  0.3031E-01  0.2370E-01  1.0  1.0
 0.250E+00 0.650E+03 0.260E-01  0.2590E+00  0.1730E-01  0.1112E-01  1.0  1.0
 0.400E+00 0.650E+03 0.160E-01  0.8800E-01  0.2040E-01  0.8357E-02  1.0  1.0
 0.105E-01 0.800E+03 0.753E+00  0.9420E+00  0.8648E-01  0.5726E-01  1.0  1.0
 0.130E-01 0.800E+03 0.608E+00  0.8850E+00  0.4248E-01  0.1989E-01  1.0  1.0
 0.200E-01 0.800E+03 0.395E+00  0.8080E+00  0.4024E-01  0.2016E-01  1.0  1.0
 0.320E-01 0.800E+03 0.247E+00  0.6620E+00  0.3396E-01  0.1614E-01  1.0  1.0
 0.500E-01 0.800E+03 0.158E+00  0.5900E+00  0.2980E-01  0.1344E-01  1.0  1.0
 0.800E-01 0.800E+03 0.990E-01  0.5010E+00  0.2796E-01  0.1342E-01  1.0  1.0
 0.130E+00 0.800E+03 0.610E-01  0.3680E+00  0.2536E-01  0.1154E-01  1.0  1.0
 0.180E+00 0.800E+03 0.440E-01  0.3030E+00  0.3509E-01  0.1957E-01  1.0  1.0
 0.250E+00 0.800E+03 0.320E-01  0.2410E+00  0.2135E-01  0.9093E-02  1.0  1.0
 0.400E+00 0.800E+03 0.200E-01  0.1200E+00  0.2477E-01  0.1420E-01  1.0  1.0
 0.650E+00 0.800E+03 0.120E-01  0.1500E-01  0.3225E-02  0.1937E-02  1.0  1.0
 0.130E-01 0.100E+04 0.760E+00  0.7770E+00  0.8912E-01  0.5323E-01  1.0  1.0
 0.200E-01 0.100E+04 0.494E+00  0.7760E+00  0.6177E-01  0.3549E-01  1.0  1.0
 0.320E-01 0.100E+04 0.309E+00  0.5670E+00  0.5126E-01  0.2516E-01  1.0  1.0
 0.500E-01 0.100E+04 0.198E+00  0.5750E+00  0.4836E-01  0.2614E-01  1.0  1.0
 0.800E-01 0.100E+04 0.124E+00  0.4530E+00  0.4199E-01  0.2347E-01  1.0  1.0
 0.130E+00 0.100E+04 0.760E-01  0.4940E+00  0.5073E-01  0.2600E-01  1.0  1.0
 0.180E+00 0.100E+04 0.550E-01  0.2500E+00  0.3370E-01  0.1395E-01  1.0  1.0
 0.250E+00 0.100E+04 0.400E-01  0.3150E+00  0.4070E-01  0.2680E-01  1.0  1.0
 0.400E+00 0.100E+04 0.250E-01  0.1240E+00  0.2819E-01  0.1670E-01  1.0  1.0
 0.140E-01 0.120E+04 0.847E+00  0.9020E+00  0.5917E-01  0.3479E-01  1.0  1.0
 0.200E-01 0.120E+04 0.593E+00  0.7410E+00  0.4172E-01  0.1494E-01  1.0  1.0
 0.320E-01 0.120E+04 0.371E+00  0.6250E+00  0.3500E-01  0.1293E-01  1.0  1.0
 0.500E-01 0.120E+04 0.237E+00  0.5520E+00  0.2870E-01  0.1102E-01  1.0  1.0
 0.800E-01 0.120E+04 0.148E+00  0.4240E+00  0.2349E-01  0.8098E-02  1.0  1.0
 0.130E+00 0.120E+04 0.910E-01  0.3630E+00  0.2178E-01  0.7873E-02  1.0  1.0
 0.180E+00 0.120E+04 0.660E-01  0.3410E+00  0.4638E-01  0.1695E-01  1.0  1.0
 0.250E+00 0.120E+04 0.470E-01  0.2660E+00  0.1814E-01  0.5532E-02  1.0  1.0
 0.400E+00 0.120E+04 0.300E-01  0.1040E+00  0.1285E-01  0.8218E-02  1.0  1.0
 0.200E-01 0.150E+04 0.741E+00  0.8380E+00  0.6034E-01  0.2426E-01  1.0  1.0
 0.320E-01 0.150E+04 0.463E+00  0.7320E+00  0.4721E-01  0.1644E-01  1.0  1.0
 0.500E-01 0.150E+04 0.296E+00  0.5780E+00  0.3636E-01  0.1077E-01  1.0  1.0
 0.800E-01 0.150E+04 0.185E+00  0.4690E+00  0.3063E-01  0.9548E-02  1.0  1.0
 0.130E+00 0.150E+04 0.114E+00  0.3990E+00  0.3124E-01  0.9165E-02  1.0  1.0
 0.180E+00 0.150E+04 0.820E-01  0.3100E+00  0.2694E-01  0.6508E-02  1.0  1.0
 0.250E+00 0.150E+04 0.590E-01  0.2480E+00  0.2522E-01  0.6576E-02  1.0  1.0
 0.400E+00 0.150E+04 0.370E-01  0.1450E+00  0.2298E-01  0.1802E-01  1.0  1.0
 0.650E+00 0.150E+04 0.230E-01  0.1400E-01  0.4903E-02  0.2069E-02  1.0  1.0
 0.320E-01 0.200E+04 0.618E+00  0.7510E+00  0.5490E-01  0.2043E-01  1.0  1.0
 0.500E-01 0.200E+04 0.395E+00  0.5580E+00  0.4347E-01  0.1238E-01  1.0  1.0
 0.800E-01 0.200E+04 0.247E+00  0.4790E+00  0.3655E-01  0.1152E-01  1.0  1.0
 0.130E+00 0.200E+04 0.152E+00  0.3260E+00  0.3231E-01  0.9152E-02  1.0  1.0
 0.180E+00 0.200E+04 0.110E+00  0.2700E+00  0.2935E-01  0.6704E-02  1.0  1.0
 0.250E+00 0.200E+04 0.790E-01  0.2580E+00  0.3003E-01  0.7311E-02  1.0  1.0
 0.400E+00 0.200E+04 0.490E-01  0.1040E+00  0.1779E-01  0.5880E-02  1.0  1.0
 0.500E-01 0.300E+04 0.593E+00  0.6260E+00  0.4877E-01  0.2191E-01  1.0  1.0
 0.800E-01 0.300E+04 0.371E+00  0.4980E+00  0.3994E-01  0.1227E-01  1.0  1.0
 0.130E+00 0.300E+04 0.228E+00  0.4250E+00  0.3902E-01  0.1421E-01  1.0  1.0
 0.180E+00 0.300E+04 0.165E+00  0.3200E+00  0.3405E-01  0.9543E-02  1.0  1.0
 0.250E+00 0.300E+04 0.119E+00  0.2670E+00  0.3220E-01  0.9368E-02  1.0  1.0
 0.400E+00 0.300E+04 0.740E-01  0.1450E+00  0.2334E-01  0.8355E-02  1.0  1.0
 0.650E+00 0.300E+04 0.460E-01  0.2000E-01  0.8642E-02  0.1264E-02  1.0  1.0
 0.800E-01 0.500E+04 0.618E+00  0.6370E+00  0.4535E-01  0.1522E-01  1.0  1.0
 0.130E+00 0.500E+04 0.380E+00  0.4790E+00  0.4574E-01  0.1338E-01  1.0  1.0
 0.180E+00 0.500E+04 0.274E+00  0.4250E+00  0.4114E-01  0.1210E-01  1.0  1.0
 0.250E+00 0.500E+04 0.198E+00  0.3020E+00  0.3730E-01  0.1156E-01  1.0  1.0
 0.400E+00 0.500E+04 0.124E+00  0.1260E+00  0.2339E-01  0.7618E-02  1.0  1.0
 0.650E+00 0.500E+04 0.760E-01  0.1000E-01  0.4099E-02  0.1798E-02  1.0  1.0
 0.130E+00 0.800E+04 0.608E+00  0.5860E+00  0.6194E-01  0.2116E-01  1.0  1.0
 0.180E+00 0.800E+04 0.439E+00  0.3860E+00  0.5284E-01  0.1237E-01  1.0  1.0
 0.250E+00 0.800E+04 0.316E+00  0.3010E+00  0.4623E-01  0.1177E-01  1.0  1.0
 0.400E+00 0.800E+04 0.198E+00  0.1610E+00  0.3511E-01  0.1225E-01  1.0  1.0
 0.650E+00 0.800E+04 0.122E+00  0.2000E-01  0.1281E-01  0.8473E-03  1.0  1.0
 0.180E+00 0.120E+05 0.659E+00  0.4530E+00  0.7443E-01  0.1831E-01  1.0  1.0
 0.250E+00 0.120E+05 0.474E+00  0.2820E+00  0.6131E-01  0.1426E-01  1.0  1.0
 0.400E+00 0.120E+05 0.296E+00  0.9300E-01  0.3322E-01  0.1021E-01  1.0  1.0
 0.250E+00 0.200E+05 0.791E+00  0.4060E+00  0.1078E+00  0.1678E-01  1.0  1.0
 0.400E+00 0.200E+05 0.494E+00  0.1940E+00  0.6474E-01  0.1497E-01  1.0  1.0
 0.650E+00 0.200E+05 0.304E+00  0.1300E-01  0.9551E-02  0.4586E-02  1.0  1.0
 0.400E+00 0.300E+05 0.741E+00  0.2470E+00  0.1167E+00  0.2224E-01  1.0  1.0
