HERA Combined charm reduced cross section
DESY 12-172
*
.005 42 : dummy normalization error, number of correlated errors
    x         Q2         y         sig_r        stat       sys         unc
 0.300E-04 0.250E+01 0.823E+00  0.1126E+00  0.1077E-01  0.1685E-01  0.1157E-01 -0.1280E+00  0.9320E-01  0.1479E+01  0.6590E-01  0.1836E+00  0.4714E+00 -0.5676E+00 -0.8569E+00 -0.2025E+00 -0.2594E+00  0.1286E+00 -0.4409E+00  0.1421E+01 -0.1586E+01 -0.3980E+00  0.1048E+01 -0.1160E+01 -0.3370E+01 -0.2708E+01  0.2770E+01  0.1585E+00  0.2199E+01 -0.3862E+01 -0.7133E+00 -0.1239E+01  0.2369E+01  0.2064E+01 -0.1922E+01 -0.6970E-01 -0.1449E+01  0.2389E+01  0.3045E+01 -0.1177E+01  0.2540E+01 -0.1339E+01  0.5830E+00  0.7179E+00  0.1444E+01  0.3941E+01  0.4929E+00  0.3056E+00 -0.1870E+00
 0.700E-04 0.250E+01 0.353E+00  0.1067E+00  0.6797E-02  0.1256E-01  0.6772E-02 -0.1269E+00  0.8410E-01  0.1425E+01  0.1426E+00  0.8140E-01  0.3069E+00 -0.4740E+00 -0.8035E+00 -0.4662E+00 -0.3610E+00  0.7740E-01 -0.5530E+00  0.7359E+00 -0.1664E+01 -0.7919E+00  0.1044E+01 -0.1435E+01 -0.2919E+01 -0.2104E+01  0.2593E+01  0.6054E+00  0.1458E+01 -0.3280E+01 -0.1095E+01 -0.2302E+01  0.1278E+01  0.1755E+01 -0.1814E+01 -0.1182E+00 -0.1643E+01  0.2370E+01  0.2918E+01 -0.1769E+01  0.1978E+01 -0.2660E+00  0.1863E+00 -0.1334E+01  0.1204E+01  0.3553E+01  0.3696E+00  0.1875E+00  0.4490E-01
 0.130E-03 0.250E+01 0.190E+00  0.8888E-01  0.7011E-02  0.9955E-02  0.5453E-02 -0.1241E+00  0.7550E-01  0.1359E+01  0.1866E+00  0.6980E-01  0.2767E+00 -0.4017E+00 -0.8504E+00 -0.5013E+00 -0.3196E+00  0.2253E+00 -0.5822E+00  0.7366E+00 -0.1843E+01 -0.9141E+00  0.1223E+01 -0.1274E+01 -0.2365E+01 -0.1382E+01  0.1969E+01  0.8870E-01  0.1440E+01 -0.1787E+01 -0.1719E+01 -0.2663E+01  0.6702E+00  0.1400E+01 -0.1251E+01 -0.1855E+00 -0.1020E+01  0.2892E+01  0.2920E+01 -0.2144E+01  0.1828E+01  0.3619E+00 -0.1035E+00 -0.2049E+01  0.7647E+00  0.2971E+01  0.1924E+00  0.1071E+00  0.2069E+00
 0.180E-03 0.250E+01 0.137E+00  0.9067E-01  0.4700E-02  0.1049E-01  0.7177E-02 -0.1274E+00  0.6840E-01  0.1349E+01  0.2392E+00  0.2290E-01  0.2025E+00 -0.5171E+00 -0.8141E+00 -0.6267E+00 -0.4122E+00  0.1575E+00 -0.4613E+00  0.4477E+00 -0.2041E+01 -0.9548E+00  0.1523E+01 -0.1625E+01 -0.1970E+01 -0.6043E+00  0.2100E+01 -0.5420E-01  0.1572E+01 -0.2053E+01 -0.1333E+01 -0.3269E+01  0.7269E+00  0.1108E+01 -0.1448E+01 -0.9254E+00 -0.1921E+01  0.8593E+00  0.1680E+01 -0.3069E+01 -0.2780E+00 -0.6724E+00  0.9700E-01 -0.1328E+01  0.1397E+01  0.1204E+01  0.1184E+00 -0.5681E+00  0.3798E+00
 0.350E-03 0.250E+01 0.706E-01  0.5599E-01  0.2965E-02  0.5982E-02  0.3871E-02 -0.1247E+00  0.6020E-01  0.1310E+01  0.2801E+00  0.7730E-01  0.2193E+00 -0.4659E+00 -0.8650E+00 -0.6762E+00 -0.2833E+00  0.3188E+00 -0.5494E+00  0.5357E+00 -0.2413E+01 -0.8469E+00  0.1335E+01 -0.1762E+01 -0.1557E+01  0.5370E-01  0.1565E+01 -0.1215E+01  0.1922E+01 -0.6748E+00 -0.1677E+01 -0.3563E+01  0.5620E-01  0.7331E+00 -0.7834E+00 -0.1037E+01 -0.9730E+00  0.1783E+01  0.3981E+00 -0.3741E+01  0.5085E+00  0.5046E+00 -0.4406E+00 -0.1254E+01  0.9103E+00 -0.4224E+00 -0.2780E+00 -0.8093E+00  0.5661E+00
 0.700E-04 0.500E+01 0.706E+00  0.1466E+00  0.1894E-01  0.1950E-01  0.1287E-01 -0.1270E+00  0.9170E-01  0.1458E+01  0.8540E-01  0.1365E+00  0.4322E+00 -0.5531E+00 -0.8635E+00 -0.2147E+00 -0.2997E+00  0.1855E+00 -0.4422E+00  0.1381E+01 -0.1633E+01 -0.4597E+00  0.1247E+01 -0.9063E+00 -0.3101E+01 -0.2355E+01  0.2528E+01  0.3154E+00  0.1315E+01 -0.4157E+01 -0.6638E+00 -0.1610E+01  0.1857E+01  0.1947E+01 -0.2161E+01  0.2895E+00 -0.2209E+01  0.1646E+01  0.2281E+01 -0.1308E+01  0.1847E+01 -0.7593E+00  0.4030E+00 -0.9900E-01  0.1550E+01  0.3439E+01  0.4664E+00  0.1415E+00 -0.9590E-01
 0.180E-03 0.500E+01 0.274E+00  0.1495E+00  0.1049E-01  0.1233E-01  0.6789E-02 -0.1322E+00  0.8240E-01  0.1407E+01  0.1769E+00 -0.7000E-02  0.2475E+00 -0.5006E+00 -0.9228E+00 -0.3360E+00 -0.9930E-01  0.6800E-01 -0.7217E+00  0.7493E+00 -0.1099E+01 -0.4887E+00  0.1077E+01 -0.8957E+00 -0.2185E+01 -0.1926E+01  0.1888E+01 -0.3956E+00  0.6508E+00 -0.2992E+00 -0.1662E+01 -0.3050E+01 -0.5688E+00  0.1125E+01 -0.1385E+01  0.2312E+00 -0.1261E+01  0.2912E+00  0.1881E+01 -0.1602E+01 -0.3090E-01 -0.3506E+00 -0.2910E+00 -0.5126E+00 -0.2041E+00 -0.1211E+00 -0.2036E+00 -0.6341E+00 -0.1117E+01
 0.350E-03 0.500E+01 0.141E+00  0.1151E+00  0.6304E-02  0.9294E-02  0.5205E-02 -0.1231E+00  0.6920E-01  0.1323E+01  0.2579E+00 -0.1236E+00  0.2063E+00 -0.4624E+00 -0.8078E+00 -0.5789E+00 -0.3509E+00 -0.1750E-01 -0.5610E+00  0.1985E+00 -0.1562E+01 -0.6404E+00  0.9541E+00 -0.1692E+01 -0.1572E+01 -0.2956E+00  0.1646E+01 -0.1298E+00  0.1127E+01 -0.1065E+01 -0.1485E+01 -0.2836E+01  0.8290E-01  0.8467E+00 -0.1201E+01 -0.3873E+00 -0.1333E+01  0.1217E+01  0.9942E+00 -0.2663E+01 -0.3269E+00  0.6485E+00 -0.2628E+00 -0.3011E+00  0.1117E+01 -0.2301E+00 -0.1372E+00 -0.6622E+00  0.4479E+00
 0.100E-02 0.500E+01 0.494E-01  0.8029E-01  0.4000E-02  0.9115E-02  0.6252E-02 -0.1192E+00  0.5380E-01  0.1245E+01  0.3488E+00 -0.2319E+00  0.8950E-01 -0.4331E+00 -0.7809E+00 -0.7578E+00 -0.3123E+00 -0.1043E+00 -0.5993E+00 -0.3116E+00 -0.1685E+01 -0.7064E+00  0.7271E+00 -0.2218E+01 -0.6527E+00  0.9202E+00  0.1056E+01 -0.7940E+00  0.1587E+01  0.4682E+00 -0.1847E+01 -0.3311E+01 -0.6934E+00  0.3580E-01 -0.1778E+00 -0.1703E+01  0.2650E-01  0.7644E+00 -0.3691E+00 -0.3699E+01 -0.1023E+01  0.1583E+01 -0.8126E+00 -0.5320E-01  0.6752E+00 -0.3183E+01 -0.6971E+00 -0.1208E+01  0.7787E+00
 0.130E-03 0.700E+01 0.532E+00  0.2142E+00  0.1397E-01  0.1996E-01  0.1032E-01 -0.1220E+00  0.8180E-01  0.1410E+01  0.1295E+00 -0.3630E-01  0.3452E+00 -0.5398E+00 -0.7810E+00 -0.2760E+00 -0.3602E+00 -0.3170E-01 -0.5433E+00  0.8402E+00 -0.1257E+01 -0.5676E+00  0.1105E+01 -0.1373E+01 -0.2629E+01 -0.1750E+01  0.2359E+01  0.1543E+00  0.1170E+01 -0.2441E+01 -0.1843E+00 -0.1153E+01  0.3265E+00  0.2109E+01 -0.2594E+00  0.8050E-01 -0.1296E+01  0.1120E+01  0.2986E+01 -0.1588E+01  0.9326E+00 -0.2100E+00  0.1716E+00 -0.3815E+00  0.8740E-01  0.3086E+01  0.1225E+00  0.6605E+00  0.9040E-01
 0.180E-03 0.700E+01 0.384E+00  0.1909E+00  0.1427E-01  0.2139E-01  0.1316E-01 -0.1220E+00  0.8220E-01  0.1364E+01  0.1727E+00 -0.1900E-02  0.3369E+00 -0.3927E+00 -0.8578E+00 -0.3854E+00 -0.3217E+00  0.1264E+00 -0.6036E+00  0.8396E+00 -0.1513E+01 -0.7510E+00  0.1130E+01 -0.1069E+01 -0.2298E+01 -0.1462E+01  0.1732E+01  0.2768E+00  0.6603E+00 -0.1729E+01 -0.1417E+01 -0.2335E+01  0.8369E+00  0.1290E+01 -0.1216E+01  0.4413E+00 -0.1952E+00  0.3661E+01  0.3234E+01 -0.1390E+01  0.2005E+01  0.1115E+01 -0.2483E+00  0.5700E-02  0.3478E+00  0.2438E+01  0.5518E+00 -0.5260E-01  0.1494E+00
 0.300E-03 0.700E+01 0.231E+00  0.1689E+00  0.5966E-02  0.1172E-01  0.4911E-02 -0.1184E+00  0.6580E-01  0.1299E+01  0.2421E+00 -0.1143E+00  0.2707E+00 -0.4268E+00 -0.8147E+00 -0.3725E+00 -0.3140E+00  0.1484E+00 -0.6339E+00  0.6008E+00 -0.1250E+01 -0.5229E+00  0.9636E+00 -0.1142E+01 -0.1510E+01 -0.6548E+00  0.1172E+01 -0.2720E+00  0.1073E+01 -0.7468E+00 -0.1288E+01 -0.2537E+01 -0.9190E-01  0.1140E+01 -0.4346E+00 -0.4360E+00 -0.1272E+01  0.9194E+00  0.2361E+01 -0.2388E+01 -0.2090E+00  0.4699E+00 -0.5436E+00 -0.9325E+00 -0.6859E+00 -0.1241E+00 -0.4121E+00 -0.3258E+00 -0.3740E+00
 0.500E-03 0.700E+01 0.138E+00  0.1553E+00  0.5485E-02  0.9909E-02  0.3860E-02 -0.1214E+00  0.7020E-01  0.1304E+01  0.2562E+00 -0.1446E+00  0.2449E+00 -0.5324E+00 -0.7886E+00 -0.4526E+00 -0.4676E+00  0.6310E-01 -0.7532E+00  0.3932E+00 -0.1417E+01 -0.6463E+00  0.1322E+01 -0.1694E+01 -0.1300E+01  0.1740E+00  0.1449E+01 -0.7111E+00  0.6849E+00  0.4060E-01 -0.1101E+01 -0.2538E+01 -0.8832E+00  0.5594E+00 -0.5943E+00 -0.3373E+00 -0.7363E+00  0.7172E+00  0.5229E+00 -0.2341E+01 -0.1116E+01  0.4615E+00 -0.3335E+00 -0.2174E+00 -0.4302E+00 -0.2890E+00 -0.8210E-01 -0.5295E+00 -0.5101E+00
 0.800E-03 0.700E+01 0.865E-01  0.1156E+00  0.6669E-02  0.8556E-02  0.4882E-02 -0.1188E+00  0.5890E-01  0.1272E+01  0.2606E+00 -0.3055E+00  0.1426E+00 -0.4675E+00 -0.8949E+00 -0.3391E+00 -0.3949E+00 -0.7060E-01 -0.5007E+00  0.1979E+00 -0.1048E+01 -0.6385E+00  0.1084E+01 -0.1309E+01 -0.7660E+00  0.2534E+00  0.7741E+00 -0.2192E+00  0.9700E+00  0.1260E-01 -0.9879E+00 -0.2187E+01 -0.7954E+00  0.5229E+00  0.2635E+00 -0.2182E+01 -0.4819E+00 -0.2756E+00  0.1819E+01 -0.2652E+01 -0.1418E+01  0.7608E+00 -0.3146E+00 -0.8761E+00 -0.1031E+00 -0.3676E+00 -0.3828E+00 -0.1023E+00  0.5664E+00
 0.160E-02 0.700E+01 0.432E-01  0.9248E-01  0.4364E-02  0.8050E-02  0.3935E-02 -0.1179E+00  0.5630E-01  0.1239E+01  0.3541E+00 -0.3285E+00  0.9110E-01 -0.4193E+00 -0.7924E+00 -0.6547E+00 -0.3519E+00 -0.2329E+00 -0.6360E+00 -0.3376E+00 -0.1386E+01 -0.6898E+00  0.8498E+00 -0.1868E+01 -0.3479E+00  0.1036E+01  0.7397E+00 -0.4755E+00  0.1372E+01  0.5705E+00 -0.1804E+01 -0.3413E+01 -0.3314E+00 -0.3173E+00 -0.4174E+00 -0.1231E+01  0.3094E+00  0.8460E+00 -0.1414E+01 -0.3554E+01 -0.3444E+00  0.8460E+00 -0.8116E+00  0.1842E+00 -0.1030E+01 -0.2544E+01 -0.6943E+00 -0.5368E+00  0.7283E+00
 0.220E-03 0.120E+02 0.539E+00  0.2983E+00  0.2127E-01  0.2540E-01  0.1346E-01 -0.1217E+00  0.8080E-01  0.1383E+01  0.1364E+00 -0.8610E-01  0.3207E+00 -0.5109E+00 -0.8347E+00 -0.1915E+00 -0.3922E+00 -0.2800E-02 -0.4533E+00  0.8808E+00 -0.1133E+01 -0.5810E+00  0.1337E+01 -0.8958E+00 -0.2140E+01 -0.1446E+01  0.1968E+01  0.2593E+00  0.1219E+01 -0.2285E+01 -0.4015E+00 -0.1465E+01  0.5784E+00  0.1465E+01 -0.9824E+00 -0.8264E+00 -0.1841E+01  0.6487E+00  0.2372E+01 -0.1735E+01  0.7379E+00 -0.4128E+00  0.1693E+00  0.3562E+00 -0.8500E-02  0.2503E+01  0.2450E-01  0.5891E+00  0.1297E+00
 0.320E-03 0.120E+02 0.371E+00  0.2852E+00  0.1226E-01  0.1949E-01  0.5514E-02 -0.1228E+00  0.9110E-01  0.1321E+01  0.1735E+00 -0.1849E+00  0.3862E+00 -0.4337E+00 -0.1051E+01 -0.2896E+00 -0.2960E+00  0.1400E-01 -0.2238E+00  0.9218E+00 -0.1123E+01 -0.6306E+00  0.9055E+00 -0.1420E+01 -0.1383E+01 -0.6424E+00  0.9808E+00 -0.7780E-01  0.9812E+00 -0.9221E+00 -0.1097E+01 -0.2541E+01  0.4337E+00  0.1235E+01 -0.8294E+00 -0.5880E-01 -0.1317E+01  0.1090E+01  0.2872E+01 -0.2033E+01 -0.1257E+00 -0.6309E+00 -0.3956E+00 -0.5450E+00 -0.5612E+00 -0.7347E+00 -0.3479E+00 -0.7677E+00 -0.9099E+00
 0.500E-03 0.120E+02 0.237E+00  0.2342E+00  0.9155E-02  0.1259E-01  0.4133E-02 -0.1151E+00  0.5630E-01  0.1298E+01  0.2568E+00 -0.2520E+00  0.1180E+00 -0.6001E+00 -0.9702E+00 -0.2817E+00 -0.2410E+00 -0.1138E+00 -0.3799E+00  0.3824E+00 -0.1307E+01 -0.5541E+00  0.1361E+01 -0.1487E+01 -0.1326E+01 -0.1285E+00  0.1110E+01 -0.1493E+00  0.2664E+00 -0.2013E+00 -0.1143E+01 -0.1551E+01 -0.8023E+00  0.6957E+00 -0.5566E+00 -0.3722E+00 -0.8111E+00  0.3991E+00  0.1448E+01 -0.1517E+01 -0.4232E+00 -0.1042E+00 -0.3367E+00 -0.3693E+00 -0.7314E+00 -0.6214E+00 -0.3640E+00 -0.4032E+00 -0.7350E+00
 0.800E-03 0.120E+02 0.148E+00  0.1771E+00  0.5885E-02  0.1064E-01  0.3132E-02 -0.1187E+00  0.6390E-01  0.1276E+01  0.2644E+00 -0.3138E+00  0.1517E+00 -0.4642E+00 -0.8881E+00 -0.4787E+00 -0.3582E+00 -0.1267E+00 -0.4937E+00  0.1320E+00 -0.1155E+01 -0.5305E+00  0.7410E+00 -0.1358E+01 -0.8654E+00 -0.1000E-02  0.6282E+00  0.1217E+00  0.5001E+00 -0.3930E+00 -0.1684E+01 -0.1693E+01 -0.4630E+00  0.4422E+00 -0.1870E-01 -0.9353E+00 -0.5099E+00  0.1287E+01  0.3734E+00 -0.2938E+01 -0.1904E+01  0.9336E+00 -0.4116E+00 -0.2827E+00 -0.3156E+00 -0.5987E+00 -0.3512E+00 -0.4885E+00 -0.7821E+00
 0.150E-02 0.120E+02 0.791E-01  0.1413E+00  0.7230E-02  0.9961E-02  0.2689E-02 -0.1198E+00  0.6140E-01  0.1309E+01  0.3065E+00 -0.2083E+00  0.2839E+00 -0.4423E+00 -0.8230E+00 -0.3670E+00  0.5480E-01 -0.1702E+00 -0.4108E+00  0.1933E+00 -0.1103E+01  0.6600E-02  0.8058E+00 -0.2140E+01 -0.8673E+00  0.8548E+00  0.5249E+00 -0.9078E+00  0.1480E+01  0.3650E-01 -0.1533E+01 -0.2626E+01 -0.5459E+00  0.2163E+00  0.1202E+00 -0.1151E+01  0.4040E+00  0.5909E+00 -0.5576E+00 -0.3190E+01 -0.2493E+01  0.1000E+01 -0.3964E+00  0.3225E+00 -0.5617E+00 -0.7004E+00 -0.4905E+00 -0.4217E+00 -0.1012E+01
 0.300E-02 0.120E+02 0.395E-01  0.1028E+00  0.4911E-02  0.9176E-02  0.3970E-02 -0.1149E+00  0.5880E-01  0.1231E+01  0.3637E+00 -0.4070E+00  0.1224E+00 -0.3916E+00 -0.7610E+00 -0.6662E+00 -0.1981E+00 -0.2794E+00 -0.7595E+00 -0.3915E+00 -0.1291E+01 -0.4125E+00  0.3436E+00 -0.2099E+01 -0.2466E+00  0.1352E+01  0.4195E+00 -0.6405E+00  0.7155E+00  0.8279E+00 -0.2094E+01 -0.3052E+01 -0.8644E+00 -0.4262E+00 -0.6890E-01 -0.1338E+01  0.8616E+00  0.3063E+00 -0.1765E+01 -0.3421E+01 -0.1195E+01  0.1381E+01 -0.9269E+00 -0.1034E+01 -0.8335E+00 -0.3283E+01 -0.9946E+00 -0.5526E+00  0.8267E+00
 0.350E-03 0.180E+02 0.508E+00  0.3093E+00  0.2411E-01  0.2515E-01  0.1495E-01 -0.1243E+00  0.7590E-01  0.1357E+01  0.2235E+00 -0.2084E+00  0.2815E+00 -0.5054E+00 -0.8454E+00 -0.3762E+00 -0.3378E+00 -0.1872E+00 -0.5812E+00  0.2950E+00 -0.1107E+01 -0.3462E+00  0.8205E+00 -0.1570E+01 -0.1718E+01 -0.6529E+00  0.1459E+01  0.3543E+00  0.6957E+00 -0.1362E+01 -0.1182E+01 -0.2420E+01  0.6421E+00  0.9561E+00 -0.1443E+01  0.2228E+00 -0.1033E+01  0.1290E+01  0.1364E+01 -0.2018E+01 -0.1961E+00 -0.1339E+01  0.2957E+00  0.7830E+00 -0.5238E+00  0.1738E+01 -0.1450E+00  0.5623E+00  0.2688E+00
 0.500E-03 0.180E+02 0.356E+00  0.2765E+00  0.1199E-01  0.1986E-01  0.4714E-02 -0.1182E+00  0.5600E-01  0.1339E+01  0.1899E+00 -0.2976E+00  0.3527E+00 -0.3953E+00 -0.6056E+00 -0.3596E+00 -0.2824E+00 -0.1600E-01 -0.7524E+00  0.9253E+00 -0.9153E+00 -0.7717E+00  0.8432E+00 -0.1005E+01 -0.1310E+01 -0.2530E-01  0.1726E+01 -0.3920E-01  0.9236E+00 -0.1292E+01 -0.1493E+01 -0.2494E+01  0.3156E+00  0.1169E+01 -0.4809E+00 -0.1137E+00 -0.1367E+01  0.1247E+01  0.2694E+01 -0.2503E+01 -0.1613E+00 -0.6163E+00 -0.5815E+00 -0.8145E+00 -0.1152E+01 -0.1136E+01 -0.2301E+00 -0.1030E+01 -0.1241E+01
 0.800E-03 0.180E+02 0.222E+00  0.2637E+00  0.9173E-02  0.1306E-01  0.4308E-02 -0.1230E+00  0.5770E-01  0.1305E+01  0.2705E+00 -0.3510E+00  0.2895E+00 -0.4004E+00 -0.9854E+00 -0.3390E+00 -0.3677E+00 -0.1968E+00 -0.4860E+00  0.1257E+00 -0.1321E+01 -0.4055E+00  0.1017E+01 -0.1362E+01 -0.1048E+01  0.1104E+00  0.8031E+00 -0.2144E+00  0.3386E+00 -0.1960E+00 -0.1128E+01 -0.1683E+01 -0.7118E+00  0.5994E+00 -0.5255E+00 -0.2080E+00 -0.5280E+00  0.4934E+00  0.9263E+00 -0.1550E+01 -0.6161E+00 -0.2173E+00 -0.2329E+00 -0.2210E+00 -0.5785E+00 -0.5606E+00 -0.3120E+00 -0.4054E+00 -0.7587E+00
 0.135E-02 0.180E+02 0.132E+00  0.2009E+00  0.6038E-02  0.1083E-01  0.2495E-02 -0.1191E+00  0.6900E-01  0.1270E+01  0.3106E+00 -0.3024E+00  0.2802E+00 -0.4325E+00 -0.8511E+00 -0.4078E+00 -0.3876E+00 -0.1873E+00 -0.7703E+00  0.1260E-01 -0.1073E+01 -0.2375E+00  0.7716E+00 -0.1441E+01 -0.8645E+00  0.5345E+00  0.7560E+00 -0.4866E+00  0.6515E+00  0.2727E+00 -0.1143E+01 -0.2449E+01 -0.4379E+00  0.7980E-01 -0.3694E+00 -0.4660E+00 -0.3570E+00  0.1666E+00  0.3298E+00 -0.2010E+01 -0.1222E+01  0.1100E+01 -0.5033E+00 -0.1335E+00 -0.8752E+00 -0.5472E+00  0.6499E+00 -0.8868E+00 -0.4160E+00
 0.250E-02 0.180E+02 0.711E-01  0.1576E+00  0.4907E-02  0.9395E-02  0.2608E-02 -0.1161E+00  0.6470E-01  0.1281E+01  0.3028E+00 -0.4927E+00  0.1165E+00 -0.5791E+00 -0.8481E+00 -0.4356E+00 -0.2733E+00 -0.3251E+00 -0.6702E+00  0.8210E-01 -0.1020E+01 -0.4220E+00  0.4331E+00 -0.1764E+01 -0.3319E+00  0.9668E+00  0.3443E+00 -0.7720E+00  0.1158E+01  0.9820E-01 -0.9007E+00 -0.2739E+01 -0.6036E+00  0.2216E+00  0.7740E-01 -0.8519E+00  0.6680E+00 -0.6840E-01 -0.4772E+00 -0.2292E+01 -0.1717E+01  0.1050E+01 -0.3969E+00 -0.2014E+00 -0.2827E+00 -0.6947E+00 -0.3899E+00 -0.4223E+00 -0.8467E+00
 0.450E-02 0.180E+02 0.395E-01  0.1349E+00  0.6756E-02  0.1169E-01  0.3850E-02 -0.1156E+00  0.5810E-01  0.1208E+01  0.3719E+00 -0.3950E+00  0.1504E+00 -0.3993E+00 -0.7791E+00 -0.5455E+00 -0.2761E+00 -0.2500E+00 -0.8193E+00 -0.3265E+00 -0.1015E+01 -0.3362E+00  0.4152E+00 -0.1814E+01 -0.2521E+00  0.1356E+01  0.4520E+00 -0.6596E+00  0.9431E+00  0.1474E+01 -0.1682E+01 -0.2807E+01 -0.1876E+00 -0.8191E+00  0.2675E+00 -0.1685E+01  0.5488E+00 -0.2699E+00 -0.7743E+00 -0.3022E+01 -0.1049E+01  0.2397E+01 -0.1251E+01  0.5340E-01 -0.2293E+01 -0.2909E+01  0.1112E+01 -0.1465E+01  0.8156E+00
 0.600E-03 0.320E+02 0.527E+00  0.4119E+00  0.4783E-01  0.4634E-01  0.3986E-01 -0.1209E+00  0.8540E-01  0.1383E+01  0.1719E+00 -0.2397E+00  0.3158E+00 -0.5166E+00 -0.8127E+00 -0.2497E+00 -0.3619E+00 -0.2524E+00 -0.5598E+00  0.5652E+00 -0.7798E+00 -0.3086E+00  0.7753E+00 -0.1150E+01 -0.1862E+01 -0.1090E+01  0.1686E+01  0.5267E+00  0.4891E+00 -0.2097E+01 -0.6599E+00 -0.1596E+01  0.8088E+00  0.1204E+01 -0.1409E+01  0.3915E+00 -0.9575E+00  0.9576E+00  0.1100E+01 -0.1258E+01 -0.3000E-02  0.1213E+00  0.7630E-01 -0.2210E+00  0.9661E+00  0.1010E+01  0.7880E-01 -0.9150E-01  0.1591E+00
 0.800E-03 0.320E+02 0.395E+00  0.3527E+00  0.1352E-01  0.2010E-01  0.6914E-02 -0.1164E+00  0.7950E-01  0.1332E+01  0.2283E+00 -0.3105E+00  0.2055E+00 -0.4181E+00 -0.8230E+00 -0.3023E+00 -0.2537E+00 -0.2243E+00 -0.7533E+00  0.1071E+00 -0.1015E+01 -0.6620E-01  0.9413E+00 -0.8192E+00 -0.1248E+01 -0.8390E-01  0.1152E+01  0.1225E+00  0.5925E+00 -0.8941E+00 -0.1280E+01 -0.1902E+01  0.3390E-01  0.9147E+00 -0.6602E+00 -0.1307E+00 -0.1008E+01  0.9947E+00  0.1516E+01 -0.2091E+01 -0.3482E+00 -0.3953E+00 -0.1218E+01 -0.4250E+00 -0.5457E+00 -0.2154E+00 -0.4129E+00 -0.5765E+00 -0.5295E+00
 0.140E-02 0.320E+02 0.226E+00  0.2767E+00  0.9541E-02  0.1279E-01  0.4889E-02 -0.1152E+00  0.6980E-01  0.1325E+01  0.2633E+00 -0.4125E+00  0.2496E+00 -0.4395E+00 -0.8210E+00 -0.2881E+00 -0.3986E+00 -0.2030E+00 -0.3365E+00  0.3314E+00 -0.7653E+00 -0.4078E+00  0.8826E+00 -0.1374E+01 -0.7591E+00  0.4536E+00  0.7085E+00 -0.3454E+00 -0.3520E-01 -0.6720E-01 -0.1158E+01 -0.1727E+01 -0.4620E+00  0.5052E+00 -0.3499E+00 -0.1164E+00 -0.2244E+00  0.1912E+00  0.3942E+00 -0.1632E+01 -0.8095E+00  0.2414E+00 -0.2199E+00 -0.1453E+00 -0.3337E+00 -0.5123E+00 -0.4787E+00 -0.6194E+00 -0.3039E+00
 0.240E-02 0.320E+02 0.132E+00  0.2035E+00  0.9022E-02  0.1076E-01  0.3780E-02 -0.1194E+00  0.5970E-01  0.1237E+01  0.2893E+00 -0.4223E+00  0.2883E+00 -0.4573E+00 -0.6209E+00 -0.3886E+00 -0.2455E+00 -0.1219E+00 -0.6043E+00  0.1533E+00 -0.6501E+00 -0.4198E+00  0.7532E+00 -0.1118E+01 -0.8659E+00  0.7011E+00  0.1124E+01 -0.4317E+00  0.1334E+00  0.5734E+00 -0.1427E+01 -0.1964E+01 -0.8841E+00  0.1175E+00 -0.3886E+00 -0.5761E+00  0.2300E-02 -0.2023E+00  0.3696E+00 -0.2251E+01 -0.1198E+01  0.7709E+00 -0.4582E+00  0.2840E-01 -0.4043E+00 -0.2658E+00 -0.4780E+00 -0.5796E+00 -0.6597E+00
 0.320E-02 0.320E+02 0.988E-01  0.1942E+00  0.1324E-01  0.1152E-01  0.3663E-02 -0.1505E+00 -0.1460E-01  0.1247E+01  0.1712E+00 -0.7381E+00  0.9410E-01 -0.5039E+00 -0.1401E+01 -0.4198E+00 -0.2794E+00 -0.2555E+00  0.4672E+00  0.5045E+00 -0.7285E+00 -0.8367E+00 -0.7181E+00 -0.1726E+01  0.2044E+00  0.5330E-01 -0.7818E+00 -0.9200E-02  0.3534E+00  0.5471E+00 -0.5657E+00 -0.2047E+01  0.6938E+00  0.5276E+00  0.7925E+00 -0.4278E+00 -0.6330E-01 -0.6130E-01 -0.2856E+00 -0.2847E+01 -0.1426E+01  0.1368E+01 -0.4203E+00  0.1438E+00 -0.8410E-01  0.1470E+00 -0.1420E+00 -0.3400E+00 -0.1413E+01
 0.550E-02 0.320E+02 0.575E-01  0.1487E+00  0.7744E-02  0.1117E-01  0.6700E-02 -0.1141E+00  0.6950E-01  0.1257E+01  0.2929E+00 -0.4621E+00  0.2293E+00 -0.4658E+00 -0.7866E+00 -0.3452E+00 -0.2860E+00 -0.3438E+00 -0.6186E+00  0.9220E-01 -0.8675E+00 -0.1598E+00  0.8413E+00 -0.1438E+01  0.1736E+00  0.8059E+00  0.6885E+00 -0.2606E+00  0.1603E+00  0.5860E+00 -0.1214E+01 -0.2141E+01 -0.5891E+00 -0.2118E+00 -0.5251E+00 -0.6697E+00  0.4863E+00 -0.1183E+00 -0.5266E+00 -0.2914E+01 -0.1744E+01  0.5162E+00  0.2577E+00  0.3995E+00 -0.7679E+00 -0.1789E+01 -0.1241E+01 -0.1273E+01  0.6828E+00
 0.800E-02 0.320E+02 0.395E-01  0.1027E+00  0.9714E-02  0.9882E-02  0.5062E-02 -0.1187E+00  0.4940E-01  0.1244E+01  0.3358E+00 -0.3683E+00  0.9500E-01 -0.5374E+00 -0.8654E+00 -0.3916E+00 -0.3533E+00 -0.2733E+00 -0.7925E+00 -0.1986E+00 -0.7839E+00 -0.3226E+00  0.3447E+00 -0.1946E+01 -0.4898E+00  0.8142E+00  0.6624E+00 -0.1005E+01  0.1678E+01  0.1699E+01 -0.1969E+00 -0.2050E+01  0.2602E+00  0.2902E+00  0.1491E+01 -0.1659E+01  0.1102E+01 -0.6167E+00 -0.1742E+00 -0.2915E+01 -0.2139E+00  0.3996E+01 -0.1628E+01 -0.5305E+00 -0.1541E+01 -0.2935E+01 -0.1253E+01 -0.6400E-01  0.7245E+00
 0.140E-02 0.600E+02 0.423E+00  0.3218E+00  0.1833E-01  0.1966E-01  0.7293E-02 -0.1257E+00  0.7100E-01  0.1302E+01  0.1765E+00 -0.4379E+00  0.2224E+00 -0.4747E+00 -0.9566E+00 -0.1550E-01 -0.3247E+00 -0.1622E+00 -0.6641E+00  0.3213E+00 -0.5195E+00 -0.4430E-01  0.6843E+00 -0.1028E+01 -0.8837E+00  0.9311E+00  0.1073E+01  0.2368E+00  0.1274E+00 -0.6952E+00 -0.1347E+01 -0.1299E+01  0.1434E+00  0.6175E+00 -0.1771E+00 -0.1023E+01 -0.9831E+00  0.1139E+01  0.1195E+01 -0.2789E+01 -0.1274E+01  0.2630E-01 -0.2985E+00 -0.4859E+00 -0.8499E+00 -0.4993E+00 -0.3803E+00 -0.3377E+00 -0.9483E+00
 0.200E-02 0.600E+02 0.296E+00  0.3387E+00  0.1413E-01  0.1317E-01  0.3969E-02 -0.1152E+00  0.9880E-01  0.1275E+01  0.1846E+00 -0.3970E+00  0.4038E+00 -0.1941E+00 -0.8798E+00 -0.1642E+00 -0.4273E+00 -0.2415E+00 -0.2639E+00  0.7840E-01 -0.5184E+00  0.7000E-02  0.4051E+00 -0.9071E+00 -0.6043E+00  0.8548E+00  0.7117E+00  0.1100E-02 -0.3998E+00  0.2392E+00 -0.1025E+01 -0.1010E+01 -0.2760E+00  0.3654E+00 -0.3940E-01 -0.4274E+00 -0.2924E+00  0.2109E+00  0.3510E+00 -0.1681E+01 -0.4389E+00  0.2569E+00 -0.2029E+00 -0.1441E+00 -0.2907E+00 -0.3034E+00 -0.1607E+00 -0.3387E+00 -0.1055E+01
 0.320E-02 0.600E+02 0.185E+00  0.2721E+00  0.1210E-01  0.1145E-01  0.4382E-02 -0.1172E+00  0.7820E-01  0.1284E+01  0.2172E+00 -0.4176E+00  0.1331E+00 -0.4285E+00 -0.6954E+00 -0.2991E+00 -0.3959E+00 -0.1368E+00 -0.3867E+00 -0.1445E+00 -0.6327E+00  0.1454E+00  0.5458E+00 -0.8942E+00 -0.7248E+00  0.3975E+00  0.5349E+00 -0.3675E+00 -0.2230E-01  0.7194E+00 -0.6403E+00 -0.2189E+01 -0.3626E+00  0.3906E+00 -0.2512E+00 -0.6450E-01  0.4180E-01 -0.8893E+00  0.4599E+00 -0.1137E+01 -0.1599E+00  0.6163E+00 -0.2735E+00  0.1500E-01 -0.1505E+00 -0.2207E+00 -0.2076E+00 -0.1649E+00 -0.4818E+00
 0.500E-02 0.600E+02 0.119E+00  0.1975E+00  0.8562E-02  0.1032E-01  0.3674E-02 -0.1105E+00  0.6340E-01  0.1240E+01  0.2188E+00 -0.3511E+00  0.2481E+00 -0.3484E+00 -0.9579E+00 -0.2620E+00 -0.2184E+00 -0.5122E+00 -0.9488E+00  0.2231E+00 -0.6630E+00 -0.6133E+00  0.1639E+00 -0.1010E+01 -0.3478E+00  0.9612E+00  0.9201E+00 -0.6918E+00  0.1002E+00  0.7273E+00 -0.1080E+01 -0.2550E+01 -0.5525E+00  0.2228E+00  0.1008E+00 -0.4370E+00  0.7448E+00 -0.5459E+00 -0.1709E+00 -0.1759E+01 -0.7497E+00  0.1042E+01 -0.3485E+00 -0.1143E+00 -0.2324E+00 -0.1167E+00 -0.2566E+00 -0.1722E+00 -0.8107E+00
 0.800E-02 0.600E+02 0.741E-01  0.1456E+00  0.1604E-01  0.1034E-01  0.6964E-02 -0.1145E+00  0.6780E-01  0.1269E+01  0.2691E+00 -0.5065E+00  0.2137E+00 -0.4267E+00 -0.8592E+00 -0.2407E+00 -0.2301E+00 -0.3729E+00 -0.5909E+00  0.2680E-01 -0.3741E+00 -0.6350E-01  0.3283E+00 -0.1357E+01 -0.3890E+00  0.5837E+00  0.2979E+00 -0.1653E+00  0.8595E+00  0.8506E+00 -0.1829E+01 -0.1236E+01 -0.8857E+00  0.1371E+00  0.6060E-01 -0.1215E+01  0.2164E+00 -0.3210E+00  0.3446E+00 -0.1938E+01 -0.1850E+01  0.6691E+00 -0.3044E+00  0.3325E+00 -0.3401E+00 -0.1754E+01 -0.5461E+00 -0.1940E+00  0.5483E+00
 0.150E-01 0.600E+02 0.395E-01  0.1008E+00  0.8710E-02  0.8954E-02  0.6141E-02 -0.1142E+00  0.6780E-01  0.1257E+01  0.3127E+00 -0.5787E+00  0.1917E+00 -0.4480E+00 -0.8166E+00 -0.3706E+00 -0.2764E+00 -0.5229E+00 -0.7781E+00 -0.3614E+00 -0.2929E+00  0.9470E-01 -0.1157E+00 -0.1807E+01 -0.2303E+00  0.9701E+00  0.2900E+00 -0.2907E+00 -0.2985E+00  0.1193E+01 -0.9341E+00 -0.2098E+01 -0.9928E+00 -0.6130E-01 -0.2721E+00 -0.4227E+00  0.4763E+00  0.1256E+00 -0.8776E+00 -0.2073E+01 -0.2254E+01  0.1853E+01 -0.6181E+00 -0.3436E+00  0.7940E-01 -0.2990E+01 -0.6506E+00 -0.5874E+00  0.6758E+00
 0.200E-02 0.120E+03 0.593E+00  0.3450E+00  0.2236E-01  0.2071E-01  0.1001E-01 -0.1082E+00  0.5750E-01  0.1514E+01 -0.2193E+00  0.5560E-01  0.4869E+00 -0.8549E+00 -0.7639E+00 -0.4745E+00 -0.7485E+00 -0.7634E+00 -0.1792E+00  0.9176E+00 -0.1801E+00  0.1822E+00  0.4996E+00 -0.1455E+01 -0.8078E+00  0.1177E+01  0.8083E+00  0.4042E+00 -0.5902E+00  0.6420E-01 -0.1120E+01 -0.1894E+01  0.2190E-01  0.1194E+01  0.6850E+00 -0.7816E+00 -0.8830E+00  0.5702E+00  0.1081E+01 -0.1606E+01 -0.2436E+00 -0.3170E+00 -0.3826E+00 -0.2317E+00 -0.7047E+00 -0.1828E+00 -0.7817E+00 -0.1126E+01 -0.4146E+00
 0.320E-02 0.120E+03 0.371E+00  0.2432E+00  0.2851E-01  0.2839E-01  0.2612E-01 -0.1153E+00  0.7740E-01  0.1298E+01  0.2232E+00 -0.4012E+00  0.3748E+00 -0.4459E+00 -0.9277E+00 -0.4930E-01 -0.2008E+00 -0.2501E+00 -0.7361E+00  0.5037E+00 -0.3069E+00  0.4039E+00  0.1690E-01 -0.1033E+01 -0.8942E+00  0.6730E-01  0.3754E+00 -0.5276E+00  0.1122E+00  0.3733E+00 -0.9759E+00 -0.1293E+01 -0.4897E+00 -0.4087E+00 -0.3909E+00  0.7510E-01 -0.7081E+00  0.3700E+00  0.1227E+00 -0.1200E+01 -0.1055E+01  0.7843E+00 -0.1963E+00 -0.2507E+00 -0.4007E+00 -0.4035E+00  0.1153E+01 -0.8326E+00  0.3843E+00
 0.550E-02 0.120E+03 0.216E+00  0.2260E+00  0.1098E-01  0.1114E-01  0.4161E-02 -0.1142E+00  0.7960E-01  0.1262E+01  0.3789E+00 -0.3516E+00  0.2321E+00 -0.5187E+00 -0.9842E+00 -0.3570E-01 -0.4916E+00 -0.2251E+00 -0.4340E+00  0.3563E+00  0.3140E-01  0.1583E+00 -0.2664E+00 -0.6264E+00 -0.5522E+00  0.1049E+01  0.6461E+00  0.2112E+00 -0.8476E+00  0.8309E+00 -0.1131E+01 -0.1606E+01 -0.2952E+00  0.3439E+00  0.3820E+00 -0.5322E+00  0.1483E+00 -0.2480E+00 -0.1691E+00 -0.2244E+01 -0.6840E+00  0.7232E+00 -0.4250E+00  0.7700E-01 -0.4160E+00 -0.7180E-01 -0.1711E+00 -0.1166E+01 -0.5342E+00
 0.100E-01 0.120E+03 0.119E+00  0.1590E+00  0.9465E-02  0.9847E-02  0.4493E-02 -0.1210E+00  0.4230E-01  0.1390E+01 -0.3780E-01 -0.1378E+00 -0.1980E-01 -0.3264E+00 -0.1145E+01 -0.6286E+00 -0.2946E+00 -0.3247E+00 -0.3990E-01  0.3954E+00 -0.7720E-01 -0.5882E+00 -0.4034E+00 -0.5181E+00 -0.5087E+00  0.3319E+00  0.4915E+00  0.5276E+00 -0.6196E+00  0.6739E+00 -0.1657E+01 -0.1835E+01 -0.2728E+00  0.1728E+00  0.5802E+00 -0.8163E+00  0.3413E+00 -0.3273E+00  0.7850E-01 -0.2411E+01 -0.4831E+00  0.1996E+01  0.4030E+00 -0.2078E+00 -0.1197E+01  0.1431E+00 -0.1340E+01 -0.1365E+01 -0.1606E+00
 0.250E-01 0.120E+03 0.474E-01  0.8657E-01  0.9515E-02  0.9301E-02  0.7048E-02 -0.1127E+00  0.6310E-01  0.1209E+01  0.3233E+00 -0.5402E+00  0.2384E+00 -0.3848E+00 -0.8995E+00 -0.2700E+00 -0.2160E+00 -0.3351E+00 -0.7852E+00 -0.1800E+00 -0.3039E+00  0.2914E+00 -0.1356E+00 -0.1476E+01  0.2140E-01  0.1302E+01 -0.1651E+00 -0.8476E+00  0.6840E-01  0.2352E+01 -0.1608E+01 -0.1994E+01 -0.1590E+01 -0.7512E+00 -0.5600E-02 -0.3172E+00 -0.2695E+00  0.1771E+00 -0.5975E+00 -0.2059E+01 -0.2404E+01  0.1605E+01 -0.5523E+00 -0.4188E+00 -0.4899E+00 -0.2547E+01  0.6288E+00 -0.1223E+01  0.7132E+00
 0.500E-02 0.200E+03 0.395E+00  0.2439E+00  0.1809E-01  0.1607E-01  0.7800E-02 -0.1257E+00  0.6960E-01  0.1465E+01  0.2990E-01 -0.3908E+00  0.3726E+00 -0.1048E+01 -0.7525E+00 -0.7451E+00 -0.3795E+00 -0.1087E+01 -0.2203E+00  0.8154E+00  0.2715E+00  0.4274E+00  0.1350E+00 -0.9946E+00 -0.7172E+00  0.1428E+01  0.5785E+00  0.4957E+00 -0.1710E+01  0.5749E+00 -0.1544E+01 -0.1381E+01  0.8939E+00  0.7888E+00  0.9121E+00  0.6247E+00  0.8383E+00 -0.9019E+00  0.1065E+01 -0.2243E+01 -0.1008E+01  0.4420E+00 -0.4165E+00 -0.3732E+00 -0.9047E+00 -0.6247E+00 -0.3719E+00 -0.3650E-01 -0.8262E+00
 0.130E-01 0.200E+03 0.152E+00  0.1659E+00  0.1014E-01  0.9229E-02  0.4503E-02 -0.1169E+00  0.5610E-01  0.1453E+01 -0.1458E+00 -0.8420E-01  0.2901E+00 -0.5691E+00 -0.5503E+00 -0.1172E+01 -0.5532E+00 -0.9772E+00  0.5940E-01  0.3090E+00 -0.5933E+00 -0.1580E+00 -0.7190E-01 -0.9641E+00 -0.6227E+00 -0.4162E+00  0.2920E-01  0.2003E+00 -0.6254E+00  0.1034E+01 -0.1109E+01 -0.1894E+01  0.2291E+00  0.3837E+00  0.5374E+00 -0.4016E+00  0.2473E+00 -0.5413E+00 -0.1910E+00 -0.2554E+01 -0.4174E+00  0.8317E+00 -0.3662E+00  0.1435E+00 -0.3089E+00 -0.8580E-01 -0.2214E+00 -0.8870E-01 -0.8482E+00
 0.100E-01 0.350E+03 0.346E+00  0.2201E+00  0.1725E-01  0.1825E-01  0.8392E-02 -0.1136E+00  0.8590E-01  0.1305E+01 -0.4050E-01 -0.3394E+00  0.5106E+00 -0.7562E+00 -0.7114E+00 -0.6376E+00 -0.9860E-01 -0.1193E+01 -0.1770E-01  0.6650E+00  0.5743E+00  0.7208E+00  0.7420E-01 -0.5194E+00 -0.6831E+00  0.9915E+00  0.8059E+00  0.6180E-01 -0.2027E+01  0.1536E+01 -0.1150E+01 -0.1733E+01 -0.4322E+00  0.1333E+00 -0.4696E+00 -0.2363E+00 -0.2237E+00 -0.6643E+00  0.3742E+00 -0.1787E+01 -0.3071E+00 -0.1291E+00 -0.9310E-01 -0.4580E-01 -0.7764E+00 -0.3718E+00 -0.2769E+00  0.2496E+00 -0.3270E+00
 0.250E-01 0.350E+03 0.138E+00  0.1016E+00  0.1075E-01  0.8986E-02  0.3710E-02 -0.1279E+00  0.4560E-01  0.1524E+01  0.1810E+00 -0.3049E+00  0.3035E+00 -0.8116E+00 -0.1129E+01 -0.8220E+00 -0.5046E+00 -0.1156E+01 -0.4927E+00  0.2030E+00 -0.1420E-01  0.1885E+00 -0.9973E+00 -0.8196E+00 -0.1599E+00  0.7455E+00  0.1824E+00 -0.9670E-01 -0.1013E+01  0.1319E+01 -0.1044E+01 -0.2437E+01  0.3683E+00  0.2971E+00  0.3611E+00 -0.3780E+00  0.1338E+00 -0.2900E-01 -0.6867E+00 -0.3215E+01 -0.8635E+00  0.1072E+01 -0.3878E+00 -0.7200E-02 -0.8047E+00 -0.1295E+00 -0.3777E+00  0.2147E+00 -0.7067E+00
 0.130E-01 0.650E+03 0.494E+00  0.2004E+00  0.2106E-01  0.1642E-01  0.7337E-02 -0.1315E+00  0.1800E-01  0.1076E+01 -0.3684E+00 -0.2709E+00 -0.1884E+00 -0.1620E+01 -0.6424E+00 -0.5292E+00  0.1127E+00 -0.1287E+01 -0.7491E+00  0.6003E+00  0.1296E+01  0.1630E+01  0.6530E-01  0.2674E+00 -0.1378E+01  0.5895E+00  0.9331E+00  0.6775E+00 -0.2894E+01  0.1661E+01 -0.1974E+01 -0.1830E+01 -0.2173E+00  0.7749E+00  0.9865E+00 -0.5739E+00  0.1800E-01 -0.7360E+00  0.5106E+00 -0.3608E+01  0.5200E+00  0.1330E-01 -0.1055E+00 -0.4850E-01 -0.2520E-01 -0.3362E+00 -0.4170E-01 -0.2364E+00 -0.1362E+01
 0.320E-01 0.650E+03 0.201E+00  0.9389E-01  0.1123E-01  0.1050E-01  0.3022E-02 -0.3599E+00  0.6380E-01  0.1665E+01 -0.7296E+00 -0.3217E+00  0.7754E+00 -0.8492E+00 -0.1494E+01 -0.8272E+00 -0.6550E+00 -0.3205E+00 -0.1097E+00  0.4100E-02  0.1194E+01  0.1431E+01  0.4842E+00 -0.1655E+01 -0.1404E+01  0.4904E+00  0.8662E+00 -0.1525E+00 -0.1734E+01  0.2414E+01 -0.3239E+01 -0.5232E+01  0.5400E-02  0.1231E+01  0.2728E+01 -0.1642E+01  0.2848E+00 -0.9613E+00 -0.1963E+01 -0.3967E+01 -0.2001E+01  0.2237E+01 -0.5473E+00  0.6307E+00  0.5870E-01  0.4987E+00 -0.7730E+00 -0.1506E+01 -0.1939E+01
 0.500E-01 0.200E+04 0.395E+00  0.6215E-01  0.1670E-01  0.9937E-02  0.4067E-02 -0.2116E+00  0.1289E+00  0.2157E+01 -0.1112E+01  0.7391E+00 -0.1015E+01 -0.1914E+01  0.5399E+00 -0.6253E+00  0.1598E+00 -0.2355E+00  0.1678E+00 -0.2239E+00  0.2953E+01  0.4523E+01  0.1555E+01  0.1073E+01 -0.3888E+01 -0.1922E+01  0.1902E+01  0.1479E+01 -0.4902E+01  0.4080E+01 -0.4146E+01 -0.4020E+01 -0.9018E+00  0.7269E+00  0.1927E+01 -0.9402E+00  0.9747E+00 -0.2129E+01 -0.9311E+00 -0.6650E+01  0.3400E-01  0.9212E+00 -0.2342E+00  0.4892E+00  0.4520E+00 -0.1467E+00  0.5570E-01 -0.3815E+00 -0.2510E+01
