HERA Combined data for positron charged current 
arXiv   0911.0884v2
*
.005  0 : Normalization error
   x           Q2        y        sig_r        stat        sys
 0.800E-02 0.300E+03 0.371E+00  0.1417E+01  0.2709E+00  0.6898E-01  1.0  1.0
 0.130E-01 0.300E+03 0.228E+00  0.1173E+01  0.1036E+00  0.5147E-01  1.0  1.0
 0.320E-01 0.300E+03 0.930E-01  0.8750E+00  0.7079E-01  0.2394E-01  1.0  1.0
 0.800E-01 0.300E+03 0.370E-01  0.4840E+00  0.5198E-01  0.1716E-01  1.0  1.0
 0.130E-01 0.500E+03 0.380E+00  0.9040E+00  0.7313E-01  0.3397E-01  1.0  1.0
 0.320E-01 0.500E+03 0.154E+00  0.7400E+00  0.5128E-01  0.1650E-01  1.0  1.0
 0.800E-01 0.500E+03 0.620E-01  0.5610E+00  0.4129E-01  0.1170E-01  1.0  1.0
 0.130E+00 0.500E+03 0.380E-01  0.4330E+00  0.5140E-01  0.1461E-01  1.0  1.0
 0.130E-01 0.100E+04 0.760E+00  0.6640E+00  0.7085E-01  0.2776E-01  1.0  1.0
 0.320E-01 0.100E+04 0.309E+00  0.7010E+00  0.3582E-01  0.1267E-01  1.0  1.0
 0.800E-01 0.100E+04 0.124E+00  0.5490E+00  0.3146E-01  0.8800E-02  1.0  1.0
 0.130E+00 0.100E+04 0.760E-01  0.4370E+00  0.3605E-01  0.1046E-01  1.0  1.0
 0.250E+00 0.100E+04 0.400E-01  0.2780E+00  0.3692E-01  0.1223E-01  1.0  1.0
 0.320E-01 0.150E+04 0.463E+00  0.5530E+00  0.4374E-01  0.9645E-02  1.0  1.0
 0.800E-01 0.150E+04 0.185E+00  0.4490E+00  0.3511E-01  0.4709E-02  1.0  1.0
 0.130E+00 0.150E+04 0.114E+00  0.3650E+00  0.3814E-01  0.4729E-02  1.0  1.0
 0.250E+00 0.150E+04 0.590E-01  0.2500E+00  0.3162E-01  0.4718E-02  1.0  1.0
 0.320E-01 0.200E+04 0.618E+00  0.5240E+00  0.4019E-01  0.1920E-01  1.0  1.0
 0.800E-01 0.200E+04 0.247E+00  0.4080E+00  0.3101E-01  0.1234E-01  1.0  1.0
 0.130E+00 0.200E+04 0.152E+00  0.3860E+00  0.3675E-01  0.1508E-01  1.0  1.0
 0.250E+00 0.200E+04 0.790E-01  0.2120E+00  0.2953E-01  0.1121E-01  1.0  1.0
 0.800E-01 0.300E+04 0.371E+00  0.3900E+00  0.2028E-01  0.7676E-02  1.0  1.0
 0.130E+00 0.300E+04 0.228E+00  0.3100E+00  0.2062E-01  0.5821E-02  1.0  1.0
 0.250E+00 0.300E+04 0.119E+00  0.1810E+00  0.1625E-01  0.4582E-02  1.0  1.0
 0.400E+00 0.300E+04 0.740E-01  0.7400E-01  0.1496E-01  0.4027E-02  1.0  1.0
 0.800E-01 0.500E+04 0.618E+00  0.2460E+00  0.2199E-01  0.7145E-02  1.0  1.0
 0.130E+00 0.500E+04 0.380E+00  0.2340E+00  0.1713E-01  0.5120E-02  1.0  1.0
 0.250E+00 0.500E+04 0.198E+00  0.1630E+00  0.1407E-01  0.4047E-02  1.0  1.0
 0.400E+00 0.500E+04 0.124E+00  0.6900E-01  0.1145E-01  0.3159E-02  1.0  1.0
 0.130E+00 0.800E+04 0.608E+00  0.1350E+00  0.1526E-01  0.6385E-02  1.0  1.0
 0.250E+00 0.800E+04 0.316E+00  0.1200E+00  0.1282E-01  0.4646E-02  1.0  1.0
 0.400E+00 0.800E+04 0.198E+00  0.5300E-01  0.1056E-01  0.4012E-02  1.0  1.0
 0.250E+00 0.150E+05 0.593E+00  0.3900E-01  0.8510E-02  0.2469E-02  1.0  1.0
 0.400E+00 0.150E+05 0.371E+00  0.5900E-01  0.1058E-01  0.4612E-02  1.0  1.0
