HERA Combined data for electron charged current 
arXiv 0911.0884v2 
*
.005  0 : Normalization error
   x          Q2         y        sig_r       stat         sys     
 0.130E-01 0.300E+03 0.228E+00  0.6630E+00  0.3990E+00  0.9320E-01  1.0  1.0
 0.320E-01 0.300E+03 0.930E-01  0.1188E+01  0.2674E+00  0.1039E+00  1.0  1.0
 0.800E-01 0.300E+03 0.370E-01  0.6570E+00  0.2796E+00  0.7125E-01  1.0  1.0
 0.130E-01 0.500E+03 0.380E+00  0.8540E+00  0.2370E+00  0.8673E-01  1.0  1.0
 0.320E-01 0.500E+03 0.154E+00  0.1097E+01  0.1908E+00  0.6528E-01  1.0  1.0
 0.800E-01 0.500E+03 0.620E-01  0.8410E+00  0.1643E+00  0.4274E-01  1.0  1.0
 0.130E+00 0.500E+03 0.380E-01  0.9760E+00  0.2844E+00  0.6667E-01  1.0  1.0
 0.130E-01 0.100E+04 0.760E+00  0.1456E+01  0.3784E+00  0.2537E+00  1.0  1.0
 0.320E-01 0.100E+04 0.309E+00  0.8550E+00  0.1234E+00  0.3974E-01  1.0  1.0
 0.800E-01 0.100E+04 0.124E+00  0.7940E+00  0.1045E+00  0.3722E-01  1.0  1.0
 0.130E+00 0.100E+04 0.760E-01  0.7080E+00  0.1221E+00  0.3221E-01  1.0  1.0
 0.250E+00 0.100E+04 0.400E-01  0.5540E+00  0.2074E+00  0.5869E-01  1.0  1.0
 0.320E-01 0.150E+04 0.463E+00  0.8950E+00  0.1615E+00  0.8213E-01  1.0  1.0
 0.800E-01 0.150E+04 0.185E+00  0.7910E+00  0.1109E+00  0.3223E-01  1.0  1.0
 0.130E+00 0.150E+04 0.114E+00  0.7520E+00  0.1357E+00  0.2873E-01  1.0  1.0
 0.250E+00 0.150E+04 0.590E-01  0.4580E+00  0.1100E+00  0.1492E-01  1.0  1.0
 0.320E-01 0.200E+04 0.618E+00  0.8540E+00  0.1328E+00  0.4145E-01  1.0  1.0
 0.800E-01 0.200E+04 0.247E+00  0.9230E+00  0.1204E+00  0.3786E-01  1.0  1.0
 0.130E+00 0.200E+04 0.152E+00  0.5210E+00  0.1105E+00  0.2437E-01  1.0  1.0
 0.250E+00 0.200E+04 0.790E-01  0.4380E+00  0.1117E+00  0.2908E-01  1.0  1.0
 0.800E-01 0.300E+04 0.371E+00  0.6770E+00  0.6709E-01  0.2113E-01  1.0  1.0
 0.130E+00 0.300E+04 0.228E+00  0.6980E+00  0.7594E-01  0.2622E-01  1.0  1.0
 0.250E+00 0.300E+04 0.119E+00  0.4740E+00  0.6371E-01  0.1699E-01  1.0  1.0
 0.400E+00 0.300E+04 0.740E-01  0.2500E+00  0.6705E-01  0.2617E-01  1.0  1.0
 0.800E-01 0.500E+04 0.618E+00  0.5810E+00  0.7355E-01  0.3042E-01  1.0  1.0
 0.130E+00 0.500E+04 0.380E+00  0.6260E+00  0.6999E-01  0.2283E-01  1.0  1.0
 0.250E+00 0.500E+04 0.198E+00  0.4000E+00  0.5340E-01  0.1231E-01  1.0  1.0
 0.400E+00 0.500E+04 0.124E+00  0.2830E+00  0.5320E-01  0.1767E-01  1.0  1.0
 0.130E+00 0.800E+04 0.608E+00  0.6190E+00  0.7874E-01  0.3014E-01  1.0  1.0
 0.250E+00 0.800E+04 0.316E+00  0.5650E+00  0.6464E-01  0.2028E-01  1.0  1.0
 0.400E+00 0.800E+04 0.198E+00  0.2500E+00  0.4852E-01  0.1362E-01  1.0  1.0
 0.250E+00 0.150E+05 0.593E+00  0.4340E+00  0.7113E-01  0.3208E-01  1.0  1.0
 0.400E+00 0.150E+05 0.371E+00  0.1950E+00  0.4592E-01  0.1325E-01  1.0  1.0
 0.400E+00 0.300E+05 0.741E+00  0.1600E+00  0.8798E-01  0.1634E-01  1.0  1.0
