HERMES deuteron F2 with correlated errors
A. Airapetian et al, JHEP 05 (2011) 126
***
.076 4
   x       Q2     F2      i    stat   sys    unc    c1      c2    c3     c4
 0.0069  0.291  0.164    1.0 0.0023 0.0103 0.0000 5.3600 0.3600 0.6900 3.1400
 0.0102  0.404  0.193    2.0 0.0025 0.0089 0.0000 3.9500 0.4700 0.8700 2.1500
 0.0142  0.514  0.217    3.0 0.0018 0.0103 0.0000 4.3600 0.4000 0.6100 1.7000
 0.0186  0.626  0.242    4.0 0.0023 0.0102 0.0000 3.8900 0.3000 0.3600 1.5300
 0.0244  0.725  0.274    5.0 0.0022 0.0134 0.0000 4.6600 0.2700 0.1000 1.4300
 0.0325  0.872  0.291    6.0 0.0025 0.0117 0.0000 3.7800 0.2200 0.0100 1.3800
 0.0398  0.903  0.306    7.0 0.0040 0.0128 0.0000 3.9200 0.1000 0.0500 1.5000
 0.0486  0.929  0.323    8.0 0.0073 0.0225 0.0000 6.4300 0.2900 0.0700 2.6300
 0.0595  1.102  0.323    9.0 0.0084 0.0113 0.0000 3.1700 0.7000 0.0500 1.3300
 0.0724  1.127  0.348   10.0 0.0091 0.0196 0.0000 5.4900 0.4500 0.0600 1.1400
 0.0882  1.167  0.338   11.0 0.0086 0.0126 0.0000 3.4500 1.1800 0.0700 0.8400
 0.1078  1.205  0.345   12.0 0.0126 0.0210 0.0000 5.9300 1.1800 0.0700 0.7500
 0.1330  1.263  0.329   13.0 0.0101 0.0093 0.0000 2.5600 0.9400 0.0700 0.7800
 0.1657  1.337  0.354   14.0 0.0094 0.0271 0.0000 7.5200 0.9000 0.0600 1.0200
 0.2093  1.447  0.298   15.0 0.0066 0.0106 0.0000 2.9900 0.5200 0.0600 1.8700
 0.2642  1.749  0.298   16.0 0.0037 0.0127 0.0000 3.2900 0.5600 0.0500 2.6500
 0.3477  2.672  0.217   17.0 0.0030 0.0171 0.0000 7.6200 0.2100 0.0500 1.9900
 0.4605  4.224  0.142   18.0 0.0016 0.0063 0.0000 4.1000 0.1100 0.0400 1.7000
 0.6346  8.688  0.047   19.0 0.0013 0.0008 0.0000 1.1700 0.0200 0.0800 1.2500
 0.0085  0.354  0.189   20.0 0.0024 0.0088 0.0000 3.7500 0.8100 0.9300 2.4300
 0.0117  0.477  0.226   21.0 0.0017 0.0073 0.0000 2.0700 0.6900 1.2200 2.0500
 0.0152  0.612  0.241   22.0 0.0015 0.0064 0.0000 1.0300 0.3600 1.5000 1.9000
 0.0193  0.770  0.258   23.0 0.0017 0.0069 0.0000 0.7900 0.4000 1.8000 1.7900
 0.0250  0.896  0.272   24.0 0.0014 0.0053 0.0000 0.5600 0.1200 1.0700 1.5100
 0.0327  1.144  0.291   25.0 0.0020 0.0054 0.0000 0.6400 0.3000 0.9200 1.4700
 0.0401  1.074  0.308   26.0 0.0033 0.0090 0.0000 2.6100 0.1700 0.0100 1.2800
 0.0490  1.123  0.318   27.0 0.0033 0.0088 0.0000 2.4700 0.2400 0.0300 1.2200
 0.0596  1.281  0.337   28.0 0.0069 0.0082 0.0000 2.2600 0.3600 0.0600 0.8100
 0.0725  1.359  0.329   29.0 0.0061 0.0132 0.0000 3.9600 0.3600 0.0600 0.5800
 0.0884  1.399  0.349   30.0 0.0068 0.0126 0.0000 3.5800 0.0500 0.0600 0.5100
 0.1082  1.554  0.348   31.0 0.0042 0.0152 0.0000 4.3400 0.1900 0.0600 0.4700
 0.1333  1.632  0.339   32.0 0.0063 0.0066 0.0000 1.8400 0.3400 0.0600 0.4900
 0.1661  1.811  0.341   33.0 0.0034 0.0141 0.0000 4.1000 0.0500 0.0500 0.5000
 0.2104  2.050  0.314   34.0 0.0048 0.0090 0.0000 2.8000 0.0900 0.0500 0.5800
 0.2722  2.471  0.285   35.0 0.0029 0.0112 0.0000 3.8500 0.1800 0.0500 0.7800
 0.3620  3.790  0.218   36.0 0.0019 0.0050 0.0000 2.2100 0.0400 0.0400 0.5700
 0.4900  6.026  0.120   37.0 0.0008 0.0014 0.0000 0.9400 0.0100 0.0400 0.6200
 0.6641 12.778  0.036   38.0 0.0008 0.0004 0.0000 0.8600 0.0100 0.0500 0.6600
 0.0270  1.092  0.292   39.0 0.0020 0.0093 0.0000 1.0600 0.2500 2.3900 1.8100
 0.0338  1.391  0.309   40.0 0.0031 0.0111 0.0000 0.2800 0.4300 2.9800 1.9300
 0.0401  1.293  0.309   41.0 0.0025 0.0094 0.0000 2.7100 0.1500 0.3800 1.3500
 0.0490  1.460  0.316   42.0 0.0022 0.0053 0.0000 1.2900 0.1200 0.1700 1.0500
 0.0596  1.466  0.323   43.0 0.0035 0.0061 0.0000 1.7300 0.2400 0.0100 0.6900
 0.0726  1.627  0.337   44.0 0.0037 0.0071 0.0000 2.0500 0.0700 0.0400 0.4800
 0.0885  1.691  0.337   45.0 0.0037 0.0050 0.0000 1.4300 0.0200 0.0500 0.4100
 0.1082  2.013  0.341   46.0 0.0033 0.0093 0.0000 2.7000 0.0800 0.0500 0.3700
 0.1334  2.158  0.335   47.0 0.0037 0.0074 0.0000 2.1700 0.0500 0.0500 0.3300
 0.1662  2.458  0.328   48.0 0.0040 0.0034 0.0000 0.9800 0.0700 0.0500 0.3000
 0.2105  2.851  0.310   49.0 0.0023 0.0075 0.0000 2.4000 0.0700 0.0400 0.2900
 0.2724  3.479  0.272   50.0 0.0018 0.0048 0.0000 1.7400 0.0300 0.0400 0.2800
 0.3622  5.125  0.205   51.0 0.0013 0.0038 0.0000 1.8400 0.0400 0.0400 0.2100
 0.4957  8.280  0.113   52.0 0.0008 0.0025 0.0000 2.2300 0.0200 0.0500 0.2200
 0.0408  1.615  0.311   53.0 0.0021 0.0099 0.0000 0.5300 0.3400 2.5800 1.7600
 0.0496  1.927  0.320   54.0 0.0019 0.0095 0.0000 0.6800 0.1000 2.4900 1.4900
 0.0596  1.675  0.328   55.0 0.0040 0.0066 0.0000 1.8800 0.0600 0.0400 0.6900
 0.0726  1.928  0.339   56.0 0.0049 0.0074 0.0000 2.1300 0.0100 0.0100 0.4600
 0.0885  2.080  0.339   57.0 0.0030 0.0043 0.0000 1.2100 0.0700 0.0300 0.3700
 0.1083  2.490  0.336   58.0 0.0034 0.0052 0.0000 1.5000 0.1800 0.0400 0.3100
 0.1334  2.795  0.345   59.0 0.0029 0.0093 0.0000 2.6700 0.1100 0.0400 0.2600
 0.1663  3.195  0.326   60.0 0.0029 0.0063 0.0000 1.9100 0.0100 0.0400 0.2200
 0.2106  3.709  0.305   61.0 0.0021 0.0055 0.0000 1.8000 0.0400 0.0500 0.1900
 0.2726  4.527  0.266   62.0 0.0023 0.0057 0.0000 2.1400 0.0400 0.0500 0.1700
 0.3624  6.797  0.197   63.0 0.0011 0.0032 0.0000 1.6300 0.0100 0.0400 0.1200
 0.5038 11.344  0.103   64.0 0.0011 0.0017 0.0000 1.6100 0.0200 0.0700 0.3100
 0.0597  1.906  0.321   65.0 0.0029 0.0036 0.0000 0.7800 0.0800 0.3000 0.7400
 0.0726  2.276  0.334   66.0 0.0031 0.0055 0.0000 1.5300 0.1300 0.2200 0.5300
 0.0885  2.587  0.335   67.0 0.0023 0.0047 0.0000 1.3300 0.1100 0.0900 0.4000
 0.1083  3.071  0.338   68.0 0.0019 0.0052 0.0000 1.4900 0.0300 0.0300 0.3200
 0.1335  3.538  0.330   69.0 0.0027 0.0031 0.0000 0.9100 0.0400 0.0200 0.2500
 0.1664  4.051  0.321   70.0 0.0017 0.0043 0.0000 1.3200 0.0300 0.0400 0.1900
 0.2107  4.702  0.298   71.0 0.0017 0.0031 0.0000 1.0200 0.0500 0.0500 0.1500
 0.2726  5.685  0.262   72.0 0.0017 0.0053 0.0000 2.0300 0.0000 0.0400 0.1200
 0.3679  9.154  0.189   73.0 0.0013 0.0027 0.0000 1.4000 0.0200 0.0500 0.2500
 0.0603  2.319  0.324   74.0 0.0024 0.0090 0.0000 0.7700 0.0600 2.4000 1.1500
 0.0734  2.806  0.329   75.0 0.0021 0.0079 0.0000 0.4800 0.0300 2.1700 0.8700
 0.0894  3.341  0.331   76.0 0.0022 0.0061 0.0000 0.6600 0.0700 1.5800 0.6400
 0.1094  3.946  0.331   77.0 0.0019 0.0050 0.0000 1.0300 0.0700 0.9600 0.5100
 0.1347  4.618  0.322   78.0 0.0018 0.0026 0.0000 0.5600 0.0600 0.4100 0.4000
 0.1679  5.344  0.311   79.0 0.0017 0.0046 0.0000 1.4500 0.0200 0.1100 0.3000
 0.2128  6.266  0.292   80.0 0.0018 0.0060 0.0000 2.0500 0.0200 0.0200 0.2400
 0.2759  7.501  0.249   81.0 0.0014 0.0022 0.0000 0.8500 0.0300 0.0400 0.2200
