HERMES proton F2 with correlated errors
A. Airapetian et al, JHEP 05 (2011) 126
***
.076 4
   x       Q2     F2     i     stat   sys    unc    c1     c2     c3     c4
 0.0069  0.291  0.162    1.0 0.0026 0.0115 0.0000 5.3600 1.7500 0.6900 4.3000
 0.0102  0.404  0.200    2.0 0.0027 0.0099 0.0000 3.9500 0.4800 0.8700 2.7900
 0.0142  0.514  0.219    3.0 0.0020 0.0108 0.0000 4.3600 0.0800 0.6100 2.2200
 0.0186  0.626  0.241    4.0 0.0024 0.0104 0.0000 3.8900 0.1000 0.3600 1.8500
 0.0244  0.725  0.277    5.0 0.0023 0.0137 0.0000 4.6600 0.2400 0.1000 1.6600
 0.0325  0.872  0.299    6.0 0.0026 0.0123 0.0000 3.7800 0.3900 0.0100 1.5400
 0.0398  0.903  0.310    7.0 0.0041 0.0134 0.0000 3.9200 0.7100 0.0500 1.7100
 0.0486  0.929  0.334    8.0 0.0072 0.0234 0.0000 6.4300 0.2700 0.0700 2.7600
 0.0595  1.102  0.334    9.0 0.0081 0.0118 0.0000 3.1700 0.6000 0.0500 1.4100
 0.0724  1.127  0.368   10.0 0.0088 0.0208 0.0000 5.4900 0.7100 0.0600 1.2000
 0.0882  1.167  0.351   11.0 0.0079 0.0128 0.0000 3.4500 0.6700 0.0700 0.9400
 0.1078  1.205  0.373   12.0 0.0120 0.0224 0.0000 5.9300 0.5400 0.0700 0.8500
 0.1330  1.263  0.369   13.0 0.0095 0.0105 0.0000 2.5600 0.8300 0.0700 0.9200
 0.1657  1.337  0.383   14.0 0.0086 0.0295 0.0000 7.5200 1.2700 0.0600 1.1500
 0.2093  1.447  0.341   15.0 0.0060 0.0123 0.0000 2.9900 0.6200 0.0600 1.9200
 0.2642  1.749  0.352   16.0 0.0039 0.0155 0.0000 3.2900 0.5500 0.0500 2.8700
 0.3477  2.672  0.269   17.0 0.0033 0.0213 0.0000 7.6200 0.1500 0.0500 2.1500
 0.4605  4.224  0.179   18.0 0.0020 0.0080 0.0000 4.1000 0.0800 0.0400 1.8300
 0.6346  8.688  0.064   19.0 0.0017 0.0011 0.0000 1.1700 0.0600 0.0800 1.3100
 0.0085  0.354  0.191   20.0 0.0028 0.0101 0.0000 3.7500 1.3500 0.9300 3.3100
 0.0117  0.477  0.228   21.0 0.0019 0.0090 0.0000 2.0700 1.4400 1.2200 2.7700
 0.0152  0.612  0.243   22.0 0.0017 0.0078 0.0000 1.0300 0.7600 1.5000 2.5300
 0.0193  0.770  0.261   23.0 0.0018 0.0079 0.0000 0.7900 0.5100 1.8000 2.2700
 0.0250  0.896  0.272   24.0 0.0015 0.0061 0.0000 0.5600 0.4100 1.0700 1.8300
 0.0327  1.144  0.295   25.0 0.0021 0.0060 0.0000 0.6400 0.1500 0.9200 1.7100
 0.0401  1.074  0.315   26.0 0.0034 0.0094 0.0000 2.6100 0.1500 0.0100 1.4600
 0.0490  1.123  0.326   27.0 0.0035 0.0092 0.0000 2.4700 0.2300 0.0300 1.3700
 0.0596  1.281  0.343   28.0 0.0069 0.0086 0.0000 2.2600 0.5600 0.0600 0.9200
 0.0725  1.359  0.349   29.0 0.0060 0.0141 0.0000 3.9600 0.4000 0.0600 0.6500
 0.0884  1.399  0.371   30.0 0.0066 0.0135 0.0000 3.5800 0.1400 0.0600 0.5900
 0.1082  1.554  0.374   31.0 0.0043 0.0164 0.0000 4.3400 0.1500 0.0600 0.5300
 0.1333  1.632  0.372   32.0 0.0062 0.0073 0.0000 1.8400 0.3500 0.0600 0.5600
 0.1661  1.811  0.373   33.0 0.0036 0.0155 0.0000 4.1000 0.1400 0.0500 0.5700
 0.2104  2.050  0.352   34.0 0.0049 0.0102 0.0000 2.8000 0.2600 0.0500 0.6400
 0.2722  2.471  0.329   35.0 0.0031 0.0130 0.0000 3.8500 0.1700 0.0500 0.8500
 0.3620  3.790  0.268   36.0 0.0022 0.0062 0.0000 2.2100 0.0600 0.0400 0.6400
 0.4900  6.026  0.156   37.0 0.0010 0.0018 0.0000 0.9400 0.0200 0.0400 0.6900
 0.6641 12.778  0.047   38.0 0.0010 0.0005 0.0000 0.8600 0.1000 0.0500 0.6700
 0.0270  1.092  0.289   39.0 0.0022 0.0099 0.0000 1.0600 0.1800 2.3900 2.2000
 0.0338  1.391  0.307   40.0 0.0033 0.0117 0.0000 0.2800 0.2900 2.9800 2.3200
 0.0401  1.293  0.313   41.0 0.0026 0.0098 0.0000 2.7100 0.1700 0.3800 1.5400
 0.0490  1.460  0.327   42.0 0.0023 0.0058 0.0000 1.2900 0.1200 0.1700 1.1800
 0.0596  1.466  0.339   43.0 0.0037 0.0066 0.0000 1.7300 0.4500 0.0100 0.8000
 0.0726  1.627  0.353   44.0 0.0038 0.0076 0.0000 2.0500 0.2500 0.0400 0.5600
 0.0885  1.691  0.351   45.0 0.0038 0.0053 0.0000 1.4300 0.0600 0.0500 0.4900
 0.1082  2.013  0.367   46.0 0.0035 0.0100 0.0000 2.7000 0.0600 0.0500 0.4100
 0.1334  2.158  0.359   47.0 0.0037 0.0079 0.0000 2.1700 0.1500 0.0500 0.3900
 0.1662  2.458  0.363   48.0 0.0042 0.0038 0.0000 0.9800 0.1200 0.0500 0.3500
 0.2105  2.851  0.355   49.0 0.0026 0.0086 0.0000 2.4000 0.0600 0.0400 0.3300
 0.2724  3.479  0.316   50.0 0.0021 0.0056 0.0000 1.7400 0.0900 0.0400 0.3100
 0.3622  5.125  0.250   51.0 0.0015 0.0046 0.0000 1.8400 0.0200 0.0400 0.2300
 0.4957  8.280  0.147   52.0 0.0010 0.0033 0.0000 2.2300 0.0000 0.0500 0.2300
 0.0408  1.615  0.317   53.0 0.0023 0.0107 0.0000 0.5300 0.3500 2.5800 2.0800
 0.0496  1.927  0.323   54.0 0.0021 0.0101 0.0000 0.6800 0.2000 2.4900 1.7400
 0.0596  1.675  0.337   55.0 0.0041 0.0069 0.0000 1.8800 0.1800 0.0400 0.7900
 0.0726  1.928  0.352   56.0 0.0050 0.0078 0.0000 2.1300 0.1600 0.0100 0.5500
 0.0885  2.080  0.354   57.0 0.0032 0.0046 0.0000 1.2100 0.1600 0.0300 0.4700
 0.1083  2.490  0.364   58.0 0.0036 0.0056 0.0000 1.5000 0.1300 0.0400 0.3700
 0.1334  2.795  0.372   59.0 0.0031 0.0100 0.0000 2.6700 0.1000 0.0400 0.3100
 0.1663  3.195  0.358   60.0 0.0032 0.0069 0.0000 1.9100 0.0800 0.0400 0.2700
 0.2106  3.709  0.343   61.0 0.0023 0.0062 0.0000 1.8000 0.0900 0.0500 0.2200
 0.2726  4.527  0.315   62.0 0.0026 0.0068 0.0000 2.1400 0.0200 0.0500 0.1900
 0.3624  6.797  0.242   63.0 0.0014 0.0040 0.0000 1.6300 0.0100 0.0400 0.1300
 0.5038 11.344  0.132   64.0 0.0013 0.0022 0.0000 1.6100 0.0100 0.0700 0.3200
 0.0597  1.906  0.333   65.0 0.0031 0.0041 0.0000 0.7800 0.1700 0.3000 0.8700
 0.0726  2.276  0.346   66.0 0.0032 0.0058 0.0000 1.5300 0.1600 0.2200 0.6200
 0.0885  2.587  0.351   67.0 0.0025 0.0050 0.0000 1.3300 0.0300 0.0900 0.4700
 0.1083  3.071  0.355   68.0 0.0021 0.0055 0.0000 1.4900 0.0100 0.0300 0.3700
 0.1335  3.538  0.356   69.0 0.0029 0.0034 0.0000 0.9100 0.0100 0.0200 0.2900
 0.1664  4.051  0.354   70.0 0.0020 0.0047 0.0000 1.3200 0.0400 0.0400 0.2300
 0.2107  4.702  0.336   71.0 0.0019 0.0035 0.0000 1.0200 0.0500 0.0500 0.1800
 0.2726  5.685  0.304   72.0 0.0020 0.0062 0.0000 2.0300 0.0300 0.0400 0.1400
 0.3679  9.154  0.234   73.0 0.0016 0.0033 0.0000 1.4000 0.0100 0.0500 0.2700
 0.0603  2.319  0.330   74.0 0.0025 0.0094 0.0000 0.7700 0.1300 2.4000 1.3500
 0.0734  2.806  0.339   75.0 0.0023 0.0083 0.0000 0.4800 0.1500 2.1700 1.0100
 0.0894  3.341  0.349   76.0 0.0024 0.0066 0.0000 0.6600 0.1100 1.5800 0.7700
 0.1094  3.946  0.346   77.0 0.0021 0.0053 0.0000 1.0300 0.0800 0.9600 0.6000
 0.1347  4.618  0.346   78.0 0.0020 0.0029 0.0000 0.5600 0.0300 0.4100 0.4600
 0.1679  5.344  0.342   79.0 0.0020 0.0051 0.0000 1.4500 0.0400 0.1100 0.3400
 0.2128  6.266  0.330   80.0 0.0021 0.0068 0.0000 2.0500 0.0200 0.0200 0.2700
 0.2759  7.501  0.296   81.0 0.0017 0.0026 0.0000 0.8500 0.0100 0.0400 0.2400
