HERMES Deuteron F2/2 data
A. Airapetian et al., JHEP 05 (2011) 126
Some outstanding bins cut by JFO compared to original file
0.075  : normalisation error
    x        Q2       F2         i        stat        syst    dummy   dummy
  0.0069  0.2910  1.6400e-01  1.0000  2.3124e-03  1.0267e-02  1.000  1.000
  0.0102  0.4040  1.9300e-01  2.0000  2.5090e-03  8.8870e-03  1.000  1.000
  0.0142  0.5140  2.1700e-01  3.0000  1.8228e-03  1.0278e-02  1.000  1.000
  0.0186  0.6260  2.4200e-01  4.0000  2.2990e-03  1.0179e-02  1.000  1.000
  0.0244  0.7250  2.7400e-01  5.0000  2.2194e-03  1.3379e-02  1.000  1.000
  0.0325  0.8720  2.9100e-01  6.0000  2.5317e-03  1.1727e-02  1.000  1.000
  0.0398  0.9030  3.0600e-01  7.0000  4.0392e-03  1.2848e-02  1.000  1.000
  0.0486  0.9290  3.2300e-01  8.0000  7.2998e-03  2.2460e-02  1.000  1.000
  0.0595  1.1020  3.2300e-01  9.0000  8.3980e-03  1.1333e-02  1.000  1.000
  0.0724  1.1270  3.4800e-01  10.0000  9.1176e-03  1.9577e-02  1.000  1.000
  0.0882  1.1670  3.3800e-01  11.0000  8.5514e-03  1.2649e-02  1.000  1.000
  0.1078  1.2050  3.4500e-01  12.0000  1.2627e-02  2.1021e-02  1.000  1.000
  0.1330  1.2630  3.2900e-01  13.0000  1.0067e-02  9.3348e-03  1.000  1.000
  0.1657  1.3370  3.5400e-01  14.0000  9.3810e-03  2.7054e-02  1.000  1.000
  0.2093  1.4470  2.9800e-01  15.0000  6.5858e-03  1.0624e-02  1.000  1.000
  0.2642  1.7490  2.9800e-01  16.0000  3.7250e-03  1.2700e-02  1.000  1.000
  0.3477  2.6720  2.1700e-01  17.0000  2.9729e-03  1.7096e-02  1.000  1.000
  0.4605  4.2240  1.4200e-01  18.0000  1.6046e-03  6.3048e-03  1.000  1.000
  0.6346  8.6880  4.7000e-02  19.0000  1.3160e-03  8.0564e-04  1.000  1.000
  0.0085  0.3540  1.8900e-01  20.0000  2.4381e-03  8.7612e-03  1.000  1.000
  0.0117  0.4770  2.2600e-01  21.0000  1.7402e-03  7.3064e-03  1.000  1.000
  0.0152  0.6120  2.4100e-01  22.0000  1.4701e-03  6.3992e-03  1.000  1.000
  0.0193  0.7700  2.5800e-01  23.0000  1.6512e-03  6.9364e-03  1.000  1.000
  0.0250  0.8960  2.7200e-01  24.0000  1.4144e-03  5.2694e-03  1.000  1.000
  0.0327  1.1440  2.9100e-01  25.0000  1.9788e-03  5.4495e-03  1.000  1.000
  0.0401  1.0740  3.0800e-01  26.0000  3.2648e-03  8.9688e-03  1.000  1.000
  0.0490  1.1230  3.1800e-01  27.0000  3.3390e-03  8.7942e-03  1.000  1.000
  0.0596  1.2810  3.3700e-01  28.0000  6.9085e-03  8.1836e-03  1.000  1.000
  0.0725  1.3590  3.2900e-01  29.0000  6.0865e-03  1.3222e-02  1.000  1.000
  0.0884  1.3990  3.4900e-01  30.0000  6.8404e-03  1.2623e-02  1.000  1.000
  0.1082  1.5540  3.4800e-01  31.0000  4.2456e-03  1.5207e-02  1.000  1.000
  0.1333  1.6320  3.3900e-01  32.0000  6.2715e-03  6.5602e-03  1.000  1.000
  0.1661  1.8110  3.4100e-01  33.0000  3.4441e-03  1.4087e-02  1.000  1.000
  0.2104  2.0500  3.1400e-01  34.0000  4.8042e-03  8.9845e-03  1.000  1.000
  0.2722  2.4710  2.8500e-01  35.0000  2.9070e-03  1.1208e-02  1.000  1.000
  0.3620  3.7900  2.1800e-01  36.0000  1.8748e-03  4.9770e-03  1.000  1.000
  0.4900  6.0260  1.2000e-01  37.0000  7.8000e-04  1.3522e-03  1.000  1.000
  0.6641  12.7780  3.6000e-02  38.0000  8.3520e-04  3.9070e-04  1.000  1.000
  0.0270  1.0920  2.9200e-01  39.0000  1.9856e-03  9.3140e-03  1.000  1.000
  0.0338  1.3910  3.0900e-01  40.0000  3.0591e-03  1.1085e-02  1.000  1.000
  0.0401  1.2930  3.0900e-01  41.0000  2.4720e-03  9.4402e-03  1.000  1.000
  0.0490  1.4600  3.1600e-01  42.0000  2.2120e-03  5.2970e-03  1.000  1.000
  0.0596  1.4660  3.2300e-01  43.0000  3.5207e-03  6.0658e-03  1.000  1.000
  0.0726  1.6270  3.3700e-01  44.0000  3.7070e-03  7.1006e-03  1.000  1.000
  0.0885  1.6910  3.3700e-01  45.0000  3.7407e-03  5.0165e-03  1.000  1.000
  0.1082  2.0130  3.4100e-01  46.0000  3.2736e-03  9.2986e-03  1.000  1.000
  0.1334  2.1580  3.3500e-01  47.0000  3.6515e-03  7.3569e-03  1.000  1.000
  0.1662  2.4580  3.2800e-01  48.0000  4.0016e-03  3.3735e-03  1.000  1.000
  0.2105  2.8510  3.1000e-01  49.0000  2.3250e-03  7.4983e-03  1.000  1.000
  0.2724  3.4790  2.7200e-01  50.0000  1.8224e-03  4.7956e-03  1.000  1.000
  0.3622  5.1250  2.0500e-01  51.0000  1.2710e-03  3.7983e-03  1.000  1.000
  0.4957  8.2800  1.1300e-01  52.0000  7.9100e-04  2.5329e-03  1.000  1.000
  0.0408  1.6150  3.1100e-01  53.0000  2.1148e-03  9.9084e-03  1.000  1.000
  0.0496  1.9270  3.2000e-01  54.0000  1.9200e-03  9.5425e-03  1.000  1.000
  0.0596  1.6750  3.2800e-01  55.0000  3.9688e-03  6.5729e-03  1.000  1.000
  0.0726  1.9280  3.3900e-01  56.0000  4.9494e-03  7.3873e-03  1.000  1.000
  0.0885  2.0800  3.3900e-01  57.0000  3.0171e-03  4.2972e-03  1.000  1.000
  0.1083  2.4900  3.3600e-01  58.0000  3.3936e-03  5.1837e-03  1.000  1.000
  0.1334  2.7950  3.4500e-01  59.0000  2.8635e-03  9.2639e-03  1.000  1.000
  0.1663  3.1950  3.2600e-01  60.0000  2.9340e-03  6.2692e-03  1.000  1.000
  0.2106  3.7090  3.0500e-01  61.0000  2.1045e-03  5.5240e-03  1.000  1.000
  0.2726  4.5270  2.6600e-01  62.0000  2.3408e-03  5.7129e-03  1.000  1.000
  0.3624  6.7970  1.9700e-01  63.0000  1.1426e-03  3.2208e-03  1.000  1.000
  0.5038  11.3440  1.0300e-01  64.0000  1.0609e-03  1.6904e-03  1.000  1.000
  0.0597  1.9060  3.2100e-01  65.0000  2.8890e-03  3.5923e-03  1.000  1.000
  0.0726  2.2760  3.3400e-01  66.0000  3.0728e-03  5.4751e-03  1.000  1.000
  0.0885  2.5870  3.3500e-01  67.0000  2.2780e-03  4.6769e-03  1.000  1.000
  0.1083  3.0710  3.3800e-01  68.0000  1.8590e-03  5.1530e-03  1.000  1.000
  0.1335  3.5380  3.3000e-01  69.0000  2.7060e-03  3.1178e-03  1.000  1.000
  0.1664  4.0510  3.2100e-01  70.0000  1.7334e-03  4.2839e-03  1.000  1.000
  0.2107  4.7020  2.9800e-01  71.0000  1.6986e-03  3.0795e-03  1.000  1.000
  0.2726  5.6850  2.6200e-01  72.0000  1.7292e-03  5.3289e-03  1.000  1.000
  0.3679  9.1540  1.8900e-01  73.0000  1.3041e-03  2.6898e-03  1.000  1.000
