HERMES proton F2 data
A. Airapetian et al., JHEP 05 (2011) 126
*
0.076  : normalisation error
    x        Q2       F2         i        stat        syst    dummy   dummy
  0.0069  0.2910  1.6200e-01  1.0000  2.5920e-03  1.1542e-02  1.000  1.000
  0.0102  0.4040  2.0000e-01  2.0000  2.7000e-03  9.8740e-03  1.000  1.000
  0.0142  0.5140  2.1900e-01  3.0000  1.9929e-03  1.0799e-02  1.000  1.000
  0.0186  0.6260  2.4100e-01  4.0000  2.3859e-03  1.0420e-02  1.000  1.000
  0.0244  0.7250  2.7700e-01  5.0000  2.2991e-03  1.3722e-02  1.000  1.000
  0.0325  0.8720  2.9900e-01  6.0000  2.6312e-03  1.2260e-02  1.000  1.000
  0.0398  0.9030  3.1000e-01  7.0000  4.0920e-03  1.3440e-02  1.000  1.000
  0.0486  0.9290  3.3400e-01  8.0000  7.1810e-03  2.3390e-02  1.000  1.000
  0.0595  1.1020  3.3400e-01  9.0000  8.1496e-03  1.1761e-02  1.000  1.000
  0.0724  1.1270  3.6800e-01  10.0000  8.7952e-03  2.0846e-02  1.000  1.000
  0.0882  1.1670  3.5100e-01  11.0000  7.8975e-03  1.2772e-02  1.000  1.000
  0.1078  1.2050  3.7300e-01  12.0000  1.2048e-02  2.2437e-02  1.000  1.000
  0.1330  1.2630  3.6900e-01  13.0000  9.5202e-03  1.0498e-02  1.000  1.000
  0.1657  1.3370  3.8300e-01  14.0000  8.6175e-03  2.9541e-02  1.000  1.000
  0.2093  1.4470  3.4100e-01  15.0000  5.9675e-03  1.2302e-02  1.000  1.000
  0.2642  1.7490  3.5200e-01  16.0000  3.8720e-03  1.5490e-02  1.000  1.000
  0.3477  2.6720  2.6900e-01  17.0000  3.2818e-03  2.1302e-02  1.000  1.000
  0.4605  4.2240  1.7900e-01  18.0000  1.9511e-03  8.0385e-03  1.000  1.000
  0.6346  8.6880  6.4000e-02  19.0000  1.6768e-03  1.1259e-03  1.000  1.000
  0.0085  0.3540  1.9100e-01  20.0000  2.7695e-03  1.0054e-02  1.000  1.000
  0.0117  0.4770  2.2800e-01  21.0000  1.9380e-03  8.9821e-03  1.000  1.000
  0.0152  0.6120  2.4300e-01  22.0000  1.6524e-03  7.7947e-03  1.000  1.000
  0.0193  0.7700  2.6100e-01  23.0000  1.8270e-03  7.9496e-03  1.000  1.000
  0.0250  0.8960  2.7200e-01  24.0000  1.5232e-03  6.0672e-03  1.000  1.000
  0.0327  1.1440  2.9500e-01  25.0000  2.0945e-03  6.0476e-03  1.000  1.000
  0.0401  1.0740  3.1500e-01  26.0000  3.4335e-03  9.4323e-03  1.000  1.000
  0.0490  1.1230  3.2600e-01  27.0000  3.4556e-03  9.2389e-03  1.000  1.000
  0.0596  1.2810  3.4300e-01  28.0000  6.8600e-03  8.5895e-03  1.000  1.000
  0.0725  1.3590  3.4900e-01  29.0000  6.0028e-03  1.4076e-02  1.000  1.000
  0.0884  1.3990  3.7100e-01  30.0000  6.6038e-03  1.3473e-02  1.000  1.000
  0.1082  1.5540  3.7400e-01  31.0000  4.2636e-03  1.6363e-02  1.000  1.000
  0.1333  1.6320  3.7200e-01  32.0000  6.2124e-03  7.2757e-03  1.000  1.000
  0.1661  1.8110  3.7300e-01  33.0000  3.6181e-03  1.5450e-02  1.000  1.000
  0.2104  2.0500  3.5200e-01  34.0000  4.8576e-03  1.0153e-02  1.000  1.000
  0.2722  2.4710  3.2900e-01  35.0000  3.1255e-03  1.2985e-02  1.000  1.000
  0.3620  3.7900  2.6800e-01  36.0000  2.1708e-03  6.1692e-03  1.000  1.000
  0.4900  6.0260  1.5600e-01  37.0000  9.6720e-04  1.8204e-03  1.000  1.000
  0.6641  12.7780  4.7000e-02  38.0000  1.0293e-03  5.1507e-04  1.000  1.000
  0.0270  1.0920  2.8900e-01  39.0000  2.1964e-03  9.8887e-03  1.000  1.000
  0.0338  1.3910  3.0700e-01  40.0000  3.3156e-03  1.1660e-02  1.000  1.000
  0.0401  1.2930  3.1300e-01  41.0000  2.5979e-03  9.8428e-03  1.000  1.000
  0.0490  1.4600  3.2700e-01  42.0000  2.2890e-03  5.7572e-03  1.000  1.000
  0.0596  1.4660  3.3900e-01  43.0000  3.7290e-03  6.6391e-03  1.000  1.000
  0.0726  1.6270  3.5300e-01  44.0000  3.8124e-03  7.5547e-03  1.000  1.000
  0.0885  1.6910  3.5100e-01  45.0000  3.8259e-03  5.3129e-03  1.000  1.000
  0.1082  2.0130  3.6700e-01  46.0000  3.4865e-03  1.0027e-02  1.000  1.000
  0.1334  2.1580  3.5900e-01  47.0000  3.7336e-03  7.9354e-03  1.000  1.000
  0.1662  2.4580  3.6300e-01  48.0000  4.1745e-03  3.8068e-03  1.000  1.000
  0.2105  2.8510  3.5500e-01  49.0000  2.5915e-03  8.6040e-03  1.000  1.000
  0.2724  3.4790  3.1600e-01  50.0000  2.0856e-03  5.5936e-03  1.000  1.000
  0.3622  5.1250  2.5000e-01  51.0000  1.5000e-03  4.6371e-03  1.000  1.000
  0.4957  8.2800  1.4700e-01  52.0000  9.7020e-04  3.2963e-03  1.000  1.000
  0.0408  1.6150  3.1700e-01  53.0000  2.2824e-03  1.0697e-02  1.000  1.000
  0.0496  1.9270  3.2300e-01  54.0000  2.0995e-03  1.0075e-02  1.000  1.000
  0.0596  1.6750  3.3700e-01  55.0000  4.1114e-03  6.9003e-03  1.000  1.000
  0.0726  1.9280  3.5200e-01  56.0000  4.9984e-03  7.7641e-03  1.000  1.000
  0.0885  2.0800  3.5400e-01  57.0000  3.2214e-03  4.6312e-03  1.000  1.000
  0.1083  2.4900  3.6400e-01  58.0000  3.6036e-03  5.6454e-03  1.000  1.000
  0.1334  2.7950  3.7200e-01  59.0000  3.0504e-03  1.0007e-02  1.000  1.000
  0.1663  3.1950  3.5800e-01  60.0000  3.1504e-03  6.9132e-03  1.000  1.000
  0.2106  3.7090  3.4300e-01  61.0000  2.3324e-03  6.2300e-03  1.000  1.000
  0.2726  4.5270  3.1500e-01  62.0000  2.6460e-03  6.7696e-03  1.000  1.000
  0.3624  6.7970  2.4200e-01  63.0000  1.3794e-03  3.9584e-03  1.000  1.000
  0.5038  11.3440  1.3200e-01  64.0000  1.2936e-03  2.1688e-03  1.000  1.000
  0.0597  1.9060  3.3300e-01  65.0000  3.0969e-03  4.0569e-03  1.000  1.000
  0.0726  2.2760  3.4600e-01  66.0000  3.2178e-03  5.7890e-03  1.000  1.000
  0.0885  2.5870  3.5100e-01  67.0000  2.4570e-03  4.9624e-03  1.000  1.000
  0.1083  3.0710  3.5500e-01  68.0000  2.0590e-03  5.4513e-03  1.000  1.000
  0.1335  3.5380  3.5600e-01  69.0000  2.9192e-03  3.4011e-03  1.000  1.000
  0.1664  4.0510  3.5400e-01  70.0000  1.9824e-03  4.7474e-03  1.000  1.000
  0.2107  4.7020  3.3600e-01  71.0000  1.9488e-03  3.4883e-03  1.000  1.000
  0.2726  5.6850  3.0400e-01  72.0000  2.0064e-03  6.1877e-03  1.000  1.000
  0.3679  9.1540  2.3400e-01  73.0000  1.5912e-03  3.3385e-03  1.000  1.000
  0.0603  2.3190  3.3000e-01  74.0000  2.5080e-03  9.4453e-03  1.000  1.000
  0.0734  2.8060  3.3900e-01  75.0000  2.3391e-03  8.2912e-03  1.000  1.000
  0.0894  3.3410  3.4900e-01  76.0000  2.3732e-03  6.5636e-03  1.000  1.000
  0.1094  3.9460  3.4600e-01  77.0000  2.1452e-03  5.3028e-03  1.000  1.000
  0.1347  4.6180  3.4600e-01  78.0000  2.0068e-03  2.8828e-03  1.000  1.000
  0.1679  5.3440  3.4200e-01  79.0000  1.9836e-03  5.1092e-03  1.000  1.000
  0.2128  6.2660  3.3000e-01  80.0000  2.0790e-03  6.8241e-03  1.000  1.000
  0.2759  7.5010  2.9600e-01  81.0000  1.6872e-03  2.6172e-03  1.000  1.000
