HERMES d/p cross section ratio data
A. Airapetian et al., JHEP 05 (2011) 126
*
0.014  : normalisation error
    x        Q2      ratio       i        stat        syst    dummy  dummy
  0.0069  0.2910  9.9200e-01  1.0000  2.1725e-02  4.1061e-02  1.000  1.000
  0.0102  0.4040  9.5200e-01  2.0000  1.8374e-02  2.5694e-02  1.000  1.000
  0.0142  0.5140  9.7900e-01  3.0000  1.2433e-02  2.0123e-02  1.000  1.000
  0.0186  0.6260  9.8400e-01  4.0000  1.3874e-02  1.7258e-02  1.000  1.000
  0.0244  0.7250  9.7700e-01  5.0000  1.1822e-02  1.5272e-02  1.000  1.000
  0.0325  0.8720  9.6500e-01  6.0000  1.2159e-02  1.5215e-02  1.000  1.000
  0.0398  0.9030  9.7200e-01  7.0000  1.8857e-02  1.7649e-02  1.000  1.000
  0.0486  0.9290  9.6200e-01  8.0000  3.1169e-02  2.6488e-02  1.000  1.000
  0.0595  1.1020  9.4800e-01  9.0000  3.5266e-02  1.9189e-02  1.000  1.000
  0.0724  1.1270  9.3600e-01  10.0000  3.4538e-02  1.2438e-02  1.000  1.000
  0.0882  1.1670  9.5400e-01  11.0000  3.3485e-02  1.9499e-02  1.000  1.000
  0.1078  1.2050  9.2300e-01  12.0000  4.6335e-02  1.5816e-02  1.000  1.000
  0.1330  1.2630  8.8500e-01  13.0000  3.6639e-02  1.9023e-02  1.000  1.000
  0.1657  1.3370  9.2700e-01  14.0000  3.3094e-02  2.5112e-02  1.000  1.000
  0.2093  1.4470  8.7300e-01  15.0000  2.5055e-02  1.9807e-02  1.000  1.000
  0.2642  1.7490  8.4800e-01  16.0000  1.4586e-02  2.5164e-02  1.000  1.000
  0.3477  2.6720  7.9800e-01  17.0000  1.5002e-02  1.6614e-02  1.000  1.000
  0.4605  4.2240  7.8300e-01  18.0000  1.2450e-02  1.3939e-02  1.000  1.000
  0.6346  8.6880  7.4300e-01  19.0000  2.8977e-02  9.5246e-03  1.000  1.000
  0.0085  0.3540  9.6800e-01  20.0000  1.9070e-02  2.9515e-02  1.000  1.000
  0.0117  0.4770  9.6700e-01  21.0000  1.1314e-02  2.5912e-02  1.000  1.000
  0.0152  0.6120  9.7200e-01  22.0000  9.0396e-03  2.3519e-02  1.000  1.000
  0.0193  0.7700  9.6900e-01  23.0000  9.3993e-03  2.0312e-02  1.000  1.000
  0.0250  0.8960  9.8100e-01  24.0000  7.6518e-03  1.6789e-02  1.000  1.000
  0.0327  1.1440  9.7200e-01  25.0000  9.7200e-03  1.6155e-02  1.000  1.000
  0.0401  1.0740  9.6400e-01  26.0000  1.5038e-02  1.3656e-02  1.000  1.000
  0.0490  1.1230  9.6200e-01  27.0000  1.4911e-02  1.2524e-02  1.000  1.000
  0.0596  1.2810  9.6900e-01  28.0000  2.8682e-02  1.0079e-02  1.000  1.000
  0.0725  1.3590  9.2800e-01  29.0000  2.4406e-02  5.9021e-03  1.000  1.000
  0.0884  1.3990  9.2500e-01  30.0000  2.5067e-02  5.2497e-03  1.000  1.000
  0.1082  1.5540  9.2100e-01  31.0000  1.5933e-02  5.6744e-03  1.000  1.000
  0.1333  1.6320  9.0100e-01  32.0000  2.3156e-02  8.1280e-03  1.000  1.000
  0.1661  1.8110  9.0300e-01  33.0000  1.3093e-02  5.1121e-03  1.000  1.000
  0.2104  2.0500  8.8500e-01  34.0000  1.8850e-02  5.8343e-03  1.000  1.000
  0.2722  2.4710  8.6000e-01  35.0000  1.2298e-02  7.0709e-03  1.000  1.000
  0.3620  3.7900  8.0900e-01  36.0000  9.7889e-03  4.9083e-03  1.000  1.000
  0.4900  6.0260  7.6800e-01  37.0000  6.9888e-03  5.0740e-03  1.000  1.000
  0.6641  12.7780  7.5600e-01  38.0000  2.4343e-02  5.1107e-03  1.000  1.000
  0.0270  1.0920  9.9000e-01  39.0000  1.0296e-02  2.0543e-02  1.000  1.000
  0.0338  1.3910  9.9000e-01  40.0000  1.4751e-02  2.2478e-02  1.000  1.000
  0.0401  1.2930  9.7500e-01  41.0000  1.1505e-02  1.4154e-02  1.000  1.000
  0.0490  1.4600  9.5200e-01  42.0000  9.7104e-03  1.0815e-02  1.000  1.000
  0.0596  1.4660  9.4100e-01  43.0000  1.4962e-02  7.3041e-03  1.000  1.000
  0.0726  1.6270  9.4300e-01  44.0000  1.4994e-02  5.5669e-03  1.000  1.000
  0.0885  1.6910  9.4500e-01  45.0000  1.5120e-02  4.4122e-03  1.000  1.000
  0.1082  2.0130  9.1700e-01  46.0000  1.2746e-02  3.6056e-03  1.000  1.000
  0.1334  2.1580  9.2000e-01  47.0000  1.4444e-02  3.6627e-03  1.000  1.000
  0.1662  2.4580  8.9100e-01  48.0000  1.5503e-02  3.0723e-03  1.000  1.000
  0.2105  2.8510  8.6200e-01  49.0000  9.2234e-03  2.6736e-03  1.000  1.000
  0.2724  3.4790  8.5100e-01  50.0000  8.1696e-03  2.6422e-03  1.000  1.000
  0.3622  5.1250  8.1300e-01  51.0000  7.0731e-03  1.8052e-03  1.000  1.000
  0.4957  8.2800  7.6000e-01  52.0000  7.3720e-03  1.7546e-03  1.000  1.000
  0.0408  1.6150  9.6900e-01  53.0000  9.7869e-03  1.9437e-02  1.000  1.000
  0.0496  1.9270  9.7800e-01  54.0000  8.8020e-03  1.6113e-02  1.000  1.000
  0.0596  1.6750  9.6100e-01  55.0000  1.6914e-02  7.4190e-03  1.000  1.000
  0.0726  1.9280  9.5100e-01  56.0000  2.0066e-02  4.9826e-03  1.000  1.000
  0.0885  2.0800  9.4600e-01  57.0000  1.2393e-02  4.1764e-03  1.000  1.000
  0.1083  2.4900  9.1400e-01  58.0000  1.3344e-02  4.2054e-03  1.000  1.000
  0.1334  2.7950  9.2300e-01  59.0000  1.1076e-02  3.3048e-03  1.000  1.000
  0.1663  3.1950  8.9600e-01  60.0000  1.1558e-02  2.4126e-03  1.000  1.000
  0.2106  3.7090  8.7700e-01  61.0000  8.6823e-03  2.0398e-03  1.000  1.000
  0.2726  4.5270  8.3400e-01  62.0000  1.0425e-02  1.5104e-03  1.000  1.000
  0.3624  6.7970  8.0800e-01  63.0000  6.6256e-03  1.0628e-03  1.000  1.000
  0.5038  11.3440  7.7000e-01  64.0000  1.1011e-02  2.3920e-03  1.000  1.000
  0.0597  1.9060  9.5000e-01  65.0000  1.2445e-02  7.8827e-03  1.000  1.000
  0.0726  2.2760  9.5400e-01  66.0000  1.2784e-02  5.8529e-03  1.000  1.000
  0.0885  2.5870  9.4400e-01  67.0000  9.4400e-03  4.3588e-03  1.000  1.000
  0.1083  3.0710  9.4000e-01  68.0000  7.6140e-03  3.3114e-03  1.000  1.000
  0.1335  3.5380  9.1200e-01  69.0000  1.0944e-02  2.4893e-03  1.000  1.000
  0.1664  4.0510  9.0100e-01  70.0000  7.1179e-03  1.9678e-03  1.000  1.000
  0.2107  4.7020  8.7800e-01  71.0000  7.1996e-03  1.5334e-03  1.000  1.000
  0.2726  5.6850  8.5300e-01  72.0000  8.1035e-03  1.1602e-03  1.000  1.000
  0.3679  9.1540  8.0200e-01  73.0000  7.8596e-03  2.0914e-03  1.000  1.000
  0.0603  2.3190  9.6900e-01  74.0000  1.0368e-02  1.2285e-02  1.000  1.000
  0.0734  2.8060  9.5500e-01  75.0000  9.1680e-03  9.0906e-03  1.000  1.000
  0.0894  3.3410  9.3600e-01  76.0000  8.9856e-03  6.7916e-03  1.000  1.000
  0.1094  3.9460  9.4700e-01  77.0000  8.0495e-03  5.3570e-03  1.000  1.000
  0.1347  4.6180  9.2000e-01  78.0000  7.4520e-03  4.0741e-03  1.000  1.000
  0.1679  5.3440  8.9800e-01  79.0000  7.2738e-03  2.8862e-03  1.000  1.000
  0.2128  6.2660  8.7400e-01  80.0000  7.9534e-03  2.2741e-03  1.000  1.000
  0.2759  7.5010  8.2900e-01  81.0000  6.7978e-03  1.9353e-03  1.000  1.000
