HERMES proton reduced cross section sata
A. Airapetian et al., JHEP 05 (2011) 126
*
0.076  : normalisation error
    x       Q2       y       sig_r       stat        syst
  0.0069  0.2910  0.8143  1.4001e-01  2.2401e-03  9.9747e-03
  0.0102  0.4040  0.7647  1.7311e-01  2.3369e-03  8.5462e-03
  0.0142  0.5140  0.6989  1.9320e-01  1.7581e-03  9.5272e-03
  0.0186  0.6260  0.6498  2.1521e-01  2.1306e-03  9.3051e-03
  0.0244  0.7250  0.5737  2.5564e-01  2.1218e-03  1.2663e-02
  0.0325  0.8720  0.5180  2.8002e-01  2.4642e-03  1.1482e-02
  0.0398  0.9030  0.4381  2.9710e-01  3.9217e-03  1.2881e-02
  0.0486  0.9290  0.3691  3.2455e-01  6.9779e-03  2.2728e-02
  0.0595  1.1020  0.3576  3.2569e-01  7.9469e-03  1.1469e-02
  0.0724  1.1270  0.3006  3.6193e-01  8.6500e-03  2.0502e-02
  0.0882  1.1670  0.2555  3.4684e-01  7.8038e-03  1.2620e-02
  0.1078  1.2050  0.2158  3.7032e-01  1.1961e-02  2.2276e-02
  0.1330  1.2630  0.1834  3.6616e-01  9.4470e-03  1.0417e-02
  0.1657  1.3370  0.1558  3.8079e-01  8.5677e-03  2.9370e-02
  0.2093  1.4470  0.1335  3.3987e-01  5.9477e-03  1.2261e-02
  0.2642  1.7490  0.1278  3.5104e-01  3.8614e-03  1.5448e-02
  0.3477  2.6720  0.1484  2.6921e-01  3.2843e-03  2.1319e-02
  0.4605  4.2240  0.1771  1.7832e-01  1.9437e-03  8.0078e-03
  0.6346  8.6880  0.2643  6.3223e-02  1.6564e-03  1.1123e-03
  0.0085  0.3540  0.8041  1.6138e-01  2.3400e-03  8.4944e-03
  0.0117  0.4770  0.7872  1.9268e-01  1.6378e-03  7.5908e-03
  0.0152  0.6120  0.7774  2.0477e-01  1.3924e-03  6.5683e-03
  0.0193  0.7700  0.7703  2.1848e-01  1.5294e-03  6.6547e-03
  0.0250  0.8960  0.6920  2.3766e-01  1.3309e-03  5.3013e-03
  0.0327  1.1440  0.6755  2.6075e-01  1.8513e-03  5.3455e-03
  0.0401  1.0740  0.5171  2.9637e-01  3.2304e-03  8.8744e-03
  0.0490  1.1230  0.4425  3.1174e-01  3.3045e-03  8.8348e-03
  0.0596  1.2810  0.4150  3.3033e-01  6.6066e-03  8.2722e-03
  0.0725  1.3590  0.3619  3.4015e-01  5.8505e-03  1.3719e-02
  0.0884  1.3990  0.3056  3.6443e-01  6.4868e-03  1.3234e-02
  0.1082  1.5540  0.2773  3.6865e-01  4.2026e-03  1.6129e-02
  0.1333  1.6320  0.2364  3.6985e-01  6.1764e-03  7.2336e-03
  0.1661  1.8110  0.2105  3.7066e-01  3.5954e-03  1.5353e-02
  0.2104  2.0500  0.1881  3.5028e-01  4.8338e-03  1.0103e-02
  0.2722  2.4710  0.1753  3.2769e-01  3.1130e-03  1.2933e-02
  0.3620  3.7900  0.2021  2.6786e-01  2.1696e-03  6.1659e-03
  0.4900  6.0260  0.2374  1.5506e-01  9.6136e-04  1.8094e-03
  0.6641  12.7780  0.3715  4.7148e-02  1.0325e-03  5.1669e-04
  0.0270  1.0920  0.7809  2.4036e-01  1.8267e-03  8.2245e-03
  0.0338  1.3910  0.7946  2.5554e-01  2.7598e-03  9.7054e-03
  0.0401  1.2930  0.6226  2.8310e-01  2.3498e-03  8.9027e-03
  0.0490  1.4600  0.5753  3.0200e-01  2.1140e-03  5.3171e-03
  0.0596  1.4660  0.4749  3.2267e-01  3.5494e-03  6.3194e-03
  0.0726  1.6270  0.4327  3.4009e-01  3.6730e-03  7.2785e-03
  0.0885  1.6910  0.3689  3.4286e-01  3.7371e-03  5.1896e-03
  0.1082  2.0130  0.3592  3.5991e-01  3.4191e-03  9.8330e-03
  0.1334  2.1580  0.3123  3.5255e-01  3.6665e-03  7.7928e-03
  0.1662  2.4580  0.2856  3.5834e-01  4.1210e-03  3.7580e-03
  0.2105  2.8510  0.2615  3.5225e-01  2.5714e-03  8.5373e-03
  0.2724  3.4790  0.2466  3.1434e-01  2.0746e-03  5.5642e-03
  0.3622  5.1250  0.2732  2.4792e-01  1.4875e-03  4.5985e-03
  0.4957  8.2800  0.3225  1.4624e-01  9.6520e-04  3.2793e-03
  0.0408  1.6150  0.7643  2.6979e-01  1.9425e-03  9.1036e-03
  0.0496  1.9270  0.7501  2.7910e-01  1.8142e-03  8.7060e-03
  0.0596  1.6750  0.5426  3.1496e-01  3.8425e-03  6.4490e-03
  0.0726  1.9280  0.5127  3.3278e-01  4.7255e-03  7.3402e-03
  0.0885  2.0800  0.4538  3.3918e-01  3.0865e-03  4.4373e-03
  0.1083  2.4900  0.4439  3.5111e-01  3.4759e-03  5.4454e-03
  0.1334  2.7950  0.4045  3.6209e-01  2.9691e-03  9.7405e-03
  0.1663  3.1950  0.3709  3.5143e-01  3.0926e-03  6.7864e-03
  0.2106  3.7090  0.3400  3.3867e-01  2.3030e-03  6.1513e-03
  0.2726  4.5270  0.3206  3.1037e-01  2.6071e-03  6.6701e-03
  0.3624  6.7970  0.3621  2.3948e-01  1.3650e-03  3.9171e-03
  0.5038  11.3440  0.4348  1.3126e-01  1.2863e-03  2.1566e-03
  0.0597  1.9060  0.6164  3.0442e-01  2.8311e-03  3.7087e-03
  0.0726  2.2760  0.6053  3.1928e-01  2.9693e-03  5.3418e-03
  0.0885  2.5870  0.5644  3.2930e-01  2.3051e-03  4.6556e-03
  0.1083  3.0710  0.5475  3.3717e-01  1.9556e-03  5.1775e-03
  0.1335  3.5380  0.5117  3.4218e-01  2.8059e-03  3.2690e-03
  0.1664  4.0510  0.4700  3.4294e-01  1.9204e-03  4.5991e-03
  0.2107  4.7020  0.4309  3.2873e-01  1.9066e-03  3.4128e-03
  0.2726  5.6850  0.4027  2.9971e-01  1.9781e-03  6.1005e-03
  0.3679  9.1540  0.4804  2.2996e-01  1.5637e-03  3.2808e-03
  0.0603  2.3190  0.7425  2.8904e-01  2.1967e-03  8.2730e-03
  0.0734  2.8060  0.7381  3.0086e-01  2.0759e-03  7.3585e-03
  0.0894  3.3410  0.7216  3.1498e-01  2.1418e-03  5.9237e-03
  0.1094  3.9460  0.6964  3.1889e-01  1.9771e-03  4.8874e-03
  0.1347  4.6180  0.6619  3.2364e-01  1.8771e-03  2.6965e-03
  0.1679  5.3440  0.6145  3.2585e-01  1.8899e-03  4.8679e-03
  0.2128  6.2660  0.5685  3.1896e-01  2.0095e-03  6.5958e-03
  0.2759  7.5010  0.5249  2.8950e-01  1.6502e-03  2.5598e-03
