HERMES Deuteron reduced cross section data
A. Airapetian et al., JHEP 05 (2011) 126
*
0.075  : normalisation error
    x       Q2       y       sig_r       stat        syst
  0.0069  0.2910  0.4073  1.0719e-01  1.5114e-03  6.7108e-03
  0.0102  0.4040  0.3826  1.3227e-01  1.7195e-03  6.0906e-03
  0.0142  0.5140  0.3496  1.4809e-01  1.2440e-03  7.0140e-03
  0.0186  0.6260  0.3251  1.6600e-01  1.5770e-03  6.9826e-03
  0.0244  0.7250  0.2870  2.0030e-01  1.6224e-03  9.7804e-03
  0.0325  0.8720  0.2591  2.2281e-01  1.9384e-03  8.9793e-03
  0.0398  0.9030  0.2191  2.4286e-01  3.2058e-03  1.0197e-02
  0.0486  0.9290  0.1846  2.7257e-01  6.1600e-03  1.8953e-02
  0.0595  1.1020  0.1789  2.7484e-01  7.1457e-03  9.6429e-03
  0.0724  1.1270  0.1503  3.1304e-01  8.2017e-03  1.7610e-02
  0.0882  1.1670  0.1278  3.0620e-01  7.7467e-03  1.1459e-02
  0.1078  1.2050  0.1080  3.3305e-01  1.2190e-02  2.0293e-02
  0.1330  1.2630  0.0917  3.3447e-01  1.0235e-02  9.4900e-03
  0.1657  1.3370  0.0779  3.5250e-01  9.3412e-03  2.6939e-02
  0.2093  1.4470  0.0668  3.1807e-01  7.0293e-03  1.1340e-02
  0.2642  1.7490  0.0639  3.2944e-01  4.1180e-03  1.4040e-02
  0.3477  2.6720  0.0742  2.5012e-01  3.4266e-03  1.9706e-02
  0.4605  4.2240  0.0886  1.6339e-01  1.8463e-03  7.2545e-03
  0.6346  8.6880  0.1322  5.5608e-02  1.5570e-03  9.5319e-04
  0.0085  0.3540  0.4023  1.2347e-01  1.5927e-03  5.7233e-03
  0.0117  0.4770  0.3938  1.4729e-01  1.1342e-03  4.7619e-03
  0.0152  0.6120  0.3889  1.5649e-01  9.5459e-04  4.1552e-03
  0.0193  0.7700  0.3853  1.6696e-01  1.0685e-03  4.4888e-03
  0.0250  0.8960  0.3462  1.8231e-01  9.4800e-04  3.5318e-03
  0.0327  1.1440  0.3379  2.0041e-01  1.3628e-03  3.7530e-03
  0.0401  1.0740  0.2587  2.3589e-01  2.5004e-03  6.8690e-03
  0.0490  1.1230  0.2214  2.5442e-01  2.6715e-03  7.0360e-03
  0.0596  1.2810  0.2076  2.7239e-01  5.5840e-03  6.6147e-03
  0.0725  1.3590  0.1811  2.8652e-01  5.3006e-03  1.1515e-02
  0.0884  1.3990  0.1529  3.1451e-01  6.1643e-03  1.1376e-02
  0.1082  1.5540  0.1387  3.2222e-01  3.9311e-03  1.4081e-02
  0.1333  1.6320  0.1183  3.2943e-01  6.0944e-03  6.3750e-03
  0.1661  1.8110  0.1053  3.3420e-01  3.3755e-03  1.3806e-02
  0.2104  2.0500  0.0941  3.1923e-01  4.8842e-03  9.1341e-03
  0.2722  2.4710  0.0877  3.0050e-01  3.0651e-03  1.1818e-02
  0.3620  3.7900  0.1011  2.4250e-01  2.0855e-03  5.5362e-03
  0.4900  6.0260  0.1188  1.3807e-01  8.9746e-04  1.5558e-03
  0.6641  12.7780  0.1858  3.9592e-02  9.1853e-04  4.2967e-04
  0.0270  1.0920  0.3906  1.8372e-01  1.2493e-03  5.8602e-03
  0.0338  1.3910  0.3975  1.9543e-01  1.9348e-03  7.0106e-03
  0.0401  1.2930  0.3114  2.1945e-01  1.7556e-03  6.7042e-03
  0.0490  1.4600  0.2878  2.3655e-01  1.6558e-03  3.9652e-03
  0.0596  1.4660  0.2376  2.6036e-01  2.8379e-03  4.8894e-03
  0.0726  1.6270  0.2165  2.7858e-01  3.0644e-03  5.8697e-03
  0.0885  1.6910  0.1846  2.8797e-01  3.1965e-03  4.2867e-03
  0.1082  2.0130  0.1797  3.0353e-01  2.9138e-03  8.2767e-03
  0.1334  2.1580  0.1562  3.0336e-01  3.3066e-03  6.6621e-03
  0.1662  2.4580  0.1428  3.1206e-01  3.8071e-03  3.2095e-03
  0.2105  2.8510  0.1308  3.1014e-01  2.3260e-03  7.5016e-03
  0.2724  3.4790  0.1234  2.7868e-01  1.8671e-03  4.9133e-03
  0.3622  5.1250  0.1367  2.1714e-01  1.3463e-03  4.0232e-03
  0.4957  8.2800  0.1613  1.2533e-01  8.7730e-04  2.8092e-03
  0.0408  1.6150  0.3823  2.0618e-01  1.4021e-03  6.5690e-03
  0.0496  1.9270  0.3752  2.1334e-01  1.2800e-03  6.3619e-03
  0.0596  1.6750  0.2714  2.4884e-01  3.0110e-03  4.9866e-03
  0.0726  1.9280  0.2565  2.6525e-01  3.8726e-03  5.7802e-03
  0.0885  2.0800  0.2270  2.7571e-01  2.4539e-03  3.4950e-03
  0.1083  2.4900  0.2221  2.8644e-01  2.8930e-03  4.4190e-03
  0.1334  2.7950  0.2024  2.9983e-01  2.4886e-03  8.0510e-03
  0.1663  3.1950  0.1856  2.9497e-01  2.6547e-03  5.6724e-03
  0.2106  3.7090  0.1701  2.8797e-01  1.9870e-03  5.2155e-03
  0.2726  4.5270  0.1604  2.6614e-01  2.3420e-03  5.7158e-03
  0.3624  6.7970  0.1812  2.0178e-01  1.1703e-03  3.2990e-03
  0.5038  11.3440  0.2175  1.0753e-01  1.1075e-03  1.7647e-03
  0.0597  1.9060  0.3084  2.3627e-01  2.1264e-03  2.6441e-03
  0.0726  2.2760  0.3028  2.4839e-01  2.2851e-03  4.0716e-03
  0.0885  2.5870  0.2823  2.5867e-01  1.7590e-03  3.6114e-03
  0.1083  3.0710  0.2739  2.6607e-01  1.4634e-03  4.0564e-03
  0.1335  3.5380  0.2560  2.7287e-01  2.2376e-03  2.5780e-03
  0.1664  4.0510  0.2351  2.7724e-01  1.4971e-03  3.6999e-03
  0.2107  4.7020  0.2155  2.6953e-01  1.5363e-03  2.7853e-03
  0.2726  5.6850  0.2014  2.4842e-01  1.6396e-03  5.0528e-03
  0.3679  9.1540  0.2403  1.8534e-01  1.2789e-03  2.6377e-03
  0.0603  2.3190  0.3715  2.2100e-01  1.6133e-03  6.1240e-03
  0.0734  2.8060  0.3692  2.3009e-01  1.4956e-03  5.4918e-03
  0.0894  3.3410  0.3610  2.4110e-01  1.5671e-03  4.4105e-03
  0.1094  3.9460  0.3484  2.4461e-01  1.4187e-03  3.6671e-03
  0.1347  4.6180  0.3311  2.4931e-01  1.3712e-03  2.0027e-03
  0.1679  5.3440  0.3074  2.5311e-01  1.4174e-03  3.7585e-03
  0.2128  6.2660  0.2844  2.5040e-01  1.5775e-03  5.1688e-03
  0.2759  7.5010  0.2626  2.3004e-01  1.3113e-03  2.0231e-03
