Jlab E00-116 proton data 
S.Malace et al. Phys.Rev.C80:035207,2009
*
.0175  0 : Normalization error
   x          Q2         y        sig_r       stat         sys  
 0.483E+00 0.359E+01 0.719E+00  0.1716E+00  0.2722E-02  0.2633E-02  1.0  1.0
 0.490E+00 0.362E+01 0.716E+00  0.1679E+00  0.2658E-02  0.2582E-02  1.0  1.0
 0.498E+00 0.366E+01 0.713E+00  0.1628E+00  0.2555E-02  0.2504E-02  1.0  1.0
 0.505E+00 0.370E+01 0.710E+00  0.1554E+00  0.2488E-02  0.2386E-02  1.0  1.0
 0.513E+00 0.374E+01 0.707E+00  0.1487E+00  0.2408E-02  0.2279E-02  1.0  1.0
 0.520E+00 0.378E+01 0.704E+00  0.1438E+00  0.2353E-02  0.2211E-02  1.0  1.0
 0.528E+00 0.382E+01 0.701E+00  0.1431E+00  0.2323E-02  0.2193E-02  1.0  1.0
 0.535E+00 0.386E+01 0.698E+00  0.1391E+00  0.2266E-02  0.2136E-02  1.0  1.0
 0.543E+00 0.390E+01 0.695E+00  0.1280E+00  0.2156E-02  0.1960E-02  1.0  1.0
 0.551E+00 0.393E+01 0.692E+00  0.1214E+00  0.2111E-02  0.1862E-02  1.0  1.0
 0.559E+00 0.397E+01 0.689E+00  0.1184E+00  0.2065E-02  0.1815E-02  1.0  1.0
 0.567E+00 0.401E+01 0.686E+00  0.1155E+00  0.2019E-02  0.1781E-02  1.0  1.0
 0.575E+00 0.405E+01 0.683E+00  0.1125E+00  0.1972E-02  0.1734E-02  1.0  1.0
 0.583E+00 0.409E+01 0.680E+00  0.1116E+00  0.1951E-02  0.1712E-02  1.0  1.0
 0.591E+00 0.413E+01 0.676E+00  0.1069E+00  0.1890E-02  0.1637E-02  1.0  1.0
 0.600E+00 0.417E+01 0.673E+00  0.9887E-01  0.1802E-02  0.1521E-02  1.0  1.0
 0.600E+00 0.417E+01 0.673E+00  0.1013E+00  0.1361E-02  0.1562E-02  1.0  1.0
 0.610E+00 0.421E+01 0.670E+00  0.9568E-01  0.1298E-02  0.1472E-02  1.0  1.0
 0.620E+00 0.426E+01 0.666E+00  0.9154E-01  0.1248E-02  0.1409E-02  1.0  1.0
 0.629E+00 0.430E+01 0.663E+00  0.8385E-01  0.1171E-02  0.1292E-02  1.0  1.0
 0.639E+00 0.435E+01 0.659E+00  0.8113E-01  0.1146E-02  0.1241E-02  1.0  1.0
 0.649E+00 0.439E+01 0.656E+00  0.7504E-01  0.1082E-02  0.1149E-02  1.0  1.0
 0.660E+00 0.444E+01 0.652E+00  0.7205E-01  0.1043E-02  0.1111E-02  1.0  1.0
 0.670E+00 0.448E+01 0.649E+00  0.7155E-01  0.1045E-02  0.1100E-02  1.0  1.0
 0.680E+00 0.453E+01 0.645E+00  0.6958E-01  0.1006E-02  0.1074E-02  1.0  1.0
 0.691E+00 0.457E+01 0.641E+00  0.7016E-01  0.9809E-03  0.1076E-02  1.0  1.0
 0.702E+00 0.462E+01 0.638E+00  0.6309E-01  0.9005E-03  0.9688E-03  1.0  1.0
 0.712E+00 0.467E+01 0.634E+00  0.5509E-01  0.8334E-03  0.8471E-03  1.0  1.0
 0.723E+00 0.471E+01 0.631E+00  0.4779E-01  0.7525E-03  0.7388E-03  1.0  1.0
 0.734E+00 0.476E+01 0.627E+00  0.4044E-01  0.6848E-03  0.6163E-03  1.0  1.0
 0.746E+00 0.480E+01 0.624E+00  0.3820E-01  0.6855E-03  0.5896E-03  1.0  1.0
 0.757E+00 0.485E+01 0.620E+00  0.3706E-01  0.6724E-03  0.5763E-03  1.0  1.0
 0.757E+00 0.485E+01 0.620E+00  0.3756E-01  0.4803E-03  0.5763E-03  1.0  1.0
 0.771E+00 0.490E+01 0.616E+00  0.4064E-01  0.4807E-03  0.6317E-03  1.0  1.0
 0.784E+00 0.495E+01 0.612E+00  0.3671E-01  0.4398E-03  0.5635E-03  1.0  1.0
 0.798E+00 0.500E+01 0.608E+00  0.3009E-01  0.3713E-03  0.4675E-03  1.0  1.0
 0.812E+00 0.506E+01 0.604E+00  0.2461E-01  0.3301E-03  0.3851E-03  1.0  1.0
 0.826E+00 0.511E+01 0.600E+00  0.1984E-01  0.2889E-03  0.3164E-03  1.0  1.0
 0.840E+00 0.516E+01 0.595E+00  0.1676E-01  0.2614E-03  0.2614E-03  1.0  1.0
 0.854E+00 0.521E+01 0.591E+00  0.1272E-01  0.2338E-03  0.2063E-03  1.0  1.0
 0.869E+00 0.527E+01 0.587E+00  0.1122E-01  0.2200E-03  0.1925E-03  1.0  1.0
 0.884E+00 0.532E+01 0.583E+00  0.1031E-01  0.2199E-03  0.2061E-03  1.0  1.0
 0.899E+00 0.537E+01 0.579E+00  0.9558E-02  0.2335E-03  0.2335E-03  1.0  1.0
 0.914E+00 0.542E+01 0.575E+00  0.5557E-02  0.1646E-03  0.1921E-03  1.0  1.0
 0.930E+00 0.548E+01 0.571E+00  0.2783E-02  0.1234E-03  0.1508E-03  1.0  1.0
 0.530E+00 0.400E+01 0.730E+00  0.1441E+00  0.3078E-02  0.2213E-02  1.0  1.0
 0.538E+00 0.404E+01 0.727E+00  0.1328E+00  0.2942E-02  0.2039E-02  1.0  1.0
 0.546E+00 0.408E+01 0.725E+00  0.1284E+00  0.2804E-02  0.1965E-02  1.0  1.0
 0.554E+00 0.412E+01 0.722E+00  0.1248E+00  0.2766E-02  0.1923E-02  1.0  1.0
 0.562E+00 0.417E+01 0.719E+00  0.1228E+00  0.2728E-02  0.1881E-02  1.0  1.0
 0.570E+00 0.421E+01 0.716E+00  0.1145E+00  0.2586E-02  0.1752E-02  1.0  1.0
 0.578E+00 0.425E+01 0.713E+00  0.1109E+00  0.2545E-02  0.1708E-02  1.0  1.0
 0.587E+00 0.430E+01 0.710E+00  0.1085E+00  0.2521E-02  0.1663E-02  1.0  1.0
 0.595E+00 0.434E+01 0.707E+00  0.1053E+00  0.2462E-02  0.1618E-02  1.0  1.0
 0.603E+00 0.438E+01 0.704E+00  0.9524E-01  0.2333E-02  0.1469E-02  1.0  1.0
 0.612E+00 0.443E+01 0.701E+00  0.9259E-01  0.2289E-02  0.1422E-02  1.0  1.0
 0.620E+00 0.447E+01 0.698E+00  0.9036E-01  0.2279E-02  0.1392E-02  1.0  1.0
 0.629E+00 0.451E+01 0.695E+00  0.8306E-01  0.2165E-02  0.1274E-02  1.0  1.0
 0.638E+00 0.456E+01 0.692E+00  0.7923E-01  0.2101E-02  0.1226E-02  1.0  1.0
 0.646E+00 0.460E+01 0.690E+00  0.7379E-01  0.2038E-02  0.1142E-02  1.0  1.0
 0.655E+00 0.464E+01 0.687E+00  0.7453E-01  0.1991E-02  0.1145E-02  1.0  1.0
 0.656E+00 0.465E+01 0.686E+00  0.7211E-01  0.1128E-02  0.1110E-02  1.0  1.0
 0.666E+00 0.470E+01 0.683E+00  0.6730E-01  0.1061E-02  0.1025E-02  1.0  1.0
 0.676E+00 0.475E+01 0.680E+00  0.6549E-01  0.1029E-02  0.1011E-02  1.0  1.0
 0.687E+00 0.480E+01 0.676E+00  0.6414E-01  0.1014E-02  0.9783E-03  1.0  1.0
 0.698E+00 0.485E+01 0.673E+00  0.6576E-01  0.9989E-03  0.1017E-02  1.0  1.0
 0.709E+00 0.490E+01 0.670E+00  0.5992E-01  0.9300E-03  0.9122E-03  1.0  1.0
 0.720E+00 0.495E+01 0.666E+00  0.5431E-01  0.8428E-03  0.8428E-03  1.0  1.0
 0.731E+00 0.500E+01 0.663E+00  0.4342E-01  0.7549E-03  0.6650E-03  1.0  1.0
 0.742E+00 0.505E+01 0.659E+00  0.3720E-01  0.6845E-03  0.5764E-03  1.0  1.0
 0.753E+00 0.510E+01 0.656E+00  0.3266E-01  0.6318E-03  0.5055E-03  1.0  1.0
 0.764E+00 0.515E+01 0.653E+00  0.3010E-01  0.6331E-03  0.4703E-03  1.0  1.0
 0.776E+00 0.520E+01 0.649E+00  0.3280E-01  0.6705E-03  0.5074E-03  1.0  1.0
 0.787E+00 0.525E+01 0.646E+00  0.3271E-01  0.6535E-03  0.5083E-03  1.0  1.0
 0.799E+00 0.530E+01 0.642E+00  0.2998E-01  0.6000E-03  0.4546E-03  1.0  1.0
 0.811E+00 0.535E+01 0.639E+00  0.2567E-01  0.5098E-03  0.4006E-03  1.0  1.0
 0.823E+00 0.540E+01 0.636E+00  0.1986E-01  0.4376E-03  0.3100E-03  1.0  1.0
 0.824E+00 0.540E+01 0.635E+00  0.1933E-01  0.2553E-03  0.2918E-03  1.0  1.0
 0.838E+00 0.546E+01 0.632E+00  0.1616E-01  0.2374E-03  0.2556E-03  1.0  1.0
 0.852E+00 0.552E+01 0.628E+00  0.1313E-01  0.2011E-03  0.2011E-03  1.0  1.0
 0.866E+00 0.558E+01 0.624E+00  0.1025E-01  0.1830E-03  0.1647E-03  1.0  1.0
 0.881E+00 0.564E+01 0.620E+00  0.9525E-02  0.1832E-03  0.1649E-03  1.0  1.0
 0.896E+00 0.569E+01 0.616E+00  0.9220E-02  0.1833E-03  0.2016E-03  1.0  1.0
 0.911E+00 0.575E+01 0.612E+00  0.7464E-02  0.1834E-03  0.2201E-03  1.0  1.0
 0.926E+00 0.581E+01 0.608E+00  0.3339E-02  0.1101E-03  0.1468E-03  1.0  1.0
 0.942E+00 0.587E+01 0.604E+00  0.1138E-02  0.7341E-04  0.7341E-04  1.0  1.0
 0.547E+00 0.428E+01 0.758E+00  0.1288E+00  0.2852E-02  0.1983E-02  1.0  1.0
 0.555E+00 0.433E+01 0.755E+00  0.1251E+00  0.2756E-02  0.1927E-02  1.0  1.0
 0.563E+00 0.437E+01 0.753E+00  0.1238E+00  0.2658E-02  0.1892E-02  1.0  1.0
 0.571E+00 0.442E+01 0.750E+00  0.1089E+00  0.2514E-02  0.1676E-02  1.0  1.0
 0.579E+00 0.447E+01 0.748E+00  0.1084E+00  0.2481E-02  0.1662E-02  1.0  1.0
 0.587E+00 0.451E+01 0.745E+00  0.1039E+00  0.2402E-02  0.1601E-02  1.0  1.0
 0.595E+00 0.456E+01 0.742E+00  0.9683E-01  0.2298E-02  0.1494E-02  1.0  1.0
 0.603E+00 0.461E+01 0.740E+00  0.9133E-01  0.2263E-02  0.1409E-02  1.0  1.0
 0.611E+00 0.465E+01 0.737E+00  0.9022E-01  0.2227E-02  0.1392E-02  1.0  1.0
 0.620E+00 0.470E+01 0.735E+00  0.8293E-01  0.2097E-02  0.1282E-02  1.0  1.0
 0.628E+00 0.474E+01 0.732E+00  0.8403E-01  0.2107E-02  0.1287E-02  1.0  1.0
 0.636E+00 0.479E+01 0.729E+00  0.7651E-01  0.2021E-02  0.1175E-02  1.0  1.0
 0.645E+00 0.484E+01 0.727E+00  0.7078E-01  0.1935E-02  0.1086E-02  1.0  1.0
 0.653E+00 0.488E+01 0.724E+00  0.7069E-01  0.1920E-02  0.1090E-02  1.0  1.0
 0.662E+00 0.493E+01 0.721E+00  0.6447E-01  0.1808E-02  0.9991E-03  1.0  1.0
 0.671E+00 0.498E+01 0.719E+00  0.6336E-01  0.1767E-02  0.9791E-03  1.0  1.0
 0.671E+00 0.498E+01 0.719E+00  0.6297E-01  0.1170E-02  0.9794E-03  1.0  1.0
 0.681E+00 0.503E+01 0.716E+00  0.5761E-01  0.1103E-02  0.8875E-03  1.0  1.0
 0.692E+00 0.509E+01 0.713E+00  0.5567E-01  0.1084E-02  0.8671E-03  1.0  1.0
 0.702E+00 0.514E+01 0.710E+00  0.5850E-01  0.1088E-02  0.8948E-03  1.0  1.0
 0.712E+00 0.519E+01 0.707E+00  0.5844E-01  0.1068E-02  0.8983E-03  1.0  1.0
 0.723E+00 0.525E+01 0.703E+00  0.5597E-01  0.1023E-02  0.8528E-03  1.0  1.0
 0.733E+00 0.530E+01 0.700E+00  0.4780E-01  0.9047E-03  0.7336E-03  1.0  1.0
 0.744E+00 0.536E+01 0.697E+00  0.4009E-01  0.8343E-03  0.6134E-03  1.0  1.0
 0.755E+00 0.541E+01 0.694E+00  0.3427E-01  0.7632E-03  0.5170E-03  1.0  1.0
 0.766E+00 0.546E+01 0.691E+00  0.2964E-01  0.7162E-03  0.4446E-03  1.0  1.0
 0.777E+00 0.552E+01 0.688E+00  0.2571E-01  0.6936E-03  0.3964E-03  1.0  1.0
 0.788E+00 0.557E+01 0.685E+00  0.2703E-01  0.7205E-03  0.4224E-03  1.0  1.0
 0.799E+00 0.562E+01 0.682E+00  0.3346E-01  0.7723E-03  0.5232E-03  1.0  1.0
 0.810E+00 0.568E+01 0.679E+00  0.2776E-01  0.6745E-03  0.4247E-03  1.0  1.0
 0.821E+00 0.573E+01 0.676E+00  0.2119E-01  0.5510E-03  0.3256E-03  1.0  1.0
 0.833E+00 0.579E+01 0.673E+00  0.1778E-01  0.5021E-03  0.2762E-03  1.0  1.0
 0.834E+00 0.579E+01 0.673E+00  0.1652E-01  0.2511E-03  0.2511E-03  1.0  1.0
 0.847E+00 0.585E+01 0.669E+00  0.1430E-01  0.2266E-03  0.2266E-03  1.0  1.0
 0.861E+00 0.591E+01 0.666E+00  0.1151E-01  0.2019E-03  0.1767E-03  1.0  1.0
 0.874E+00 0.598E+01 0.662E+00  0.8754E-02  0.1771E-03  0.1518E-03  1.0  1.0
 0.888E+00 0.604E+01 0.659E+00  0.7785E-02  0.1775E-03  0.1522E-03  1.0  1.0
 0.902E+00 0.610E+01 0.655E+00  0.7471E-02  0.1779E-03  0.1525E-03  1.0  1.0
 0.917E+00 0.616E+01 0.652E+00  0.6060E-02  0.1782E-03  0.1782E-03  1.0  1.0
 0.931E+00 0.623E+01 0.648E+00  0.3010E-02  0.1275E-03  0.1275E-03  1.0  1.0
 0.946E+00 0.629E+01 0.645E+00  0.2121E-02  0.1278E-03  0.1533E-03  1.0  1.0
 0.603E+00 0.501E+01 0.805E+00  0.9718E-01  0.2198E-02  0.1506E-02  1.0  1.0
 0.611E+00 0.507E+01 0.803E+00  0.8852E-01  0.2090E-02  0.1352E-02  1.0  1.0
 0.620E+00 0.512E+01 0.801E+00  0.8352E-01  0.2062E-02  0.1279E-02  1.0  1.0
 0.628E+00 0.518E+01 0.799E+00  0.8062E-01  0.1951E-02  0.1245E-02  1.0  1.0
 0.636E+00 0.523E+01 0.797E+00  0.7593E-01  0.1921E-02  0.1170E-02  1.0  1.0
 0.644E+00 0.529E+01 0.795E+00  0.6972E-01  0.1807E-02  0.1051E-02  1.0  1.0
 0.653E+00 0.534E+01 0.793E+00  0.6803E-01  0.1776E-02  0.1057E-02  1.0  1.0
 0.661E+00 0.539E+01 0.791E+00  0.6596E-01  0.1701E-02  0.1021E-02  1.0  1.0
 0.669E+00 0.545E+01 0.789E+00  0.5668E-01  0.1625E-02  0.8555E-03  1.0  1.0
 0.678E+00 0.550E+01 0.787E+00  0.5419E-01  0.1548E-02  0.8172E-03  1.0  1.0
 0.686E+00 0.556E+01 0.784E+00  0.5229E-01  0.1514E-02  0.8218E-03  1.0  1.0
 0.695E+00 0.561E+01 0.782E+00  0.4953E-01  0.1522E-02  0.7393E-03  1.0  1.0
 0.704E+00 0.567E+01 0.780E+00  0.4634E-01  0.1443E-02  0.6995E-03  1.0  1.0
 0.712E+00 0.572E+01 0.778E+00  0.4554E-01  0.1407E-02  0.7033E-03  1.0  1.0
 0.721E+00 0.577E+01 0.776E+00  0.4250E-01  0.1325E-02  0.6627E-03  1.0  1.0
 0.730E+00 0.583E+01 0.774E+00  0.4382E-01  0.1288E-02  0.6660E-03  1.0  1.0
 0.730E+00 0.583E+01 0.774E+00  0.4415E-01  0.6218E-03  0.6663E-03  1.0  1.0
 0.740E+00 0.589E+01 0.771E+00  0.4342E-01  0.6253E-03  0.6700E-03  1.0  1.0
 0.751E+00 0.596E+01 0.769E+00  0.4074E-01  0.5840E-03  0.6289E-03  1.0  1.0
 0.761E+00 0.602E+01 0.766E+00  0.3455E-01  0.4968E-03  0.5420E-03  1.0  1.0
 0.771E+00 0.608E+01 0.764E+00  0.2715E-01  0.4541E-03  0.4087E-03  1.0  1.0
 0.782E+00 0.615E+01 0.762E+00  0.2227E-01  0.4108E-03  0.3651E-03  1.0  1.0
 0.793E+00 0.621E+01 0.759E+00  0.2092E-01  0.4129E-03  0.3211E-03  1.0  1.0
 0.803E+00 0.627E+01 0.757E+00  0.2005E-01  0.4149E-03  0.3227E-03  1.0  1.0
 0.814E+00 0.634E+01 0.754E+00  0.2187E-01  0.4169E-03  0.3243E-03  1.0  1.0
 0.822E+00 0.638E+01 0.752E+00  0.2130E-01  0.4650E-03  0.3255E-03  1.0  1.0
 0.825E+00 0.640E+01 0.752E+00  0.2132E-01  0.4189E-03  0.3258E-03  1.0  1.0
 0.834E+00 0.645E+01 0.750E+00  0.1720E-01  0.3738E-03  0.2804E-03  1.0  1.0
 0.836E+00 0.646E+01 0.749E+00  0.1660E-01  0.3741E-03  0.2338E-03  1.0  1.0
 0.846E+00 0.652E+01 0.747E+00  0.1324E-01  0.3288E-03  0.1879E-03  1.0  1.0
 0.846E+00 0.653E+01 0.747E+00  0.1320E-01  0.2818E-03  0.1879E-03  1.0  1.0
 0.857E+00 0.659E+01 0.744E+00  0.1090E-01  0.2831E-03  0.1887E-03  1.0  1.0
 0.858E+00 0.659E+01 0.744E+00  0.1109E-01  0.3303E-03  0.1888E-03  1.0  1.0
 0.869E+00 0.665E+01 0.742E+00  0.9239E-02  0.2369E-03  0.1421E-03  1.0  1.0
 0.870E+00 0.666E+01 0.742E+00  0.8865E-02  0.2845E-03  0.1422E-03  1.0  1.0
 0.880E+00 0.671E+01 0.740E+00  0.6994E-02  0.2379E-03  0.9516E-04  1.0  1.0
 0.882E+00 0.673E+01 0.739E+00  0.6620E-02  0.2381E-03  0.9525E-04  1.0  1.0
 0.891E+00 0.678E+01 0.737E+00  0.6544E-02  0.2388E-03  0.9554E-04  1.0  1.0
 0.895E+00 0.680E+01 0.736E+00  0.5693E-02  0.2392E-03  0.9568E-04  1.0  1.0
 0.907E+00 0.687E+01 0.734E+00  0.5285E-02  0.2402E-03  0.9609E-04  1.0  1.0
 0.920E+00 0.694E+01 0.731E+00  0.4535E-02  0.2412E-03  0.9649E-04  1.0  1.0
 0.932E+00 0.701E+01 0.728E+00  0.3391E-02  0.1453E-03  0.9688E-04  1.0  1.0
 0.945E+00 0.708E+01 0.726E+00  0.1654E-02  0.9727E-04  0.9727E-04  1.0  1.0
 0.516E+00 0.453E+01 0.850E+00  0.1492E+00  0.5341E-02  0.2276E-02  1.0  1.0
 0.522E+00 0.457E+01 0.849E+00  0.1539E+00  0.5382E-02  0.2387E-02  1.0  1.0
 0.529E+00 0.462E+01 0.847E+00  0.1431E+00  0.5046E-02  0.2216E-02  1.0  1.0
 0.535E+00 0.467E+01 0.845E+00  0.1306E+00  0.4751E-02  0.1995E-02  1.0  1.0
 0.542E+00 0.472E+01 0.844E+00  0.1288E+00  0.4690E-02  0.1962E-02  1.0  1.0
 0.549E+00 0.477E+01 0.842E+00  0.1273E+00  0.4676E-02  0.1976E-02  1.0  1.0
 0.555E+00 0.482E+01 0.841E+00  0.1163E+00  0.4466E-02  0.1796E-02  1.0  1.0
 0.562E+00 0.487E+01 0.839E+00  0.1140E+00  0.4399E-02  0.1760E-02  1.0  1.0
 0.569E+00 0.492E+01 0.837E+00  0.1048E+00  0.4183E-02  0.1624E-02  1.0  1.0
 0.576E+00 0.497E+01 0.836E+00  0.1052E+00  0.4162E-02  0.1635E-02  1.0  1.0
 0.582E+00 0.501E+01 0.834E+00  0.9885E-01  0.4040E-02  0.1496E-02  1.0  1.0
 0.589E+00 0.506E+01 0.832E+00  0.9891E-01  0.3967E-02  0.1506E-02  1.0  1.0
 0.596E+00 0.511E+01 0.831E+00  0.9338E-01  0.3840E-02  0.1415E-02  1.0  1.0
 0.603E+00 0.516E+01 0.829E+00  0.9174E-01  0.3865E-02  0.1424E-02  1.0  1.0
 0.610E+00 0.521E+01 0.828E+00  0.8316E-01  0.3582E-02  0.1279E-02  1.0  1.0
 0.617E+00 0.526E+01 0.826E+00  0.8624E-01  0.3553E-02  0.1339E-02  1.0  1.0
 0.617E+00 0.526E+01 0.826E+00  0.8448E-01  0.2421E-02  0.1288E-02  1.0  1.0
 0.625E+00 0.532E+01 0.824E+00  0.7958E-01  0.2283E-02  0.1245E-02  1.0  1.0
 0.633E+00 0.538E+01 0.822E+00  0.7798E-01  0.2246E-02  0.1201E-02  1.0  1.0
 0.642E+00 0.543E+01 0.820E+00  0.7011E-01  0.2104E-02  0.1052E-02  1.0  1.0
 0.650E+00 0.549E+01 0.818E+00  0.6263E-01  0.1959E-02  0.9530E-03  1.0  1.0
 0.658E+00 0.555E+01 0.817E+00  0.6236E-01  0.1972E-02  0.9594E-03  1.0  1.0
 0.666E+00 0.560E+01 0.815E+00  0.6319E-01  0.1931E-02  0.9655E-03  1.0  1.0
 0.675E+00 0.566E+01 0.813E+00  0.5749E-01  0.1889E-02  0.8637E-03  1.0  1.0
 0.683E+00 0.572E+01 0.811E+00  0.5013E-01  0.1738E-02  0.7604E-03  1.0  1.0
 0.692E+00 0.577E+01 0.809E+00  0.5071E-01  0.1803E-02  0.7651E-03  1.0  1.0
 0.700E+00 0.583E+01 0.807E+00  0.4558E-01  0.1649E-02  0.7147E-03  1.0  1.0
 0.709E+00 0.589E+01 0.805E+00  0.4419E-01  0.1659E-02  0.6637E-03  1.0  1.0
 0.717E+00 0.594E+01 0.803E+00  0.4300E-01  0.1613E-02  0.6675E-03  1.0  1.0
 0.726E+00 0.600E+01 0.801E+00  0.3978E-01  0.1510E-02  0.6154E-03  1.0  1.0
 0.734E+00 0.606E+01 0.800E+00  0.4118E-01  0.1575E-02  0.6188E-03  1.0  1.0
 0.736E+00 0.607E+01 0.799E+00  0.3851E-01  0.9572E-03  0.6194E-03  1.0  1.0
 0.743E+00 0.612E+01 0.798E+00  0.3937E-01  0.1471E-02  0.6223E-03  1.0  1.0
 0.746E+00 0.613E+01 0.797E+00  0.4097E-01  0.9634E-03  0.6233E-03  1.0  1.0
 0.756E+00 0.620E+01 0.795E+00  0.3866E-01  0.9123E-03  0.5702E-03  1.0  1.0
 0.766E+00 0.627E+01 0.793E+00  0.3310E-01  0.8031E-03  0.5163E-03  1.0  1.0
 0.776E+00 0.633E+01 0.791E+00  0.2701E-01  0.6925E-03  0.4040E-03  1.0  1.0
 0.786E+00 0.640E+01 0.788E+00  0.2188E-01  0.6385E-03  0.3483E-03  1.0  1.0
 0.796E+00 0.646E+01 0.786E+00  0.1915E-01  0.6421E-03  0.2919E-03  1.0  1.0
 0.807E+00 0.653E+01 0.784E+00  0.1908E-01  0.6457E-03  0.2935E-03  1.0  1.0
 0.817E+00 0.659E+01 0.782E+00  0.1912E-01  0.6493E-03  0.2951E-03  1.0  1.0
 0.827E+00 0.666E+01 0.780E+00  0.2030E-01  0.6528E-03  0.2967E-03  1.0  1.0
 0.828E+00 0.666E+01 0.780E+00  0.2184E-01  0.3561E-03  0.3561E-03  1.0  1.0
 0.838E+00 0.672E+01 0.778E+00  0.1623E-01  0.5369E-03  0.2386E-03  1.0  1.0
 0.840E+00 0.674E+01 0.777E+00  0.1695E-01  0.2985E-03  0.2388E-03  1.0  1.0
 0.849E+00 0.679E+01 0.775E+00  0.1139E-01  0.4797E-03  0.1799E-03  1.0  1.0
 0.851E+00 0.681E+01 0.775E+00  0.1189E-01  0.2401E-03  0.1801E-03  1.0  1.0
 0.859E+00 0.686E+01 0.773E+00  0.1079E-01  0.4219E-03  0.1808E-03  1.0  1.0
 0.863E+00 0.688E+01 0.772E+00  0.9960E-02  0.2415E-03  0.1811E-03  1.0  1.0
 0.870E+00 0.692E+01 0.771E+00  0.8478E-02  0.4239E-03  0.1211E-03  1.0  1.0
 0.875E+00 0.695E+01 0.770E+00  0.7768E-02  0.1821E-03  0.1214E-03  1.0  1.0
 0.880E+00 0.699E+01 0.769E+00  0.7607E-02  0.3651E-03  0.1217E-03  1.0  1.0
 0.887E+00 0.702E+01 0.768E+00  0.6467E-02  0.1830E-03  0.1220E-03  1.0  1.0
 0.891E+00 0.705E+01 0.767E+00  0.7032E-02  0.3669E-03  0.1223E-03  1.0  1.0
 0.898E+00 0.710E+01 0.765E+00  0.5090E-02  0.1840E-03  0.6132E-04  1.0  1.0
 0.910E+00 0.717E+01 0.763E+00  0.4869E-02  0.1849E-03  0.1233E-03  1.0  1.0
 0.922E+00 0.724E+01 0.760E+00  0.3839E-02  0.1858E-03  0.1239E-03  1.0  1.0
 0.934E+00 0.731E+01 0.758E+00  0.2987E-02  0.1244E-03  0.1244E-03  1.0  1.0
 0.947E+00 0.738E+01 0.756E+00  0.1500E-02  0.1250E-03  0.6252E-04  1.0  1.0
 0.603E+00 0.538E+01 0.865E+00  0.9426E-01  0.2710E-02  0.1465E-02  1.0  1.0
 0.611E+00 0.544E+01 0.863E+00  0.8318E-01  0.2509E-02  0.1255E-02  1.0  1.0
 0.618E+00 0.550E+01 0.862E+00  0.8071E-01  0.2455E-02  0.1265E-02  1.0  1.0
 0.626E+00 0.556E+01 0.860E+00  0.8049E-01  0.2398E-02  0.1274E-02  1.0  1.0
 0.634E+00 0.562E+01 0.859E+00  0.7190E-01  0.2266E-02  0.1133E-02  1.0  1.0
 0.641E+00 0.567E+01 0.857E+00  0.7234E-01  0.2206E-02  0.1141E-02  1.0  1.0
 0.649E+00 0.573E+01 0.856E+00  0.6460E-01  0.2146E-02  0.9962E-03  1.0  1.0
 0.657E+00 0.579E+01 0.854E+00  0.6305E-01  0.2084E-02  0.1003E-02  1.0  1.0
 0.664E+00 0.585E+01 0.853E+00  0.6195E-01  0.2099E-02  0.9327E-03  1.0  1.0
 0.672E+00 0.591E+01 0.851E+00  0.5760E-01  0.1956E-02  0.8608E-03  1.0  1.0
 0.680E+00 0.597E+01 0.850E+00  0.5406E-01  0.1970E-02  0.8668E-03  1.0  1.0
 0.688E+00 0.602E+01 0.849E+00  0.5553E-01  0.1904E-02  0.8726E-03  1.0  1.0
 0.696E+00 0.608E+01 0.847E+00  0.4496E-01  0.1757E-02  0.7188E-03  1.0  1.0
 0.703E+00 0.614E+01 0.846E+00  0.4388E-01  0.1688E-02  0.6430E-03  1.0  1.0
 0.711E+00 0.620E+01 0.844E+00  0.4344E-01  0.1699E-02  0.6472E-03  1.0  1.0
 0.719E+00 0.626E+01 0.843E+00  0.3941E-01  0.1628E-02  0.5699E-03  1.0  1.0
 0.700E+00 0.612E+01 0.846E+00  0.4426E-01  0.1042E-02  0.6414E-03  1.0  1.0
 0.709E+00 0.618E+01 0.845E+00  0.4136E-01  0.1050E-02  0.6462E-03  1.0  1.0
 0.718E+00 0.625E+01 0.843E+00  0.3889E-01  0.9763E-03  0.5695E-03  1.0  1.0
 0.727E+00 0.632E+01 0.841E+00  0.3712E-01  0.9833E-03  0.5736E-03  1.0  1.0
 0.737E+00 0.638E+01 0.840E+00  0.3416E-01  0.9077E-03  0.4951E-03  1.0  1.0
 0.746E+00 0.645E+01 0.838E+00  0.3257E-01  0.8309E-03  0.4986E-03  1.0  1.0
 0.755E+00 0.651E+01 0.836E+00  0.3154E-01  0.8365E-03  0.5019E-03  1.0  1.0
 0.764E+00 0.658E+01 0.835E+00  0.3175E-01  0.8422E-03  0.5053E-03  1.0  1.0
 0.773E+00 0.665E+01 0.833E+00  0.3052E-01  0.7629E-03  0.5086E-03  1.0  1.0
 0.782E+00 0.671E+01 0.831E+00  0.2355E-01  0.6825E-03  0.3413E-03  1.0  1.0
 0.792E+00 0.678E+01 0.830E+00  0.1975E-01  0.6868E-03  0.3434E-03  1.0  1.0
 0.801E+00 0.684E+01 0.828E+00  0.1469E-01  0.6048E-03  0.2592E-03  1.0  1.0
 0.810E+00 0.691E+01 0.826E+00  0.1625E-01  0.6085E-03  0.2608E-03  1.0  1.0
 0.820E+00 0.698E+01 0.825E+00  0.1609E-01  0.6122E-03  0.2624E-03  1.0  1.0
 0.829E+00 0.704E+01 0.823E+00  0.1680E-01  0.6158E-03  0.2639E-03  1.0  1.0
 0.839E+00 0.711E+01 0.821E+00  0.1672E-01  0.6194E-03  0.2655E-03  1.0  1.0
