JLab E00-116 deuteron reduced cross section 
S.Malace et al. Phys.Rev.C80:035207,2009
*
.0175  0 : Normalization error
   x          Q2         y        sig_r       stat         sys   
 0.483E+00 0.359E+01 0.719E+00  0.1334E+00  0.1747E-02  0.2019E-02  1.0  1.0
 0.490E+00 0.362E+01 0.716E+00  0.1319E+00  0.1704E-02  0.1996E-02  1.0  1.0
 0.498E+00 0.366E+01 0.713E+00  0.1261E+00  0.1628E-02  0.1909E-02  1.0  1.0
 0.505E+00 0.370E+01 0.710E+00  0.1225E+00  0.1584E-02  0.1853E-02  1.0  1.0
 0.513E+00 0.374E+01 0.707E+00  0.1179E+00  0.1532E-02  0.1784E-02  1.0  1.0
 0.520E+00 0.378E+01 0.704E+00  0.1122E+00  0.1480E-02  0.1700E-02  1.0  1.0
 0.528E+00 0.382E+01 0.701E+00  0.1087E+00  0.1447E-02  0.1648E-02  1.0  1.0
 0.535E+00 0.386E+01 0.698E+00  0.1067E+00  0.1426E-02  0.1615E-02  1.0  1.0
 0.543E+00 0.390E+01 0.695E+00  0.9922E-01  0.1352E-02  0.1503E-02  1.0  1.0
 0.551E+00 0.393E+01 0.692E+00  0.9409E-01  0.1311E-02  0.1429E-02  1.0  1.0
 0.559E+00 0.397E+01 0.689E+00  0.9217E-01  0.1283E-02  0.1394E-02  1.0  1.0
 0.567E+00 0.401E+01 0.686E+00  0.9073E-01  0.1273E-02  0.1372E-02  1.0  1.0
 0.575E+00 0.405E+01 0.683E+00  0.8454E-01  0.1211E-02  0.1284E-02  1.0  1.0
 0.583E+00 0.409E+01 0.680E+00  0.8311E-01  0.1194E-02  0.1261E-02  1.0  1.0
 0.591E+00 0.413E+01 0.676E+00  0.7823E-01  0.1145E-02  0.1184E-02  1.0  1.0
 0.600E+00 0.417E+01 0.673E+00  0.7441E-01  0.1108E-02  0.1128E-02  1.0  1.0
 0.600E+00 0.417E+01 0.673E+00  0.7629E-01  0.7140E-03  0.1154E-02  1.0  1.0
 0.610E+00 0.421E+01 0.670E+00  0.7375E-01  0.6826E-03  0.1118E-02  1.0  1.0
 0.620E+00 0.426E+01 0.666E+00  0.6792E-01  0.6376E-03  0.1027E-02  1.0  1.0
 0.629E+00 0.430E+01 0.663E+00  0.6474E-01  0.6055E-03  0.9823E-03  1.0  1.0
 0.639E+00 0.435E+01 0.659E+00  0.6068E-01  0.5867E-03  0.9171E-03  1.0  1.0
 0.649E+00 0.439E+01 0.656E+00  0.5716E-01  0.5543E-03  0.8653E-03  1.0  1.0
 0.660E+00 0.444E+01 0.652E+00  0.5458E-01  0.5351E-03  0.8264E-03  1.0  1.0
 0.670E+00 0.448E+01 0.649E+00  0.5126E-01  0.5090E-03  0.7737E-03  1.0  1.0
 0.680E+00 0.453E+01 0.645E+00  0.4762E-01  0.4760E-03  0.7207E-03  1.0  1.0
 0.691E+00 0.457E+01 0.641E+00  0.4336E-01  0.4496E-03  0.6607E-03  1.0  1.0
 0.702E+00 0.462E+01 0.638E+00  0.4147E-01  0.4298E-03  0.6276E-03  1.0  1.0
 0.713E+00 0.466E+01 0.634E+00  0.3790E-01  0.4099E-03  0.5739E-03  1.0  1.0
 0.723E+00 0.471E+01 0.631E+00  0.3463E-01  0.3831E-03  0.5267E-03  1.0  1.0
 0.734E+00 0.475E+01 0.627E+00  0.3225E-01  0.3629E-03  0.4862E-03  1.0  1.0
 0.746E+00 0.480E+01 0.624E+00  0.2961E-01  0.3428E-03  0.4524E-03  1.0  1.0
 0.757E+00 0.485E+01 0.620E+00  0.2749E-01  0.3224E-03  0.4185E-03  1.0  1.0
 0.757E+00 0.485E+01 0.620E+00  0.2829E-01  0.2470E-03  0.4323E-03  1.0  1.0
 0.771E+00 0.490E+01 0.616E+00  0.2542E-01  0.2266E-03  0.3845E-03  1.0  1.0
 0.784E+00 0.495E+01 0.612E+00  0.2332E-01  0.2061E-03  0.3573E-03  1.0  1.0
 0.798E+00 0.500E+01 0.608E+00  0.2010E-01  0.1856E-03  0.3094E-03  1.0  1.0
 0.812E+00 0.506E+01 0.604E+00  0.1750E-01  0.1650E-03  0.2682E-03  1.0  1.0
 0.826E+00 0.511E+01 0.600E+00  0.1562E-01  0.1582E-03  0.2407E-03  1.0  1.0
 0.840E+00 0.516E+01 0.595E+00  0.1315E-01  0.1376E-03  0.2063E-03  1.0  1.0
 0.854E+00 0.521E+01 0.591E+00  0.1097E-01  0.1238E-03  0.1788E-03  1.0  1.0
 0.869E+00 0.527E+01 0.587E+00  0.9225E-02  0.1100E-03  0.1512E-03  1.0  1.0
 0.884E+00 0.532E+01 0.583E+00  0.7509E-02  0.1031E-03  0.1305E-03  1.0  1.0
 0.899E+00 0.537E+01 0.579E+00  0.6379E-02  0.8926E-04  0.1236E-03  1.0  1.0
 0.914E+00 0.542E+01 0.575E+00  0.5460E-02  0.8918E-04  0.1303E-03  1.0  1.0
 0.930E+00 0.548E+01 0.571E+00  0.4592E-02  0.7538E-04  0.1302E-03  1.0  1.0
 0.945E+00 0.553E+01 0.567E+00  0.3423E-02  0.6161E-04  0.1301E-03  1.0  1.0
 0.530E+00 0.400E+01 0.730E+00  0.1063E+00  0.1730E-02  0.1614E-02  1.0  1.0
 0.538E+00 0.404E+01 0.727E+00  0.1035E+00  0.1688E-02  0.1571E-02  1.0  1.0
 0.546E+00 0.408E+01 0.725E+00  0.9903E-01  0.1620E-02  0.1503E-02  1.0  1.0
 0.554E+00 0.412E+01 0.722E+00  0.9463E-01  0.1569E-02  0.1434E-02  1.0  1.0
 0.562E+00 0.417E+01 0.719E+00  0.9051E-01  0.1516E-02  0.1372E-02  1.0  1.0
 0.570E+00 0.421E+01 0.716E+00  0.8865E-01  0.1480E-02  0.1344E-02  1.0  1.0
 0.578E+00 0.425E+01 0.713E+00  0.8040E-01  0.1400E-02  0.1221E-02  1.0  1.0
 0.587E+00 0.430E+01 0.710E+00  0.7847E-01  0.1380E-02  0.1192E-02  1.0  1.0
 0.595E+00 0.434E+01 0.707E+00  0.7519E-01  0.1334E-02  0.1136E-02  1.0  1.0
 0.603E+00 0.438E+01 0.704E+00  0.7325E-01  0.1313E-02  0.1114E-02  1.0  1.0
 0.612E+00 0.443E+01 0.701E+00  0.6752E-01  0.1257E-02  0.1023E-02  1.0  1.0
 0.620E+00 0.447E+01 0.698E+00  0.6409E-01  0.1227E-02  0.9743E-03  1.0  1.0
 0.629E+00 0.451E+01 0.695E+00  0.6239E-01  0.1205E-02  0.9427E-03  1.0  1.0
 0.638E+00 0.456E+01 0.692E+00  0.5861E-01  0.1165E-02  0.8931E-03  1.0  1.0
 0.646E+00 0.460E+01 0.690E+00  0.5648E-01  0.1124E-02  0.8606E-03  1.0  1.0
 0.655E+00 0.464E+01 0.687E+00  0.5141E-01  0.1057E-02  0.7840E-03  1.0  1.0
 0.656E+00 0.465E+01 0.686E+00  0.5279E-01  0.5990E-03  0.8016E-03  1.0  1.0
 0.666E+00 0.470E+01 0.683E+00  0.5049E-01  0.5745E-03  0.7690E-03  1.0  1.0
 0.676E+00 0.475E+01 0.680E+00  0.4768E-01  0.5408E-03  0.7270E-03  1.0  1.0
 0.687E+00 0.480E+01 0.676E+00  0.4545E-01  0.5247E-03  0.6937E-03  1.0  1.0
 0.698E+00 0.485E+01 0.673E+00  0.4198E-01  0.4905E-03  0.6332E-03  1.0  1.0
 0.709E+00 0.490E+01 0.670E+00  0.3945E-01  0.4650E-03  0.5991E-03  1.0  1.0
 0.720E+00 0.495E+01 0.666E+00  0.3498E-01  0.4303E-03  0.5289E-03  1.0  1.0
 0.731E+00 0.500E+01 0.663E+00  0.3274E-01  0.4134E-03  0.4942E-03  1.0  1.0
 0.742E+00 0.505E+01 0.659E+00  0.2874E-01  0.3783E-03  0.4323E-03  1.0  1.0
 0.753E+00 0.510E+01 0.656E+00  0.2628E-01  0.3610E-03  0.3971E-03  1.0  1.0
 0.764E+00 0.515E+01 0.653E+00  0.2475E-01  0.3437E-03  0.3799E-03  1.0  1.0
 0.776E+00 0.520E+01 0.649E+00  0.2252E-01  0.3262E-03  0.3443E-03  1.0  1.0
 0.787E+00 0.525E+01 0.646E+00  0.2012E-01  0.3086E-03  0.3086E-03  1.0  1.0
 0.799E+00 0.530E+01 0.642E+00  0.1880E-01  0.2909E-03  0.2909E-03  1.0  1.0
 0.811E+00 0.535E+01 0.639E+00  0.1702E-01  0.2640E-03  0.2640E-03  1.0  1.0
 0.823E+00 0.540E+01 0.636E+00  0.1502E-01  0.2461E-03  0.2279E-03  1.0  1.0
 0.824E+00 0.540E+01 0.635E+00  0.1531E-01  0.1732E-03  0.2370E-03  1.0  1.0
 0.838E+00 0.546E+01 0.632E+00  0.1228E-01  0.1461E-03  0.1917E-03  1.0  1.0
 0.852E+00 0.552E+01 0.628E+00  0.1110E-01  0.1371E-03  0.1737E-03  1.0  1.0
 0.866E+00 0.558E+01 0.624E+00  0.8975E-02  0.1189E-03  0.1464E-03  1.0  1.0
 0.881E+00 0.564E+01 0.620E+00  0.7601E-02  0.1099E-03  0.1282E-03  1.0  1.0
 0.896E+00 0.569E+01 0.616E+00  0.5728E-02  0.9164E-04  0.1008E-03  1.0  1.0
 0.911E+00 0.575E+01 0.612E+00  0.5016E-02  0.9169E-04  0.1100E-03  1.0  1.0
 0.926E+00 0.581E+01 0.608E+00  0.4467E-02  0.8256E-04  0.1193E-03  1.0  1.0
 0.942E+00 0.587E+01 0.604E+00  0.3570E-02  0.7341E-04  0.1285E-03  1.0  1.0
 0.957E+00 0.593E+01 0.600E+00  0.2781E-02  0.8259E-04  0.1376E-03  1.0  1.0
 0.547E+00 0.428E+01 0.758E+00  0.9756E-01  0.1638E-02  0.1482E-02  1.0  1.0
 0.555E+00 0.433E+01 0.755E+00  0.9315E-01  0.1580E-02  0.1412E-02  1.0  1.0
 0.563E+00 0.437E+01 0.753E+00  0.9003E-01  0.1521E-02  0.1363E-02  1.0  1.0
 0.571E+00 0.442E+01 0.750E+00  0.8478E-01  0.1472E-02  0.1291E-02  1.0  1.0
 0.579E+00 0.447E+01 0.748E+00  0.8154E-01  0.1423E-02  0.1241E-02  1.0  1.0
 0.587E+00 0.451E+01 0.745E+00  0.7746E-01  0.1384E-02  0.1178E-02  1.0  1.0
 0.595E+00 0.456E+01 0.742E+00  0.7515E-01  0.1356E-02  0.1138E-02  1.0  1.0
 0.603E+00 0.461E+01 0.740E+00  0.7185E-01  0.1316E-02  0.1085E-02  1.0  1.0
 0.611E+00 0.465E+01 0.737E+00  0.6880E-01  0.1276E-02  0.1044E-02  1.0  1.0
 0.620E+00 0.470E+01 0.735E+00  0.6071E-01  0.1188E-02  0.9204E-03  1.0  1.0
 0.628E+00 0.474E+01 0.732E+00  0.5975E-01  0.1182E-02  0.9011E-03  1.0  1.0
 0.636E+00 0.479E+01 0.729E+00  0.5877E-01  0.1175E-02  0.8931E-03  1.0  1.0
 0.645E+00 0.484E+01 0.727E+00  0.5480E-01  0.1121E-02  0.8261E-03  1.0  1.0
 0.653E+00 0.488E+01 0.724E+00  0.5292E-01  0.1090E-02  0.8057E-03  1.0  1.0
 0.662E+00 0.493E+01 0.721E+00  0.4816E-01  0.1023E-02  0.7255E-03  1.0  1.0
 0.671E+00 0.498E+01 0.719E+00  0.4750E-01  0.1003E-02  0.7164E-03  1.0  1.0
 0.671E+00 0.498E+01 0.719E+00  0.4809E-01  0.6210E-03  0.7285E-03  1.0  1.0
 0.681E+00 0.503E+01 0.716E+00  0.4477E-01  0.5876E-03  0.6835E-03  1.0  1.0
 0.692E+00 0.509E+01 0.713E+00  0.4208E-01  0.5660E-03  0.6383E-03  1.0  1.0
 0.702E+00 0.514E+01 0.710E+00  0.3987E-01  0.5320E-03  0.6046E-03  1.0  1.0
 0.712E+00 0.519E+01 0.707E+00  0.3773E-01  0.5098E-03  0.5705E-03  1.0  1.0
 0.723E+00 0.525E+01 0.703E+00  0.3394E-01  0.4751E-03  0.5117E-03  1.0  1.0
 0.733E+00 0.530E+01 0.700E+00  0.3164E-01  0.4646E-03  0.4768E-03  1.0  1.0
 0.744E+00 0.536E+01 0.697E+00  0.2890E-01  0.4294E-03  0.4417E-03  1.0  1.0
 0.755E+00 0.541E+01 0.694E+00  0.2582E-01  0.4062E-03  0.3939E-03  1.0  1.0
 0.766E+00 0.546E+01 0.691E+00  0.2291E-01  0.3705E-03  0.3458E-03  1.0  1.0
 0.777E+00 0.552E+01 0.688E+00  0.2051E-01  0.3468E-03  0.3096E-03  1.0  1.0
 0.788E+00 0.557E+01 0.685E+00  0.2006E-01  0.3478E-03  0.3105E-03  1.0  1.0
 0.799E+00 0.562E+01 0.682E+00  0.1876E-01  0.3239E-03  0.2865E-03  1.0  1.0
 0.810E+00 0.568E+01 0.679E+00  0.1649E-01  0.2998E-03  0.2498E-03  1.0  1.0
 0.822E+00 0.573E+01 0.676E+00  0.1495E-01  0.2755E-03  0.2254E-03  1.0  1.0
 0.833E+00 0.579E+01 0.673E+00  0.1254E-01  0.2511E-03  0.1883E-03  1.0  1.0
 0.834E+00 0.579E+01 0.673E+00  0.1309E-01  0.3013E-03  0.2009E-03  1.0  1.0
 0.847E+00 0.585E+01 0.669E+00  0.1169E-01  0.2895E-03  0.1762E-03  1.0  1.0
 0.861E+00 0.591E+01 0.666E+00  0.9491E-02  0.2398E-03  0.1515E-03  1.0  1.0
 0.874E+00 0.598E+01 0.662E+00  0.7514E-02  0.2150E-03  0.1265E-03  1.0  1.0
 0.888E+00 0.604E+01 0.659E+00  0.6644E-02  0.2029E-03  0.1141E-03  1.0  1.0
 0.902E+00 0.610E+01 0.655E+00  0.5387E-02  0.1779E-03  0.1016E-03  1.0  1.0
 0.917E+00 0.616E+01 0.652E+00  0.5143E-02  0.1782E-03  0.1018E-03  1.0  1.0
 0.931E+00 0.623E+01 0.648E+00  0.4476E-02  0.1785E-03  0.1148E-03  1.0  1.0
 0.946E+00 0.629E+01 0.645E+00  0.3296E-02  0.1277E-03  0.1022E-03  1.0  1.0
 0.960E+00 0.635E+01 0.641E+00  0.1650E-02  0.1663E-03  0.7676E-04  1.0  1.0
 0.603E+00 0.501E+01 0.805E+00  0.6750E-01  0.9974E-03  0.1018E-02  1.0  1.0
 0.611E+00 0.507E+01 0.803E+00  0.6272E-01  0.9630E-03  0.9425E-03  1.0  1.0
 0.620E+00 0.512E+01 0.801E+00  0.6013E-01  0.9280E-03  0.9074E-03  1.0  1.0
 0.628E+00 0.518E+01 0.799E+00  0.5760E-01  0.8925E-03  0.8717E-03  1.0  1.0
 0.636E+00 0.523E+01 0.797E+00  0.5480E-01  0.8771E-03  0.8353E-03  1.0  1.0
 0.644E+00 0.529E+01 0.795E+00  0.4921E-01  0.8194E-03  0.7564E-03  1.0  1.0
 0.653E+00 0.534E+01 0.793E+00  0.4727E-01  0.8033E-03  0.7188E-03  1.0  1.0
 0.661E+00 0.539E+01 0.791E+00  0.4616E-01  0.7867E-03  0.7016E-03  1.0  1.0
 0.669E+00 0.545E+01 0.789E+00  0.4320E-01  0.7485E-03  0.6630E-03  1.0  1.0
 0.678E+00 0.550E+01 0.787E+00  0.4086E-01  0.7311E-03  0.6236E-03  1.0  1.0
 0.686E+00 0.556E+01 0.784E+00  0.3798E-01  0.6921E-03  0.5840E-03  1.0  1.0
 0.695E+00 0.561E+01 0.782E+00  0.3612E-01  0.6741E-03  0.5436E-03  1.0  1.0
 0.704E+00 0.567E+01 0.780E+00  0.3408E-01  0.6558E-03  0.5246E-03  1.0  1.0
 0.712E+00 0.572E+01 0.778E+00  0.3206E-01  0.6373E-03  0.4835E-03  1.0  1.0
 0.721E+00 0.577E+01 0.776E+00  0.3139E-01  0.6185E-03  0.4859E-03  1.0  1.0
 0.730E+00 0.583E+01 0.774E+00  0.2915E-01  0.5771E-03  0.4440E-03  1.0  1.0
 0.730E+00 0.583E+01 0.774E+00  0.3049E-01  0.3331E-03  0.4664E-03  1.0  1.0
 0.740E+00 0.589E+01 0.771E+00  0.2751E-01  0.2903E-03  0.4243E-03  1.0  1.0
 0.751E+00 0.596E+01 0.769E+00  0.2506E-01  0.2920E-03  0.3818E-03  1.0  1.0
 0.761E+00 0.602E+01 0.766E+00  0.2342E-01  0.2710E-03  0.3613E-03  1.0  1.0
 0.771E+00 0.608E+01 0.764E+00  0.2084E-01  0.2497E-03  0.3178E-03  1.0  1.0
 0.782E+00 0.615E+01 0.762E+00  0.1862E-01  0.2282E-03  0.2738E-03  1.0  1.0
 0.793E+00 0.621E+01 0.759E+00  0.1691E-01  0.2294E-03  0.2523E-03  1.0  1.0
 0.803E+00 0.627E+01 0.757E+00  0.1457E-01  0.2074E-03  0.2305E-03  1.0  1.0
 0.814E+00 0.634E+01 0.754E+00  0.1360E-01  0.2085E-03  0.2085E-03  1.0  1.0
 0.822E+00 0.638E+01 0.752E+00  0.1376E-01  0.2092E-03  0.2092E-03  1.0  1.0
 0.825E+00 0.640E+01 0.752E+00  0.1273E-01  0.1862E-03  0.1862E-03  1.0  1.0
 0.834E+00 0.645E+01 0.750E+00  0.1208E-01  0.1869E-03  0.1869E-03  1.0  1.0
 0.836E+00 0.646E+01 0.749E+00  0.1125E-01  0.1870E-03  0.1637E-03  1.0  1.0
 0.846E+00 0.652E+01 0.747E+00  0.1007E-01  0.1644E-03  0.1644E-03  1.0  1.0
 0.847E+00 0.653E+01 0.747E+00  0.9817E-02  0.1644E-03  0.1409E-03  1.0  1.0
 0.857E+00 0.659E+01 0.744E+00  0.8987E-02  0.1651E-03  0.1415E-03  1.0  1.0
 0.858E+00 0.659E+01 0.744E+00  0.8966E-02  0.1652E-03  0.1416E-03  1.0  1.0
 0.869E+00 0.665E+01 0.742E+00  0.7438E-02  0.1421E-03  0.1184E-03  1.0  1.0
 0.870E+00 0.666E+01 0.742E+00  0.7727E-02  0.1422E-03  0.1185E-03  1.0  1.0
 0.880E+00 0.671E+01 0.740E+00  0.6470E-02  0.1427E-03  0.9515E-04  1.0  1.0
 0.882E+00 0.673E+01 0.739E+00  0.6453E-02  0.1429E-03  0.9525E-04  1.0  1.0
 0.891E+00 0.678E+01 0.737E+00  0.5565E-02  0.1194E-03  0.9554E-04  1.0  1.0
 0.895E+00 0.680E+01 0.736E+00  0.5597E-02  0.1196E-03  0.9567E-04  1.0  1.0
 0.907E+00 0.687E+01 0.734E+00  0.4780E-02  0.1201E-03  0.7207E-04  1.0  1.0
 0.920E+00 0.694E+01 0.731E+00  0.4076E-02  0.1206E-03  0.7236E-04  1.0  1.0
 0.932E+00 0.701E+01 0.728E+00  0.4069E-02  0.1211E-03  0.9687E-04  1.0  1.0
 0.945E+00 0.708E+01 0.726E+00  0.3331E-02  0.9726E-04  0.9726E-04  1.0  1.0
 0.958E+00 0.714E+01 0.723E+00  0.1782E-02  0.9763E-04  0.7322E-04  1.0  1.0
 0.516E+00 0.453E+01 0.850E+00  0.1178E+00  0.3019E-02  0.1788E-02  1.0  1.0
 0.522E+00 0.457E+01 0.849E+00  0.1050E+00  0.2855E-02  0.1591E-02  1.0  1.0
 0.529E+00 0.462E+01 0.847E+00  0.1080E+00  0.2829E-02  0.1650E-02  1.0  1.0
 0.535E+00 0.467E+01 0.845E+00  0.1013E+00  0.2708E-02  0.1544E-02  1.0  1.0
 0.542E+00 0.472E+01 0.844E+00  0.9360E-01  0.2584E-02  0.1436E-02  1.0  1.0
 0.549E+00 0.477E+01 0.842E+00  0.9534E-01  0.2555E-02  0.1446E-02  1.0  1.0
 0.555E+00 0.482E+01 0.841E+00  0.9177E-01  0.2549E-02  0.1408E-02  1.0  1.0
 0.562E+00 0.487E+01 0.839E+00  0.8747E-01  0.2420E-02  0.1320E-02  1.0  1.0
 0.569E+00 0.492E+01 0.837E+00  0.8649E-01  0.2362E-02  0.1304E-02  1.0  1.0
 0.576E+00 0.497E+01 0.836E+00  0.7927E-01  0.2304E-02  0.1214E-02  1.0  1.0
 0.582E+00 0.501E+01 0.834E+00  0.7199E-01  0.2170E-02  0.1097E-02  1.0  1.0
 0.589E+00 0.506E+01 0.832E+00  0.7380E-01  0.2184E-02  0.1130E-02  1.0  1.0
 0.596E+00 0.511E+01 0.831E+00  0.7092E-01  0.2147E-02  0.1086E-02  1.0  1.0
 0.603E+00 0.516E+01 0.829E+00  0.6992E-01  0.2110E-02  0.1068E-02  1.0  1.0
 0.610E+00 0.521E+01 0.828E+00  0.6716E-01  0.2072E-02  0.1023E-02  1.0  1.0
 0.617E+00 0.526E+01 0.826E+00  0.6518E-01  0.2008E-02  0.1004E-02  1.0  1.0
 0.617E+00 0.526E+01 0.826E+00  0.6441E-01  0.1185E-02  0.9787E-03  1.0  1.0
 0.625E+00 0.532E+01 0.824E+00  0.5999E-01  0.1115E-02  0.9078E-03  1.0  1.0
 0.633E+00 0.538E+01 0.822E+00  0.5751E-01  0.1071E-02  0.8618E-03  1.0  1.0
 0.642E+00 0.543E+01 0.820E+00  0.5335E-01  0.1026E-02  0.8152E-03  1.0  1.0
 0.650E+00 0.549E+01 0.818E+00  0.5013E-01  0.9794E-03  0.7676E-03  1.0  1.0
 0.658E+00 0.555E+01 0.816E+00  0.4685E-01  0.9327E-03  0.7195E-03  1.0  1.0
 0.666E+00 0.560E+01 0.815E+00  0.4511E-01  0.9118E-03  0.6973E-03  1.0  1.0
 0.675E+00 0.566E+01 0.813E+00  0.4027E-01  0.8637E-03  0.6208E-03  1.0  1.0
 0.683E+00 0.572E+01 0.811E+00  0.3731E-01  0.8418E-03  0.5703E-03  1.0  1.0
 0.692E+00 0.577E+01 0.809E+00  0.3749E-01  0.8470E-03  0.5738E-03  1.0  1.0
 0.700E+00 0.583E+01 0.807E+00  0.3474E-01  0.7971E-03  0.5223E-03  1.0  1.0
 0.709E+00 0.589E+01 0.805E+00  0.3241E-01  0.7743E-03  0.4978E-03  1.0  1.0
 0.717E+00 0.594E+01 0.803E+00  0.3184E-01  0.7509E-03  0.4728E-03  1.0  1.0
 0.726E+00 0.600E+01 0.801E+00  0.3080E-01  0.7553E-03  0.4755E-03  1.0  1.0
 0.734E+00 0.606E+01 0.800E+00  0.2737E-01  0.7032E-03  0.4219E-03  1.0  1.0
 0.736E+00 0.607E+01 0.799E+00  0.2804E-01  0.3378E-03  0.4223E-03  1.0  1.0
 0.743E+00 0.612E+01 0.798E+00  0.2619E-01  0.6788E-03  0.3960E-03  1.0  1.0
 0.746E+00 0.613E+01 0.797E+00  0.2666E-01  0.3400E-03  0.3967E-03  1.0  1.0
 0.756E+00 0.620E+01 0.795E+00  0.2380E-01  0.3136E-03  0.3706E-03  1.0  1.0
 0.766E+00 0.627E+01 0.793E+00  0.2177E-01  0.2868E-03  0.3442E-03  1.0  1.0
 0.776E+00 0.633E+01 0.791E+00  0.2005E-01  0.2597E-03  0.3174E-03  1.0  1.0
 0.786E+00 0.640E+01 0.788E+00  0.1805E-01  0.2612E-03  0.2902E-03  1.0  1.0
 0.796E+00 0.646E+01 0.786E+00  0.1620E-01  0.2335E-03  0.2335E-03  1.0  1.0
 0.807E+00 0.653E+01 0.784E+00  0.1476E-01  0.2348E-03  0.2348E-03  1.0  1.0
 0.817E+00 0.659E+01 0.782E+00  0.1334E-01  0.2361E-03  0.2066E-03  1.0  1.0
 0.827E+00 0.666E+01 0.780E+00  0.1252E-01  0.2077E-03  0.2077E-03  1.0  1.0
 0.828E+00 0.666E+01 0.779E+00  0.1246E-01  0.1484E-03  0.2077E-03  1.0  1.0
 0.838E+00 0.672E+01 0.778E+00  0.1095E-01  0.2088E-03  0.1790E-03  1.0  1.0
 0.840E+00 0.674E+01 0.777E+00  0.1092E-01  0.1492E-03  0.1791E-03  1.0  1.0
 0.849E+00 0.679E+01 0.775E+00  0.9264E-02  0.1799E-03  0.1499E-03  1.0  1.0
 0.851E+00 0.681E+01 0.775E+00  0.9004E-02  0.1201E-03  0.1501E-03  1.0  1.0
 0.859E+00 0.686E+01 0.773E+00  0.8226E-02  0.1808E-03  0.1205E-03  1.0  1.0
 0.863E+00 0.688E+01 0.772E+00  0.7817E-02  0.1207E-03  0.1207E-03  1.0  1.0
 0.870E+00 0.692E+01 0.771E+00  0.7327E-02  0.1514E-03  0.1211E-03  1.0  1.0
 0.875E+00 0.695E+01 0.770E+00  0.6706E-02  0.1214E-03  0.1214E-03  1.0  1.0
 0.880E+00 0.699E+01 0.769E+00  0.6481E-02  0.1521E-03  0.9128E-04  1.0  1.0
 0.887E+00 0.702E+01 0.768E+00  0.5826E-02  0.9151E-04  0.9151E-04  1.0  1.0
 0.891E+00 0.705E+01 0.767E+00  0.5686E-02  0.1529E-03  0.9172E-04  1.0  1.0
 0.898E+00 0.710E+01 0.765E+00  0.4844E-02  0.9198E-04  0.9198E-04  1.0  1.0
 0.910E+00 0.717E+01 0.763E+00  0.4191E-02  0.9244E-04  0.6163E-04  1.0  1.0
 0.922E+00 0.724E+01 0.760E+00  0.3251E-02  0.6192E-04  0.6192E-04  1.0  1.0
 0.934E+00 0.731E+01 0.758E+00  0.3889E-02  0.9333E-04  0.9333E-04  1.0  1.0
 0.947E+00 0.738E+01 0.756E+00  0.3688E-02  0.9377E-04  0.9377E-04  1.0  1.0
 0.603E+00 0.538E+01 0.865E+00  0.6745E-01  0.1904E-02  0.1025E-02  1.0  1.0
 0.611E+00 0.544E+01 0.863E+00  0.6241E-01  0.1771E-02  0.9596E-03  1.0  1.0
 0.618E+00 0.550E+01 0.862E+00  0.6278E-01  0.1748E-02  0.9670E-03  1.0  1.0
 0.626E+00 0.556E+01 0.860E+00  0.5748E-01  0.1649E-02  0.8618E-03  1.0  1.0
 0.634E+00 0.562E+01 0.859E+00  0.5728E-01  0.1624E-02  0.8685E-03  1.0  1.0
 0.641E+00 0.567E+01 0.857E+00  0.5309E-01  0.1521E-02  0.7987E-03  1.0  1.0
 0.649E+00 0.573E+01 0.856E+00  0.4866E-01  0.1494E-02  0.7279E-03  1.0  1.0
 0.657E+00 0.579E+01 0.854E+00  0.4557E-01  0.1428E-02  0.6945E-03  1.0  1.0
 0.664E+00 0.585E+01 0.853E+00  0.4248E-01  0.1360E-02  0.6607E-03  1.0  1.0
 0.672E+00 0.591E+01 0.851E+00  0.4410E-01  0.1369E-02  0.6652E-03  1.0  1.0
 0.680E+00 0.596E+01 0.850E+00  0.3916E-01  0.1300E-02  0.5910E-03  1.0  1.0
 0.688E+00 0.602E+01 0.849E+00  0.3907E-01  0.1269E-02  0.5949E-03  1.0  1.0
 0.696E+00 0.608E+01 0.847E+00  0.3578E-01  0.1238E-02  0.5590E-03  1.0  1.0
 0.700E+00 0.612E+01 0.846E+00  0.3383E-01  0.8419E-03  0.5212E-03  1.0  1.0
 0.703E+00 0.614E+01 0.846E+00  0.3492E-01  0.1165E-02  0.5224E-03  1.0  1.0
 0.709E+00 0.618E+01 0.845E+00  0.3255E-01  0.8078E-03  0.4847E-03  1.0  1.0
 0.711E+00 0.620E+01 0.844E+00  0.3555E-01  0.1173E-02  0.5258E-03  1.0  1.0
 0.718E+00 0.625E+01 0.843E+00  0.3112E-01  0.7729E-03  0.4881E-03  1.0  1.0
 0.719E+00 0.626E+01 0.843E+00  0.3191E-01  0.1099E-02  0.4885E-03  1.0  1.0
 0.727E+00 0.632E+01 0.841E+00  0.2929E-01  0.7375E-03  0.4507E-03  1.0  1.0
 0.737E+00 0.638E+01 0.840E+00  0.2558E-01  0.6601E-03  0.3713E-03  1.0  1.0
 0.746E+00 0.645E+01 0.838E+00  0.2468E-01  0.6647E-03  0.3739E-03  1.0  1.0
 0.755E+00 0.651E+01 0.836E+00  0.2200E-01  0.6274E-03  0.3346E-03  1.0  1.0
 0.764E+00 0.658E+01 0.835E+00  0.2004E-01  0.5895E-03  0.2948E-03  1.0  1.0
 0.773E+00 0.665E+01 0.833E+00  0.1865E-01  0.5510E-03  0.2967E-03  1.0  1.0
 0.782E+00 0.671E+01 0.831E+00  0.1719E-01  0.5545E-03  0.2559E-03  1.0  1.0
 0.792E+00 0.678E+01 0.830E+00  0.1605E-01  0.5151E-03  0.2575E-03  1.0  1.0
 0.801E+00 0.684E+01 0.828E+00  0.1499E-01  0.5184E-03  0.2160E-03  1.0  1.0
 0.810E+00 0.691E+01 0.826E+00  0.1430E-01  0.4781E-03  0.2173E-03  1.0  1.0
 0.820E+00 0.698E+01 0.825E+00  0.1286E-01  0.4373E-03  0.2186E-03  1.0  1.0
 0.829E+00 0.704E+01 0.823E+00  0.1280E-01  0.4838E-03  0.2199E-03  1.0  1.0
 0.839E+00 0.711E+01 0.821E+00  0.1199E-01  0.4867E-03  0.1770E-03  1.0  1.0
