NMC deuteron
hep-ph/9610231
*
.02 0 : normalization error, number of correlated errors
   x           Q2        y        sig_r        stat        sys
 7.800E-03 8.000E-01 6.350E-01  2.4278E-01  2.4579E-03  6.7364E-03  1.0  1.0
 9.200E-03 1.090E+00 7.090E-01  2.5621E-01  5.4756E-03  6.4471E-03  1.0  1.0
 1.200E-02 9.000E-01 4.620E-01  2.6060E-01  5.2235E-03  7.5451E-03  1.0  1.0
 1.250E-02 1.220E+00 5.960E-01  2.7683E-01  2.7251E-03  6.3899E-03  1.0  1.0
 1.390E-02 1.620E+00 7.030E-01  2.8238E-01  6.7364E-03  6.2812E-03  1.0  1.0
 1.730E-02 1.270E+00 4.480E-01  2.9048E-01  3.9017E-03  6.6329E-03  1.0  1.0
 1.760E-02 1.720E+00 5.940E-01  3.1442E-01  3.9017E-03  5.9952E-03  1.0  1.0
 1.850E-02 2.160E+00 7.020E-01  3.0038E-01  7.7925E-03  5.7516E-03  1.0  1.0
 2.460E-02 1.270E+00 3.200E-01  2.9483E-01  4.8691E-03  7.1545E-03  1.0  1.0
 2.470E-02 1.750E+00 4.370E-01  3.1630E-01  3.4542E-03  5.3293E-03  1.0  1.0
 2.540E-02 2.360E+00 5.660E-01  3.3262E-01  3.3174E-03  4.7810E-03  1.0  1.0
 2.760E-02 3.240E+00 7.070E-01  3.1860E-01  1.2748E-02  6.5177E-03  1.0  1.0
 3.480E-02 1.300E+00 2.310E-01  3.0470E-01  7.6749E-03  8.1733E-03  1.0  1.0
 3.480E-02 1.760E+00 3.090E-01  3.1351E-01  4.8691E-03  5.2666E-03  1.0  1.0
 3.490E-02 2.450E+00 4.280E-01  3.3592E-01  3.5516E-03  3.8475E-03  1.0  1.0
 3.540E-02 3.340E+00 5.710E-01  3.5266E-01  6.4226E-03  4.9629E-03  1.0  1.0
 3.640E-02 4.270E+00 7.050E-01  3.3831E-01  1.9586E-02  8.5031E-03  1.0  1.0
 4.950E-02 1.330E+00 1.680E-01  3.2273E-01  8.8843E-03  1.0282E-02  1.0  1.0
 4.930E-02 1.760E+00 2.210E-01  3.1788E-01  4.9840E-03  6.2798E-03  1.0  1.0
 4.940E-02 2.480E+00 3.090E-01  3.3521E-01  3.2776E-03  4.0722E-03  1.0  1.0
 5.010E-02 3.410E+00 4.160E-01  3.5256E-01  4.1431E-03  3.5512E-03  1.0  1.0
 5.090E-02 4.390E+00 5.260E-01  3.5039E-01  8.0057E-03  4.8815E-03  1.0  1.0
 5.260E-02 5.310E+00 6.090E-01  3.8234E-01  1.9131E-02  6.6670E-03  1.0  1.0
 7.000E-02 1.350E+00 1.200E-01  3.1513E-01  1.3189E-02  1.3588E-02  1.0  1.0
 6.990E-02 1.770E+00 1.560E-01  3.2243E-01  7.2893E-03  8.7871E-03  1.0  1.0
 6.940E-02 2.480E+00 2.190E-01  3.3378E-01  4.3865E-03  5.0844E-03  1.0  1.0
 6.960E-02 3.450E+00 3.030E-01  3.5852E-01  4.9685E-03  3.8754E-03  1.0  1.0
 7.020E-02 4.420E+00 3.820E-01  3.5406E-01  6.9248E-03  3.8581E-03  1.0  1.0
 7.030E-02 5.380E+00 4.630E-01  3.5921E-01  1.1993E-02  4.2272E-03  1.0  1.0
 7.110E-02 6.380E+00 5.360E-01  3.5534E-01  2.4691E-02  4.7820E-03  1.0  1.0
 9.020E-02 1.380E+00 9.500E-02  3.2655E-01  1.9491E-02  1.7592E-02  1.0  1.0
 8.990E-02 1.760E+00 1.210E-01  3.2196E-01  9.5929E-03  1.1591E-02  1.0  1.0
 8.970E-02 2.470E+00 1.690E-01  3.3530E-01  5.6915E-03  6.4903E-03  1.0  1.0
 8.970E-02 3.460E+00 2.360E-01  3.4053E-01  5.5825E-03  4.2866E-03  1.0  1.0
 9.000E-02 4.440E+00 2.990E-01  3.5581E-01  7.4604E-03  3.9789E-03  1.0  1.0
 9.030E-02 5.440E+00 3.660E-01  3.7691E-01  1.1602E-02  4.5614E-03  1.0  1.0
 8.970E-02 6.500E+00 4.360E-01  3.4823E-01  1.7081E-02  4.4429E-03  1.0  1.0
 1.090E-01 1.780E+00 1.010E-01  3.2192E-01  1.1697E-02  1.4097E-02  1.0  1.0
 1.096E-01 2.490E+00 1.400E-01  3.3445E-01  6.8968E-03  8.2962E-03  1.0  1.0
 1.098E-01 3.480E+00 1.930E-01  3.3499E-01  6.4939E-03  5.3949E-03  1.0  1.0
 1.100E-01 4.450E+00 2.460E-01  3.3547E-01  7.6877E-03  4.1933E-03  1.0  1.0
 1.105E-01 5.440E+00 2.990E-01  3.3058E-01  1.0474E-02  4.1896E-03  1.0  1.0
 1.096E-01 6.600E+00 3.630E-01  3.3658E-01  1.4344E-02  4.2832E-03  1.0  1.0
 1.282E-01 1.860E+00 9.000E-02  3.4754E-01  1.9779E-02  1.6783E-02  1.0  1.0
 1.383E-01 2.490E+00 1.120E-01  3.2930E-01  5.9909E-03  1.0484E-02  1.0  1.0
 1.396E-01 3.480E+00 1.540E-01  3.3191E-01  5.6847E-03  6.3829E-03  1.0  1.0
 1.394E-01 4.450E+00 1.960E-01  3.2590E-01  6.1753E-03  4.6813E-03  1.0  1.0
 1.398E-01 5.460E+00 2.390E-01  3.3923E-01  8.4533E-03  4.2764E-03  1.0  1.0
 1.407E-01 6.690E+00 2.890E-01  3.3378E-01  9.6274E-03  4.1685E-03  1.0  1.0
 1.737E-01 2.670E+00 9.500E-02  3.2736E-01  9.0906E-03  1.0289E-02  1.0  1.0
 1.803E-01 3.460E+00 1.190E-01  3.0646E-01  6.5906E-03  7.0899E-03  1.0  1.0
 1.799E-01 4.460E+00 1.520E-01  3.1903E-01  7.5841E-03  5.3887E-03  1.0  1.0
 1.806E-01 5.460E+00 1.850E-01  3.0792E-01  8.7749E-03  4.4872E-03  1.0  1.0
 1.801E-01 6.770E+00 2.290E-01  3.1902E-01  9.6612E-03  3.8844E-03  1.0  1.0
 1.769E-01 8.500E+00 2.890E-01  3.0737E-01  2.3063E-02  3.6781E-03  1.0  1.0
 2.048E-01 2.900E+00 8.700E-02  2.9677E-01  2.6279E-02  8.0936E-03  1.0  1.0
 2.203E-01 3.510E+00 9.900E-02  2.9213E-01  6.9937E-03  6.4941E-03  1.0  1.0
 2.255E-01 4.470E+00 1.230E-01  2.8165E-01  6.9913E-03  4.9938E-03  1.0  1.0
 2.259E-01 5.470E+00 1.490E-01  2.9322E-01  8.9853E-03  4.2930E-03  1.0  1.0
 2.273E-01 6.810E+00 1.840E-01  2.7828E-01  8.5809E-03  3.3924E-03  1.0  1.0
 2.211E-01 8.640E+00 2.360E-01  2.8643E-01  1.8139E-02  3.1892E-03  1.0  1.0
 2.643E-01 3.750E+00 8.800E-02  2.6882E-01  1.1792E-02  6.1959E-03  1.0  1.0
 2.723E-01 4.470E+00 1.020E-01  2.6698E-01  7.8936E-03  5.1958E-03  1.0  1.0
 2.746E-01 5.440E+00 1.230E-01  2.5594E-01  9.0907E-03  3.8960E-03  1.0  1.0
 2.792E-01 6.840E+00 1.510E-01  2.5086E-01  8.9879E-03  2.9960E-03  1.0  1.0
 2.729E-01 8.700E+00 1.940E-01  2.5449E-01  1.6667E-02  2.7944E-03  1.0  1.0
 3.145E-01 4.610E+00 9.100E-02  2.2846E-01  8.7945E-03  9.9938E-03  1.0  1.0
 3.373E-01 5.460E+00 1.010E-01  2.2655E-01  7.0954E-03  7.6950E-03  1.0  1.0
 3.485E-01 6.870E+00 1.230E-01  2.1932E-01  6.7943E-03  4.6960E-03  1.0  1.0
 3.432E-01 8.730E+00 1.570E-01  2.0716E-01  1.0788E-02  2.7968E-03  1.0  1.0
 3.931E-01 5.720E+00 9.100E-02  1.6791E-01  1.4692E-02  1.7691E-02  1.0  1.0
 4.379E-01 6.960E+00 1.000E-01  1.6021E-01  6.0966E-03  1.3193E-02  1.0  1.0
 4.603E-01 8.740E+00 1.180E-01  1.3092E-01  6.9956E-03  7.3954E-03  1.0  1.0
 8.700E-03 1.190E+00 6.260E-01  2.6432E-01  6.3933E-03  5.2973E-03  1.0  1.0
 1.170E-02 1.370E+00 5.390E-01  2.7695E-01  7.3358E-03  5.8114E-03  1.0  1.0
 1.290E-02 1.700E+00 6.050E-01  3.0439E-01  5.2497E-03  5.3434E-03  1.0  1.0
 1.720E-02 1.770E+00 4.720E-01  3.1877E-01  7.9717E-03  5.4441E-03  1.0  1.0
 1.780E-02 2.340E+00 5.990E-01  3.2587E-01  5.1333E-03  5.1333E-03  1.0  1.0
 2.410E-02 1.820E+00 3.510E-01  3.1591E-01  1.0120E-02  5.5563E-03  1.0  1.0
 2.450E-02 2.500E+00 4.720E-01  3.2984E-01  4.1340E-03  4.5277E-03  1.0  1.0
 2.600E-02 3.360E+00 5.910E-01  3.4639E-01  5.4489E-03  5.6435E-03  1.0  1.0
 3.470E-02 2.510E+00 3.320E-01  3.4601E-01  7.4443E-03  4.5658E-03  1.0  1.0
 3.480E-02 3.480E+00 4.580E-01  3.5224E-01  5.5114E-03  4.2320E-03  1.0  1.0
 3.540E-02 4.410E+00 5.680E-01  3.5230E-01  7.0089E-03  6.1328E-03  1.0  1.0
 3.740E-02 5.320E+00 6.450E-01  3.8596E-01  1.8797E-02  8.3863E-03  1.0  1.0
 4.960E-02 2.540E+00 2.370E-01  3.1881E-01  7.1732E-03  4.6825E-03  1.0  1.0
 4.940E-02 3.490E+00 3.270E-01  3.5166E-01  5.3582E-03  3.8698E-03  1.0  1.0
 4.950E-02 4.470E+00 4.160E-01  3.5404E-01  5.4254E-03  3.8471E-03  1.0  1.0
 5.050E-02 5.430E+00 4.920E-01  3.6145E-01  7.0546E-03  4.6051E-03  1.0  1.0
 5.240E-02 6.610E+00 5.760E-01  3.7859E-01  1.0772E-02  5.9200E-03  1.0  1.0
 7.070E-02 2.560E+00 1.680E-01  3.3014E-01  1.1181E-02  6.3891E-03  1.0  1.0
 7.020E-02 3.500E+00 2.290E-01  3.3965E-01  7.1758E-03  4.5845E-03  1.0  1.0
 6.980E-02 4.480E+00 2.950E-01  3.4216E-01  6.7597E-03  3.9763E-03  1.0  1.0
 7.000E-02 5.470E+00 3.570E-01  3.5729E-01  7.7284E-03  4.1614E-03  1.0  1.0
 7.000E-02 6.860E+00 4.480E-01  3.6332E-01  8.9576E-03  4.2327E-03  1.0  1.0
 7.180E-02 8.610E+00 5.430E-01  3.8774E-01  1.9407E-02  5.4611E-03  1.0  1.0
 9.150E-02 2.610E+00 1.320E-01  3.5839E-01  1.7085E-02  8.6924E-03  1.0  1.0
 9.090E-02 3.500E+00 1.770E-01  3.2476E-01  8.9852E-03  5.4910E-03  1.0  1.0
 9.060E-02 4.470E+00 2.260E-01  3.4771E-01  8.5757E-03  4.6867E-03  1.0  1.0
 9.040E-02 5.480E+00 2.780E-01  3.4972E-01  8.8601E-03  4.3803E-03  1.0  1.0
 9.030E-02 6.810E+00 3.440E-01  3.5917E-01  8.0411E-03  4.3680E-03  1.0  1.0
 9.050E-02 8.770E+00 4.400E-01  3.7774E-01  1.4707E-02  4.8365E-03  1.0  1.0
 1.125E-01 2.620E+00 1.090E-01  3.0772E-01  1.7595E-02  8.7976E-03  1.0  1.0
 1.120E-01 3.480E+00 1.430E-01  3.5063E-01  1.3993E-02  6.6968E-03  1.0  1.0
 1.110E-01 4.490E+00 1.850E-01  3.3871E-01  1.0591E-02  5.3953E-03  1.0  1.0
 1.108E-01 5.490E+00 2.270E-01  3.4234E-01  1.0186E-02  4.9932E-03  1.0  1.0
 1.108E-01 6.840E+00 2.820E-01  3.4794E-01  8.6811E-03  4.6898E-03  1.0  1.0
 1.105E-01 8.860E+00 3.650E-01  3.4344E-01  1.3347E-02  4.6815E-03  1.0  1.0
 1.112E-01 1.075E+01 4.370E-01  3.5227E-01  2.4949E-02  4.9699E-03  1.0  1.0
 1.432E-01 3.480E+00 1.130E-01  3.1927E-01  1.0885E-02  7.6896E-03  1.0  1.0
 1.419E-01 4.490E+00 1.470E-01  3.0984E-01  8.1826E-03  5.3886E-03  1.0  1.0
 1.409E-01 5.480E+00 1.790E-01  3.1679E-01  8.0767E-03  4.8859E-03  1.0  1.0
 1.411E-01 6.870E+00 2.240E-01  3.1668E-01  6.3735E-03  4.4813E-03  1.0  1.0
 1.405E-01 8.900E+00 2.910E-01  3.3341E-01  1.0034E-02  4.6693E-03  1.0  1.0
 1.421E-01 1.100E+01 3.530E-01  3.3146E-01  1.3674E-02  4.8554E-03  1.0  1.0
 1.814E-01 3.620E+00 9.300E-02  3.0115E-01  1.5787E-02  8.4931E-03  1.0  1.0
 1.859E-01 4.500E+00 1.130E-01  2.9647E-01  9.8891E-03  6.1932E-03  1.0  1.0
 1.840E-01 5.490E+00 1.380E-01  2.9087E-01  9.1864E-03  4.9926E-03  1.0  1.0
 1.833E-01 6.870E+00 1.730E-01  3.0056E-01  7.2845E-03  4.4904E-03  1.0  1.0
 1.810E-01 8.930E+00 2.270E-01  2.9631E-01  1.0864E-02  3.8870E-03  1.0  1.0
 1.813E-01 1.115E+01 2.810E-01  3.4018E-01  1.3436E-02  4.5782E-03  1.0  1.0
 2.282E-01 4.550E+00 9.300E-02  2.7051E-01  1.1792E-02  5.7960E-03  1.0  1.0
 2.304E-01 5.470E+00 1.110E-01  2.7196E-01  9.6916E-03  4.8958E-03  1.0  1.0
 2.304E-01 6.920E+00 1.390E-01  2.7656E-01  7.2912E-03  4.0950E-03  1.0  1.0
 2.270E-01 8.830E+00 1.790E-01  2.7780E-01  9.1835E-03  3.5935E-03  1.0  1.0
 2.271E-01 1.123E+01 2.260E-01  3.0331E-01  1.1869E-02  3.4909E-03  1.0  1.0
 2.795E-01 5.540E+00 9.300E-02  2.5966E-01  1.2493E-02  4.3976E-03  1.0  1.0
 2.849E-01 6.930E+00 1.140E-01  2.3872E-01  7.4944E-03  3.3975E-03  1.0  1.0
 2.801E-01 8.850E+00 1.460E-01  2.4204E-01  9.4897E-03  2.8969E-03  1.0  1.0
 2.783E-01 1.126E+01 1.860E-01  2.3463E-01  1.0583E-02  2.5960E-03  1.0  1.0
 2.788E-01 1.418E+01 2.310E-01  2.1992E-01  1.7262E-02  2.3947E-03  1.0  1.0
 3.421E-01 7.080E+00 9.700E-02  2.1669E-01  7.2963E-03  4.6976E-03  1.0  1.0
 3.535E-01 8.860E+00 1.170E-01  1.9918E-01  6.7958E-03  2.6983E-03  1.0  1.0
 3.526E-01 1.132E+01 1.490E-01  1.8274E-01  7.2936E-03  1.8983E-03  1.0  1.0
 3.516E-01 1.431E+01 1.870E-01  1.8438E-01  1.1186E-02  1.9976E-03  1.0  1.0
 4.383E-01 9.030E+00 9.600E-02  1.3295E-01  6.7973E-03  8.6966E-03  1.0  1.0
 4.698E-01 1.136E+01 1.140E-01  1.1884E-01  5.3972E-03  5.6971E-03  1.0  1.0
 4.780E-01 1.438E+01 1.400E-01  1.2143E-01  6.8958E-03  4.4973E-03  1.0  1.0
 3.500E-03 8.300E-01 6.540E-01  2.3883E-01  6.7592E-03  1.5685E-02  1.0  1.0
 5.100E-03 1.180E+00 6.330E-01  2.6580E-01  5.6105E-03  1.4114E-02  1.0  1.0
 7.500E-03 1.320E+00 4.860E-01  2.8549E-01  5.9080E-03  1.1530E-02  1.0  1.0
 8.100E-03 1.720E+00 5.780E-01  3.1235E-01  5.7567E-03  1.3463E-02  1.0  1.0
 1.220E-02 1.760E+00 3.950E-01  3.2207E-01  7.1353E-03  1.1045E-02  1.0  1.0
 1.240E-02 2.450E+00 5.370E-01  3.4903E-01  5.2421E-03  1.1628E-02  1.0  1.0
 1.380E-02 3.250E+00 6.400E-01  3.3719E-01  1.3554E-02  7.3342E-03  1.0  1.0
 1.750E-02 1.770E+00 2.770E-01  3.0017E-01  1.0614E-02  9.8204E-03  1.0  1.0
 1.740E-02 2.480E+00 3.880E-01  3.4702E-01  6.6809E-03  1.0807E-02  1.0  1.0
 1.690E-02 3.620E+00 5.860E-01  3.5831E-01  1.0104E-02  7.2444E-03  1.0  1.0
 1.850E-02 4.340E+00 6.380E-01  3.7212E-01  1.1782E-02  9.4254E-03  1.0  1.0
 2.440E-02 1.790E+00 2.030E-01  3.0511E-01  1.5365E-02  1.0476E-02  1.0  1.0
 2.470E-02 2.500E+00 2.790E-01  3.3186E-01  6.2708E-03  1.0153E-02  1.0  1.0
 2.480E-02 3.450E+00 3.800E-01  3.6741E-01  7.0332E-03  1.0698E-02  1.0  1.0
 2.390E-02 4.540E+00 5.200E-01  3.7786E-01  8.8216E-03  7.2533E-03  1.0  1.0
 2.520E-02 5.450E+00 5.900E-01  3.7602E-01  8.3691E-03  8.6610E-03  1.0  1.0
 2.770E-02 6.510E+00 6.370E-01  3.8030E-01  1.1128E-02  9.7735E-03  1.0  1.0
 3.470E-02 2.530E+00 1.990E-01  3.2822E-01  1.0176E-02  1.0276E-02  1.0  1.0
 3.490E-02 3.460E+00 2.700E-01  3.6401E-01  8.9583E-03  1.0352E-02  1.0  1.0
 3.500E-02 4.430E+00 3.430E-01  3.6623E-01  1.1110E-02  1.0118E-02  1.0  1.0
 3.450E-02 5.490E+00 4.330E-01  3.6498E-01  1.0256E-02  6.5087E-03  1.0  1.0
 3.470E-02 6.960E+00 5.460E-01  3.8363E-01  7.3194E-03  7.5145E-03  1.0  1.0
 3.680E-02 8.660E+00 6.360E-01  3.5952E-01  1.1003E-02  8.6865E-03  1.0  1.0
 4.860E-02 3.520E+00 1.980E-01  3.3895E-01  9.3765E-03  1.0075E-02  1.0  1.0
 4.940E-02 4.460E+00 2.480E-01  3.6041E-01  9.1620E-03  9.8592E-03  1.0  1.0
 4.910E-02 5.460E+00 3.050E-01  3.6925E-01  9.8349E-03  7.7487E-03  1.0  1.0
 4.900E-02 6.980E+00 3.910E-01  3.7635E-01  7.0169E-03  5.7322E-03  1.0  1.0
 4.940E-02 8.960E+00 4.980E-01  3.7848E-01  6.8547E-03  6.4630E-03  1.0  1.0
 5.160E-02 1.112E+01 5.860E-01  3.8326E-01  7.8512E-03  8.4328E-03  1.0  1.0
 6.970E-02 4.500E+00 1.770E-01  3.3097E-01  1.4173E-02  9.3821E-03  1.0  1.0
 6.910E-02 5.470E+00 2.150E-01  3.5476E-01  1.4458E-02  9.2729E-03  1.0  1.0
 6.990E-02 6.920E+00 2.700E-01  3.7696E-01  1.0350E-02  6.5680E-03  1.0  1.0
 6.950E-02 8.990E+00 3.530E-01  3.6055E-01  8.9196E-03  5.0544E-03  1.0  1.0
 6.960E-02 1.139E+01 4.450E-01  3.8085E-01  7.7785E-03  6.0062E-03  1.0  1.0
 7.070E-02 1.446E+01 5.530E-01  3.7912E-01  9.7410E-03  7.7928E-03  1.0  1.0
 8.950E-02 5.500E+00 1.680E-01  3.4680E-01  2.1469E-02  9.5860E-03  1.0  1.0
 9.010E-02 6.950E+00 2.100E-01  3.6204E-01  1.2770E-02  8.2803E-03  1.0  1.0
 9.000E-02 8.960E+00 2.710E-01  3.7192E-01  1.1352E-02  5.8751E-03  1.0  1.0
 8.990E-02 1.145E+01 3.460E-01  3.6281E-01  9.0330E-03  5.4595E-03  1.0  1.0
 9.000E-02 1.468E+01 4.420E-01  3.7208E-01  9.4747E-03  5.9217E-03  1.0  1.0
 9.070E-02 1.901E+01 5.660E-01  3.6759E-01  1.5817E-02  7.9084E-03  1.0  1.0
 1.102E-01 6.960E+00 1.730E-01  3.3055E-01  1.4489E-02  7.1946E-03  1.0  1.0
 1.101E-01 8.990E+00 2.220E-01  3.3697E-01  1.2784E-02  7.1909E-03  1.0  1.0
 1.103E-01 1.145E+01 2.820E-01  3.5194E-01  1.0377E-02  5.8872E-03  1.0  1.0
 1.100E-01 1.477E+01 3.640E-01  3.4803E-01  9.6621E-03  5.5781E-03  1.0  1.0
 1.102E-01 1.937E+01 4.750E-01  3.7405E-01  1.5188E-02  6.2540E-03  1.0  1.0
 1.388E-01 7.160E+00 1.420E-01  3.2860E-01  1.6176E-02  7.2890E-03  1.0  1.0
 1.400E-01 9.010E+00 1.760E-01  3.5006E-01  1.4070E-02  6.5860E-03  1.0  1.0
 1.395E-01 1.143E+01 2.240E-01  3.3591E-01  8.6719E-03  5.9806E-03  1.0  1.0
 1.396E-01 1.484E+01 2.900E-01  3.3307E-01  7.5608E-03  5.8696E-03  1.0  1.0
 1.398E-01 1.932E+01 3.750E-01  3.3843E-01  8.7261E-03  6.2471E-03  1.0  1.0
 1.417E-01 2.536E+01 4.830E-01  3.2450E-01  1.7063E-02  6.4111E-03  1.0  1.0
 1.785E-01 7.380E+00 1.140E-01  2.6757E-01  2.0083E-02  5.5952E-03  1.0  1.0
 1.798E-01 8.970E+00 1.370E-01  3.0566E-01  1.5782E-02  5.8934E-03  1.0  1.0
 1.815E-01 1.144E+01 1.720E-01  2.8625E-01  9.5849E-03  4.9921E-03  1.0  1.0
 1.802E-01 1.486E+01 2.250E-01  3.0992E-01  8.8775E-03  5.5859E-03  1.0  1.0
 1.802E-01 1.943E+01 2.930E-01  3.0347E-01  8.6650E-03  5.7766E-03  1.0  1.0
 1.804E-01 2.590E+01 3.880E-01  2.9991E-01  1.4300E-02  6.2564E-03  1.0  1.0
 2.225E-01 9.150E+00 1.130E-01  2.7791E-01  1.7988E-02  5.0966E-03  1.0  1.0
 2.261E-01 1.147E+01 1.390E-01  2.7386E-01  1.0091E-02  4.4961E-03  1.0  1.0
 2.262E-01 1.490E+01 1.800E-01  2.5655E-01  7.8892E-03  4.0944E-03  1.0  1.0
 2.253E-01 1.956E+01 2.360E-01  2.6213E-01  7.7831E-03  4.4902E-03  1.0  1.0
 2.257E-01 2.632E+01 3.170E-01  2.8296E-01  1.2255E-02  5.6792E-03  1.0  1.0
 2.769E-01 1.162E+01 1.150E-01  2.4266E-01  1.1693E-02  3.2981E-03  1.0  1.0
 2.756E-01 1.482E+01 1.470E-01  2.4511E-01  9.3927E-03  3.3974E-03  1.0  1.0
 2.759E-01 1.960E+01 1.930E-01  2.3600E-01  8.1897E-03  3.1960E-03  1.0  1.0
 2.763E-01 2.649E+01 2.610E-01  2.2782E-01  1.1376E-02  3.5925E-03  1.0  1.0
 2.761E-01 3.394E+01 3.300E-01  2.1035E-01  1.9639E-02  4.3863E-03  1.0  1.0
 3.410E-01 1.501E+01 1.210E-01  1.7321E-01  6.1969E-03  2.2989E-03  1.0  1.0
 3.460E-01 1.965E+01 1.560E-01  1.8238E-01  5.6962E-03  2.7981E-03  1.0  1.0
 3.469E-01 2.624E+01 2.060E-01  1.7722E-01  7.1925E-03  2.9969E-03  1.0  1.0
 3.493E-01 3.449E+01 2.670E-01  1.6073E-01  1.0982E-02  2.9950E-03  1.0  1.0
 4.516E-01 2.002E+01 1.220E-01  1.1516E-01  4.6982E-03  5.4979E-03  1.0  1.0
 4.710E-01 2.612E+01 1.520E-01  9.5659E-02  4.1982E-03  4.2981E-03  1.0  1.0
 4.737E-01 3.479E+01 2.010E-01  9.6823E-02  6.4949E-03  4.1967E-03  1.0  1.0
 3.700E-03 1.270E+00 6.700E-01  2.8873E-01  4.7221E-03  1.3136E-02  1.0  1.0
 5.000E-03 1.710E+00 6.730E-01  3.0262E-01  4.5423E-03  1.2170E-02  1.0  1.0
 5.600E-03 2.150E+00 7.380E-01  3.1570E-01  9.1235E-03  1.2000E-02  1.0  1.0
 7.300E-03 1.810E+00 4.880E-01  3.2097E-01  6.9529E-03  1.1429E-02  1.0  1.0
 7.900E-03 2.440E+00 6.060E-01  3.3620E-01  3.4954E-03  1.2050E-02  1.0  1.0
 9.000E-03 3.370E+00 7.290E-01  3.4684E-01  5.2512E-03  1.1728E-02  1.0  1.0
 1.210E-02 2.550E+00 4.130E-01  3.4952E-01  5.6547E-03  1.1212E-02  1.0  1.0
 1.230E-02 3.470E+00 5.520E-01  3.7159E-01  4.5594E-03  1.1683E-02  1.0  1.0
 1.260E-02 4.450E+00 6.930E-01  3.6662E-01  4.2927E-03  1.2147E-02  1.0  1.0
 1.390E-02 5.380E+00 7.530E-01  3.8588E-01  7.5137E-03  1.3686E-02  1.0  1.0
 1.730E-02 2.590E+00 2.940E-01  3.3954E-01  9.1151E-03  1.0898E-02  1.0  1.0
 1.730E-02 3.490E+00 3.930E-01  3.6078E-01  6.1865E-03  1.0704E-02  1.0  1.0
 1.740E-02 4.460E+00 5.010E-01  3.8630E-01  6.1947E-03  1.1422E-02  1.0  1.0
 1.680E-02 5.600E+00 6.580E-01  3.8002E-01  7.4108E-03  1.0788E-02  1.0  1.0
 1.800E-02 6.730E+00 7.270E-01  3.9005E-01  5.0680E-03  1.2348E-02  1.0  1.0
 2.450E-02 3.490E+00 2.800E-01  3.6131E-01  7.0669E-03  1.1247E-02  1.0  1.0
 2.450E-02 4.480E+00 3.590E-01  3.8510E-01  6.0497E-03  1.1008E-02  1.0  1.0
 2.460E-02 5.470E+00 4.350E-01  3.9572E-01  6.2186E-03  1.1154E-02  1.0  1.0
 2.350E-02 7.220E+00 6.050E-01  3.9276E-01  4.9544E-03  9.5203E-03  1.0  1.0
 2.530E-02 8.880E+00 6.840E-01  4.1487E-01  4.5199E-03  1.1829E-02  1.0  1.0
 2.790E-02 1.078E+01 7.440E-01  4.2284E-01  7.9116E-03  1.4107E-02  1.0  1.0
 3.470E-02 4.480E+00 2.530E-01  3.8615E-01  8.7649E-03  1.1255E-02  1.0  1.0
 3.480E-02 5.490E+00 3.080E-01  3.7702E-01  7.9499E-03  1.0434E-02  1.0  1.0
 3.480E-02 6.860E+00 3.830E-01  3.9773E-01  6.9274E-03  1.0391E-02  1.0  1.0
 3.450E-02 9.010E+00 5.110E-01  3.9962E-01  5.7788E-03  8.7172E-03  1.0  1.0
 3.480E-02 1.144E+01 6.410E-01  4.0770E-01  4.4368E-03  1.0899E-02  1.0  1.0
 3.690E-02 1.409E+01 7.350E-01  4.1320E-01  7.2259E-03  1.3786E-02  1.0  1.0
 4.690E-02 5.530E+00 2.320E-01  3.6828E-01  8.8683E-03  1.0662E-02  1.0  1.0
 4.930E-02 6.930E+00 2.760E-01  3.8378E-01  5.6701E-03  1.0445E-02  1.0  1.0
 4.910E-02 8.990E+00 3.600E-01  3.8506E-01  5.7442E-03  8.2201E-03  1.0  1.0
 4.870E-02 1.157E+01 4.680E-01  3.9942E-01  4.4195E-03  7.6604E-03  1.0  1.0
 4.940E-02 1.487E+01 5.900E-01  4.0039E-01  3.6813E-03  9.9784E-03  1.0  1.0
 5.290E-02 1.890E+01 6.900E-01  4.0508E-01  5.2496E-03  1.3076E-02  1.0  1.0
 6.630E-02 7.320E+00 2.170E-01  3.7378E-01  1.1266E-02  1.0269E-02  1.0  1.0
 6.980E-02 8.930E+00 2.500E-01  3.7227E-01  8.4653E-03  9.5608E-03  1.0  1.0
 6.960E-02 1.145E+01 3.220E-01  3.8043E-01  6.3538E-03  6.7509E-03  1.0  1.0
 6.940E-02 1.501E+01 4.230E-01  3.9099E-01  4.8331E-03  6.9044E-03  1.0  1.0
 6.990E-02 1.964E+01 5.470E-01  3.8212E-01  4.0941E-03  8.8706E-03  1.0  1.0
 7.160E-02 2.555E+01 6.890E-01  4.0516E-01  8.6042E-03  1.3480E-02  1.0  1.0
 8.630E-02 9.340E+00 2.130E-01  3.3817E-01  1.4664E-02  8.9779E-03  1.0  1.0
 8.960E-02 1.148E+01 2.500E-01  3.6761E-01  7.6731E-03  7.0752E-03  1.0  1.0
 8.970E-02 1.495E+01 3.260E-01  3.6444E-01  6.2595E-03  5.5640E-03  1.0  1.0
 8.950E-02 1.988E+01 4.330E-01  3.6955E-01  4.6415E-03  6.5179E-03  1.0  1.0
 9.030E-02 2.606E+01 5.580E-01  3.7767E-01  5.6675E-03  9.1853E-03  1.0  1.0
 1.094E-01 1.180E+01 2.120E-01  3.4230E-01  1.0188E-02  6.9919E-03  1.0  1.0
 1.097E-01 1.490E+01 2.640E-01  3.6812E-01  7.7855E-03  6.1885E-03  1.0  1.0
 1.097E-01 1.986E+01 3.530E-01  3.5860E-01  5.3805E-03  5.3805E-03  1.0  1.0
 1.100E-01 2.636E+01 4.640E-01  3.5553E-01  5.4621E-03  6.6539E-03  1.0  1.0
 1.106E-01 3.448E+01 6.010E-01  3.7995E-01  1.0858E-02  9.7726E-03  1.0  1.0
 1.390E-01 1.177E+01 1.670E-01  2.9240E-01  1.5074E-02  6.3891E-03  1.0  1.0
 1.372E-01 1.503E+01 2.150E-01  3.3232E-01  6.4829E-03  6.2834E-03  1.0  1.0
 1.388E-01 1.988E+01 2.800E-01  3.2771E-01  4.2818E-03  5.7755E-03  1.0  1.0
 1.393E-01 2.662E+01 3.730E-01  3.3034E-01  4.0696E-03  5.8563E-03  1.0  1.0
 1.400E-01 3.522E+01 4.890E-01  3.3748E-01  6.6134E-03  7.0082E-03  1.0  1.0
 1.790E-01 1.507E+01 1.650E-01  3.0592E-01  8.3895E-03  5.7927E-03  1.0  1.0
 1.795E-01 1.999E+01 2.180E-01  2.9718E-01  4.9897E-03  5.6882E-03  1.0  1.0
 1.791E-01 2.674E+01 2.910E-01  3.0174E-01  4.4843E-03  6.0787E-03  1.0  1.0
 1.799E-01 3.513E+01 3.780E-01  2.9993E-01  5.2689E-03  6.6607E-03  1.0  1.0
 1.807E-01 4.574E+01 4.880E-01  3.1694E-01  9.8023E-03  8.0201E-03  1.0  1.0
 2.240E-01 1.514E+01 1.330E-01  2.6591E-01  8.2941E-03  4.4968E-03  1.0  1.0
 2.242E-01 1.997E+01 1.750E-01  2.7260E-01  5.0944E-03  4.6949E-03  1.0  1.0
 2.241E-01 2.676E+01 2.330E-01  2.6691E-01  4.2921E-03  5.1905E-03  1.0  1.0
 2.239E-01 3.530E+01 3.060E-01  2.6012E-01  4.6859E-03  5.7826E-03  1.0  1.0
 2.249E-01 4.657E+01 4.010E-01  2.6007E-01  7.4618E-03  7.0638E-03  1.0  1.0
 2.646E-01 1.606E+01 1.190E-01  2.7807E-01  2.3189E-02  3.2984E-03  1.0  1.0
 2.740E-01 1.999E+01 1.430E-01  2.3445E-01  5.4966E-03  3.0981E-03  1.0  1.0
 2.739E-01 2.676E+01 1.910E-01  2.2897E-01  4.4954E-03  3.4964E-03  1.0  1.0
 2.745E-01 3.542E+01 2.510E-01  2.3241E-01  4.7919E-03  4.5922E-03  1.0  1.0
 2.744E-01 4.698E+01 3.320E-01  2.3474E-01  7.0801E-03  5.9832E-03  1.0  1.0
 2.769E-01 5.979E+01 4.130E-01  1.6906E-01  1.8220E-02  5.6752E-03  1.0  1.0
 3.289E-01 2.073E+01 1.240E-01  1.9802E-01  5.7976E-03  3.0987E-03  1.0  1.0
 3.440E-01 2.673E+01 1.530E-01  1.7380E-01  3.1982E-03  2.8984E-03  1.0  1.0
 3.447E-01 3.548E+01 2.020E-01  1.7764E-01  3.1971E-03  3.0972E-03  1.0  1.0
 3.455E-01 4.661E+01 2.620E-01  1.6917E-01  3.8947E-03  3.1957E-03  1.0  1.0
 3.491E-01 6.117E+01 3.380E-01  1.5884E-01  1.0576E-02  4.6895E-03  1.0  1.0
 4.334E-01 2.770E+01 1.250E-01  1.2455E-01  3.4987E-03  6.7975E-03  1.0  1.0
 4.657E-01 3.556E+01 1.500E-01  9.9864E-02  2.0992E-03  4.9982E-03  1.0  1.0
 4.702E-01 4.658E+01 1.940E-01  9.5942E-02  2.3986E-03  4.3974E-03  1.0  1.0
 4.772E-01 6.224E+01 2.540E-01  8.3420E-02  5.3949E-03  3.6965E-03  1.0  1.0
