NMC proton
hep-ph/9610231
*
.02 0 : normalization error, number of correlated errors
   x           Q2        y        sig_r        stat        sys
 7.800E-03 8.000E-01 6.350E-01  2.4760E-01  3.0950E-03  7.2824E-03  1.0  1.0
 9.200E-03 1.090E+00 7.090E-01  2.5991E-01  7.2419E-03  8.0367E-03  1.0  1.0
 1.200E-02 9.000E-01 4.620E-01  2.6727E-01  6.1907E-03  5.2234E-03  1.0  1.0
 1.250E-02 1.220E+00 5.960E-01  2.8397E-01  3.4768E-03  6.2958E-03  1.0  1.0
 1.390E-02 1.620E+00 7.030E-01  2.9166E-01  9.1941E-03  7.1004E-03  1.0  1.0
 1.730E-02 1.270E+00 4.480E-01  2.9145E-01  4.6819E-03  4.3893E-03  1.0  1.0
 1.760E-02 1.720E+00 5.930E-01  3.1562E-01  5.1398E-03  5.6157E-03  1.0  1.0
 1.850E-02 2.160E+00 7.030E-01  3.1108E-01  1.0944E-02  6.0286E-03  1.0  1.0
 2.460E-02 1.280E+00 3.200E-01  3.0337E-01  5.5647E-03  3.8754E-03  1.0  1.0
 2.470E-02 1.750E+00 4.370E-01  3.2253E-01  4.3425E-03  3.7504E-03  1.0  1.0
 2.540E-02 2.350E+00 5.650E-01  3.4193E-01  4.4888E-03  4.4888E-03  1.0  1.0
 2.760E-02 3.240E+00 7.070E-01  3.2733E-01  1.8691E-02  6.7096E-03  1.0  1.0
 3.480E-02 1.300E+00 2.310E-01  3.0719E-01  8.4722E-03  4.4853E-03  1.0  1.0
 3.480E-02 1.760E+00 3.090E-01  3.2851E-01  5.8626E-03  3.6766E-03  1.0  1.0
 3.490E-02 2.440E+00 4.270E-01  3.4936E-01  4.5384E-03  3.4531E-03  1.0  1.0
 3.550E-02 3.340E+00 5.700E-01  3.6322E-01  8.9540E-03  5.1583E-03  1.0  1.0
 3.640E-02 4.260E+00 7.050E-01  3.7050E-01  3.0286E-02  9.6493E-03  1.0  1.0
 4.950E-02 1.330E+00 1.680E-01  3.3251E-01  9.7828E-03  7.0875E-03  1.0  1.0
 4.930E-02 1.760E+00 2.210E-01  3.3034E-01  5.7814E-03  5.0837E-03  1.0  1.0
 4.940E-02 2.480E+00 3.090E-01  3.4325E-01  3.9728E-03  3.7741E-03  1.0  1.0
 5.010E-02 3.410E+00 4.150E-01  3.6709E-01  5.6233E-03  3.7488E-03  1.0  1.0
 5.090E-02 4.390E+00 5.260E-01  3.8008E-01  1.1911E-02  5.1744E-03  1.0  1.0
 5.260E-02 5.310E+00 6.080E-01  3.7641E-01  2.7639E-02  6.9581E-03  1.0  1.0
 7.010E-02 1.350E+00 1.200E-01  3.1534E-01  1.3888E-02  8.8925E-03  1.0  1.0
 6.990E-02 1.770E+00 1.560E-01  3.4410E-01  8.3879E-03  6.9899E-03  1.0  1.0
 6.940E-02 2.480E+00 2.190E-01  3.4923E-01  5.2838E-03  5.1841E-03  1.0  1.0
 6.960E-02 3.450E+00 3.030E-01  3.8167E-01  6.4589E-03  4.3722E-03  1.0  1.0
 7.030E-02 4.420E+00 3.820E-01  3.7907E-01  9.6945E-03  4.1548E-03  1.0  1.0
 7.030E-02 5.380E+00 4.630E-01  3.6422E-01  1.7105E-02  4.2272E-03  1.0  1.0
 7.120E-02 6.380E+00 5.360E-01  3.6940E-01  3.6989E-02  4.8798E-03  1.0  1.0
 9.030E-02 1.380E+00 9.500E-02  3.3825E-01  2.1091E-02  1.0995E-02  1.0  1.0
 9.000E-02 1.760E+00 1.210E-01  3.3925E-01  1.0692E-02  8.7934E-03  1.0  1.0
 8.980E-02 2.470E+00 1.690E-01  3.5936E-01  6.7898E-03  6.5901E-03  1.0  1.0
 8.980E-02 3.460E+00 2.360E-01  3.6745E-01  7.1776E-03  5.0841E-03  1.0  1.0
 9.000E-02 4.430E+00 2.990E-01  3.7193E-01  9.9472E-03  4.2773E-03  1.0  1.0
 9.030E-02 5.440E+00 3.660E-01  3.5539E-01  1.5370E-02  3.9664E-03  1.0  1.0
 8.970E-02 6.500E+00 4.360E-01  3.9690E-01  2.6559E-02  4.6404E-03  1.0  1.0
 1.091E-01 1.780E+00 1.010E-01  3.4522E-01  1.3297E-02  1.0497E-02  1.0  1.0
 1.097E-01 2.490E+00 1.400E-01  3.6132E-01  8.1960E-03  7.8962E-03  1.0  1.0
 1.099E-01 3.480E+00 1.930E-01  3.6705E-01  8.2922E-03  5.7945E-03  1.0  1.0
 1.100E-01 4.450E+00 2.460E-01  3.6701E-01  1.0383E-02  4.8921E-03  1.0  1.0
 1.105E-01 5.440E+00 2.980E-01  3.5661E-01  1.4763E-02  3.8903E-03  1.0  1.0
 1.096E-01 6.600E+00 3.630E-01  3.7255E-01  2.1616E-02  4.1837E-03  1.0  1.0
 1.284E-01 1.860E+00 9.000E-02  3.6691E-01  2.1877E-02  1.3686E-02  1.0  1.0
 1.385E-01 2.490E+00 1.110E-01  3.6255E-01  7.0892E-03  1.0085E-02  1.0  1.0
 1.398E-01 3.480E+00 1.540E-01  3.6951E-01  7.0810E-03  6.7818E-03  1.0  1.0
 1.396E-01 4.450E+00 1.950E-01  3.6387E-01  8.2676E-03  5.3789E-03  1.0  1.0
 1.399E-01 5.460E+00 2.380E-01  3.5814E-01  1.1437E-02  4.7739E-03  1.0  1.0
 1.409E-01 6.690E+00 2.890E-01  3.7398E-01  1.4292E-02  4.3671E-03  1.0  1.0
 1.741E-01 2.670E+00 9.500E-02  3.6263E-01  1.0889E-02  1.1388E-02  1.0  1.0
 1.807E-01 3.470E+00 1.190E-01  3.3811E-01  8.0883E-03  7.8886E-03  1.0  1.0
 1.802E-01 4.460E+00 1.520E-01  3.7192E-01  1.0179E-02  6.5862E-03  1.0  1.0
 1.808E-01 5.460E+00 1.850E-01  3.3276E-01  1.1866E-02  4.8861E-03  1.0  1.0
 1.804E-01 6.770E+00 2.290E-01  3.6016E-01  1.4044E-02  4.5817E-03  1.0  1.0
 1.771E-01 8.500E+00 2.890E-01  3.8977E-01  3.7774E-02  4.9703E-03  1.0  1.0
 2.051E-01 2.900E+00 8.700E-02  3.3434E-01  3.1575E-02  1.0192E-02  1.0  1.0
 2.210E-01 3.510E+00 9.900E-02  3.3070E-01  8.7920E-03  8.1925E-03  1.0  1.0
 2.262E-01 4.470E+00 1.220E-01  3.2360E-01  9.1887E-03  6.1924E-03  1.0  1.0
 2.263E-01 5.470E+00 1.490E-01  3.4922E-01  1.2579E-02  5.4909E-03  1.0  1.0
 2.280E-01 6.810E+00 1.840E-01  3.1978E-01  1.2472E-02  4.1906E-03  1.0  1.0
 2.215E-01 8.640E+00 2.360E-01  3.0517E-01  2.6411E-02  3.8868E-03  1.0  1.0
 2.657E-01 3.750E+00 8.800E-02  3.0270E-01  1.4690E-02  7.5949E-03  1.0  1.0
 2.736E-01 4.470E+00 1.020E-01  3.0425E-01  1.0192E-02  5.9952E-03  1.0  1.0
 2.758E-01 5.440E+00 1.220E-01  3.0549E-01  1.2787E-02  4.7951E-03  1.0  1.0
 2.803E-01 6.850E+00 1.510E-01  3.1957E-01  1.3881E-02  4.7935E-03  1.0  1.0
 2.737E-01 8.700E+00 1.930E-01  3.2306E-01  2.6947E-02  4.7906E-03  1.0  1.0
 3.166E-01 4.620E+00 9.100E-02  2.8823E-01  1.2293E-02  1.3392E-02  1.0  1.0
 3.397E-01 5.460E+00 1.000E-01  2.5823E-01  9.4939E-03  9.3940E-03  1.0  1.0
 3.511E-01 6.870E+00 1.220E-01  2.7568E-01  1.0292E-02  6.4947E-03  1.0  1.0
 3.450E-01 8.730E+00 1.560E-01  2.3952E-01  1.6281E-02  5.1939E-03  1.0  1.0
 3.973E-01 5.730E+00 9.000E-02  2.0850E-01  2.1090E-02  2.4288E-02  1.0  1.0
 4.425E-01 6.970E+00 9.900E-02  2.0230E-01  9.3952E-03  1.9790E-02  1.0  1.0
 4.653E-01 8.750E+00 1.170E-01  1.8159E-01  1.1793E-02  1.3592E-02  1.0  1.0
 8.700E-03 1.180E+00 6.260E-01  2.7281E-01  8.2199E-03  7.4892E-03  1.0  1.0
 1.170E-02 1.370E+00 5.400E-01  2.8860E-01  9.2389E-03  5.9053E-03  1.0  1.0
 1.290E-02 1.700E+00 6.040E-01  3.0007E-01  6.6577E-03  6.1889E-03  1.0  1.0
 1.720E-02 1.770E+00 4.720E-01  3.1829E-01  9.7216E-03  5.0552E-03  1.0  1.0
 1.780E-02 2.340E+00 5.990E-01  3.3452E-01  6.8444E-03  5.4185E-03  1.0  1.0
 2.410E-02 1.820E+00 3.510E-01  3.1939E-01  1.2105E-02  4.1673E-03  1.0  1.0
 2.450E-02 2.500E+00 4.710E-01  3.3863E-01  5.3157E-03  4.2328E-03  1.0  1.0
 2.600E-02 3.360E+00 5.900E-01  3.6318E-01  7.4933E-03  6.2282E-03  1.0  1.0
 3.480E-02 2.510E+00 3.320E-01  3.7053E-01  9.3302E-03  4.2681E-03  1.0  1.0
 3.480E-02 3.480E+00 4.580E-01  3.7645E-01  7.4797E-03  4.6256E-03  1.0  1.0
 3.540E-02 4.410E+00 5.680E-01  3.7235E-01  1.0027E-02  6.8143E-03  1.0  1.0
 3.740E-02 5.320E+00 6.450E-01  3.8857E-01  2.6798E-02  9.0613E-03  1.0  1.0
 4.970E-02 2.540E+00 2.370E-01  3.3814E-01  8.6676E-03  4.7821E-03  1.0  1.0
 4.940E-02 3.490E+00 3.270E-01  3.7558E-01  6.9460E-03  4.2668E-03  1.0  1.0
 4.950E-02 4.470E+00 4.160E-01  3.6312E-01  7.2012E-03  4.2418E-03  1.0  1.0
 5.040E-02 5.430E+00 4.930E-01  3.6298E-01  9.6991E-03  4.8986E-03  1.0  1.0
 5.240E-02 6.610E+00 5.760E-01  3.9655E-01  1.5722E-02  6.3084E-03  1.0  1.0
 7.070E-02 2.560E+00 1.680E-01  3.4202E-01  1.2878E-02  6.0896E-03  1.0  1.0
 7.020E-02 3.500E+00 2.290E-01  3.5720E-01  8.8702E-03  5.0829E-03  1.0  1.0
 6.980E-02 4.480E+00 2.950E-01  3.6373E-01  8.8473E-03  4.2745E-03  1.0  1.0
 7.000E-02 5.470E+00 3.570E-01  3.8315E-01  1.0503E-02  3.9633E-03  1.0  1.0
 7.000E-02 6.860E+00 4.480E-01  3.8409E-01  1.2796E-02  4.6264E-03  1.0  1.0
 7.180E-02 8.620E+00 5.440E-01  4.4415E-01  3.0032E-02  6.6305E-03  1.0  1.0
 9.150E-02 2.610E+00 1.320E-01  3.9445E-01  2.0182E-02  8.8921E-03  1.0  1.0
 9.090E-02 3.500E+00 1.770E-01  3.4243E-01  1.0882E-02  5.7904E-03  1.0  1.0
 9.060E-02 4.470E+00 2.260E-01  3.6347E-01  1.0770E-02  5.0856E-03  1.0  1.0
 9.040E-02 5.480E+00 2.780E-01  3.7900E-01  1.1946E-02  4.6790E-03  1.0  1.0
 9.040E-02 6.810E+00 3.430E-01  3.7864E-01  1.1119E-02  4.2689E-03  1.0  1.0
 9.050E-02 8.770E+00 4.400E-01  4.1042E-01  2.1814E-02  5.3301E-03  1.0  1.0
 1.126E-01 2.620E+00 1.090E-01  3.1732E-01  1.9595E-02  8.1978E-03  1.0  1.0
 1.120E-01 3.480E+00 1.430E-01  3.7192E-01  1.6492E-02  7.7962E-03  1.0  1.0
 1.111E-01 4.480E+00 1.850E-01  3.6508E-01  1.3189E-02  5.8949E-03  1.0  1.0
 1.109E-01 5.490E+00 2.270E-01  3.7130E-01  1.3382E-02  4.9933E-03  1.0  1.0
 1.109E-01 6.830E+00 2.810E-01  3.6381E-01  1.1675E-02  4.4903E-03  1.0  1.0
 1.106E-01 8.870E+00 3.650E-01  4.1287E-01  2.0818E-02  5.2791E-03  1.0  1.0
 1.112E-01 1.076E+01 4.370E-01  3.4413E-01  3.5486E-02  4.9701E-03  1.0  1.0
 1.435E-01 3.480E+00 1.130E-01  3.6050E-01  1.3381E-02  8.7878E-03  1.0  1.0
 1.421E-01 4.490E+00 1.470E-01  3.3569E-01  1.0178E-02  6.1869E-03  1.0  1.0
 1.411E-01 5.480E+00 1.790E-01  3.2486E-01  1.0071E-02  5.0853E-03  1.0  1.0
 1.413E-01 6.870E+00 2.240E-01  3.4446E-01  8.6639E-03  4.6805E-03  1.0  1.0
 1.407E-01 8.900E+00 2.910E-01  3.6580E-01  1.4604E-02  4.9674E-03  1.0  1.0
 1.423E-01 1.101E+01 3.520E-01  3.8894E-01  2.1305E-02  5.6484E-03  1.0  1.0
 1.821E-01 3.620E+00 9.200E-02  3.1134E-01  1.7985E-02  9.0925E-03  1.0  1.0
 1.866E-01 4.500E+00 1.130E-01  3.3993E-01  1.2586E-02  7.5918E-03  1.0  1.0
 1.845E-01 5.490E+00 1.370E-01  3.1933E-01  1.1882E-02  5.9912E-03  1.0  1.0
 1.837E-01 6.870E+00 1.720E-01  3.4538E-01  1.0079E-02  5.2890E-03  1.0  1.0
 1.813E-01 8.940E+00 2.270E-01  3.3499E-01  1.5847E-02  4.6844E-03  1.0  1.0
 1.816E-01 1.115E+01 2.800E-01  3.6746E-01  1.9508E-02  5.3745E-03  1.0  1.0
 2.292E-01 4.560E+00 9.300E-02  3.1099E-01  1.4890E-02  7.1951E-03  1.0  1.0
 2.312E-01 5.470E+00 1.100E-01  3.1014E-01  1.2589E-02  6.0948E-03  1.0  1.0
 2.311E-01 6.920E+00 1.390E-01  3.1841E-01  9.8879E-03  5.0938E-03  1.0  1.0
 2.276E-01 8.840E+00 1.780E-01  3.0766E-01  1.2877E-02  4.5919E-03  1.0  1.0
 2.276E-01 1.124E+01 2.260E-01  3.6545E-01  1.8352E-02  5.3861E-03  1.0  1.0
 2.801E-01 5.540E+00 9.300E-02  2.9583E-01  1.6091E-02  5.3969E-03  1.0  1.0
 2.853E-01 6.930E+00 1.130E-01  2.8640E-01  1.0592E-02  4.8965E-03  1.0  1.0
 2.808E-01 8.860E+00 1.460E-01  2.9429E-01  1.3985E-02  4.5952E-03  1.0  1.0
 2.790E-01 1.127E+01 1.860E-01  2.8097E-01  1.6375E-02  4.5930E-03  1.0  1.0
 2.792E-01 1.419E+01 2.310E-01  2.9646E-01  2.9436E-02  5.0889E-03  1.0  1.0
 3.411E-01 7.080E+00 9.700E-02  2.6737E-01  1.0395E-02  6.2970E-03  1.0  1.0
 3.527E-01 8.860E+00 1.170E-01  2.5304E-01  1.0393E-02  5.5965E-03  1.0  1.0
 3.528E-01 1.133E+01 1.490E-01  2.3380E-01  1.1690E-02  4.7959E-03  1.0  1.0
 3.521E-01 1.432E+01 1.860E-01  2.6278E-01  1.9676E-02  5.2936E-03  1.0  1.0
 4.334E-01 9.020E+00 9.700E-02  1.6094E-01  1.0296E-02  1.2795E-02  1.0  1.0
 4.626E-01 1.136E+01 1.150E-01  1.6912E-01  9.4957E-03  9.8955E-03  1.0  1.0
 4.722E-01 1.439E+01 1.410E-01  1.5340E-01  1.1493E-02  6.2960E-03  1.0  1.0
 3.500E-03 8.300E-01 6.540E-01  2.5044E-01  9.2722E-03  1.2478E-02  1.0  1.0
 5.100E-03 1.180E+00 6.310E-01  2.6563E-01  7.4590E-03  1.1934E-02  1.0  1.0
 7.500E-03 1.320E+00 4.860E-01  3.0093E-01  7.9092E-03  1.1721E-02  1.0  1.0
 8.100E-03 1.720E+00 5.770E-01  3.2658E-01  7.8951E-03  1.1982E-02  1.0  1.0
 1.220E-02 1.760E+00 3.950E-01  3.3672E-01  9.2855E-03  1.1534E-02  1.0  1.0
 1.240E-02 2.450E+00 5.380E-01  3.6077E-01  7.0514E-03  1.0958E-02  1.0  1.0
 1.380E-02 3.250E+00 6.400E-01  3.4202E-01  1.6990E-02  8.6340E-03  1.0  1.0
 1.740E-02 1.770E+00 2.770E-01  3.1405E-01  1.3292E-02  1.0614E-02  1.0  1.0
 1.740E-02 2.480E+00 3.880E-01  3.6107E-01  8.8426E-03  1.0808E-02  1.0  1.0
 1.690E-02 3.620E+00 5.850E-01  3.6829E-01  1.2775E-02  8.2945E-03  1.0  1.0
 1.850E-02 4.340E+00 6.380E-01  3.8417E-01  1.5363E-02  1.0556E-02  1.0  1.0
 2.440E-02 1.790E+00 2.030E-01  3.0551E-01  1.8159E-02  1.0576E-02  1.0  1.0
 2.460E-02 2.500E+00 2.790E-01  3.4779E-01  8.0627E-03  1.0054E-02  1.0  1.0
 2.480E-02 3.450E+00 3.800E-01  3.8118E-01  9.5096E-03  1.0203E-02  1.0  1.0
 2.400E-02 4.540E+00 5.200E-01  3.8678E-01  1.1076E-02  8.2336E-03  1.0  1.0
 2.520E-02 5.450E+00 5.900E-01  3.8508E-01  1.0997E-02  9.7316E-03  1.0  1.0
 2.770E-02 6.510E+00 6.360E-01  4.0426E-01  1.5389E-02  1.1420E-02  1.0  1.0
 3.470E-02 2.530E+00 1.990E-01  3.4739E-01  1.2770E-02  1.0276E-02  1.0  1.0
 3.490E-02 3.460E+00 2.710E-01  3.6857E-01  1.1446E-02  9.4556E-03  1.0  1.0
 3.500E-02 4.430E+00 3.430E-01  3.9352E-01  1.5574E-02  9.6222E-03  1.0  1.0
 3.460E-02 5.500E+00 4.340E-01  3.8309E-01  1.3312E-02  6.8039E-03  1.0  1.0
 3.470E-02 6.960E+00 5.470E-01  4.1422E-01  9.9530E-03  8.6845E-03  1.0  1.0
 3.680E-02 8.650E+00 6.350E-01  3.7791E-01  1.5541E-02  9.6529E-03  1.0  1.0
 4.840E-02 3.520E+00 1.990E-01  3.2896E-01  1.1471E-02  8.5782E-03  1.0  1.0
 4.930E-02 4.460E+00 2.480E-01  3.7484E-01  1.2150E-02  8.5644E-03  1.0  1.0
 4.900E-02 5.470E+00 3.060E-01  3.9656E-01  1.3013E-02  7.0530E-03  1.0  1.0
 4.890E-02 6.990E+00 3.930E-01  3.8054E-01  8.7945E-03  5.7313E-03  1.0  1.0
 4.940E-02 8.960E+00 4.980E-01  3.8571E-01  9.2046E-03  6.6587E-03  1.0  1.0
 5.160E-02 1.112E+01 5.860E-01  4.1504E-01  1.1437E-02  9.1112E-03  1.0  1.0
 6.950E-02 4.500E+00 1.770E-01  3.4076E-01  1.8365E-02  8.0847E-03  1.0  1.0
 6.900E-02 5.480E+00 2.160E-01  3.6333E-01  1.9144E-02  7.7771E-03  1.0  1.0
 6.980E-02 6.940E+00 2.710E-01  4.1058E-01  1.3434E-02  6.4682E-03  1.0  1.0
 6.950E-02 8.990E+00 3.530E-01  3.9067E-01  1.1893E-02  5.3517E-03  1.0  1.0
 6.960E-02 1.139E+01 4.450E-01  4.1797E-01  1.1028E-02  6.7939E-03  1.0  1.0
 7.070E-02 1.446E+01 5.530E-01  3.8185E-01  1.3735E-02  7.9877E-03  1.0  1.0
 8.930E-02 5.500E+00 1.680E-01  3.5838E-01  2.8259E-02  8.6873E-03  1.0  1.0
 8.970E-02 6.960E+00 2.110E-01  4.0382E-01  1.6859E-02  8.1801E-03  1.0  1.0
 8.990E-02 8.960E+00 2.710E-01  3.5988E-01  1.3842E-02  7.6677E-03  1.0  1.0
 8.990E-02 1.145E+01 3.460E-01  3.7760E-01  1.2011E-02  6.0551E-03  1.0  1.0
 9.010E-02 1.466E+01 4.410E-01  4.1355E-01  1.3818E-02  7.6986E-03  1.0  1.0
 9.070E-02 1.902E+01 5.660E-01  3.7648E-01  2.3627E-02  9.0800E-03  1.0  1.0
 1.102E-01 6.970E+00 1.730E-01  3.4764E-01  1.8087E-02  7.0948E-03  1.0  1.0
 1.101E-01 8.990E+00 2.220E-01  3.5175E-01  1.6079E-02  7.1908E-03  1.0  1.0
 1.103E-01 1.145E+01 2.820E-01  3.7228E-01  1.3670E-02  6.1864E-03  1.0  1.0
 1.100E-01 1.476E+01 3.640E-01  3.7194E-01  1.3547E-02  6.7734E-03  1.0  1.0
 1.102E-01 1.938E+01 4.760E-01  4.5335E-01  2.4618E-02  9.7281E-03  1.0  1.0
 1.395E-01 7.150E+00 1.410E-01  3.4968E-01  1.9471E-02  7.7885E-03  1.0  1.0
 1.402E-01 9.010E+00 1.760E-01  3.8957E-01  1.7762E-02  7.4840E-03  1.0  1.0
 1.398E-01 1.143E+01 2.230E-01  3.7012E-01  1.1463E-02  6.7783E-03  1.0  1.0
 1.398E-01 1.483E+01 2.890E-01  3.5189E-01  1.0347E-02  6.7651E-03  1.0  1.0
 1.400E-01 1.932E+01 3.740E-01  3.5859E-01  1.2693E-02  7.6359E-03  1.0  1.0
 1.418E-01 2.537E+01 4.830E-01  3.7421E-01  2.7420E-02  9.4688E-03  1.0  1.0
 1.789E-01 7.380E+00 1.140E-01  2.9136E-01  2.4280E-02  6.6944E-03  1.0  1.0
 1.803E-01 8.970E+00 1.360E-01  3.5001E-01  2.0178E-02  7.2920E-03  1.0  1.0
 1.818E-01 1.144E+01 1.720E-01  3.4316E-01  1.3279E-02  6.5897E-03  1.0  1.0
 1.804E-01 1.486E+01 2.240E-01  3.4962E-01  1.2269E-02  6.9824E-03  1.0  1.0
 1.804E-01 1.942E+01 2.920E-01  3.5379E-01  1.3048E-02  7.5698E-03  1.0  1.0
 1.805E-01 2.590E+01 3.880E-01  3.7241E-01  2.3536E-02  9.0372E-03  1.0  1.0
 2.226E-01 9.150E+00 1.130E-01  3.2609E-01  2.3285E-02  6.6956E-03  1.0  1.0
 2.264E-01 1.147E+01 1.390E-01  3.3580E-01  1.4087E-02  6.6939E-03  1.0  1.0
 2.263E-01 1.490E+01 1.800E-01  3.0788E-01  1.1384E-02  6.0917E-03  1.0  1.0
 2.254E-01 1.953E+01 2.360E-01  3.1991E-01  1.1874E-02  6.6856E-03  1.0  1.0
 2.258E-01 2.632E+01 3.160E-01  3.2970E-01  1.9529E-02  7.5724E-03  1.0  1.0
 2.776E-01 1.162E+01 1.150E-01  2.7285E-01  1.5292E-02  5.1972E-03  1.0  1.0
 2.755E-01 1.482E+01 1.470E-01  2.8827E-01  1.3290E-02  5.5956E-03  1.0  1.0
 2.760E-01 1.959E+01 1.930E-01  2.8006E-01  1.2185E-02  5.6931E-03  1.0  1.0
 2.764E-01 2.649E+01 2.600E-01  2.6995E-01  1.8362E-02  5.8879E-03  1.0  1.0
 2.763E-01 3.392E+01 3.300E-01  3.3255E-01  3.7582E-02  7.8752E-03  1.0  1.0
 3.421E-01 1.502E+01 1.210E-01  2.1510E-01  9.0958E-03  4.4979E-03  1.0  1.0
 3.467E-01 1.965E+01 1.550E-01  2.2125E-01  8.5941E-03  4.5968E-03  1.0  1.0
 3.473E-01 2.620E+01 2.050E-01  2.0678E-01  1.1188E-02  4.5951E-03  1.0  1.0
 3.494E-01 3.449E+01 2.670E-01  2.4060E-01  2.0566E-02  6.1897E-03  1.0  1.0
 4.554E-01 2.005E+01 1.210E-01  1.4614E-01  7.1972E-03  6.0977E-03  1.0  1.0
 4.745E-01 2.622E+01 1.520E-01  1.2674E-01  7.4963E-03  4.5977E-03  1.0  1.0
 4.769E-01 3.480E+01 2.000E-01  1.0762E-01  1.0292E-02  4.1967E-03  1.0  1.0
 3.700E-03 1.270E+00 6.690E-01  2.9114E-01  5.9276E-03  1.4089E-02  1.0  1.0
 5.000E-03 1.710E+00 6.720E-01  3.0923E-01  5.9170E-03  1.2606E-02  1.0  1.0
 5.600E-03 2.150E+00 7.380E-01  3.2746E-01  1.2411E-02  1.2082E-02  1.0  1.0
 7.300E-03 1.810E+00 4.870E-01  3.3191E-01  8.6692E-03  1.2099E-02  1.0  1.0
 7.900E-03 2.440E+00 6.060E-01  3.5405E-01  4.5993E-03  1.2694E-02  1.0  1.0
 9.000E-03 3.370E+00 7.330E-01  3.5930E-01  6.9885E-03  1.2230E-02  1.0  1.0
 1.210E-02 2.550E+00 4.130E-01  3.5966E-01  6.9223E-03  1.1700E-02  1.0  1.0
 1.230E-02 3.470E+00 5.520E-01  3.8110E-01  5.8894E-03  1.1684E-02  1.0  1.0
 1.250E-02 4.450E+00 6.950E-01  3.7916E-01  5.7503E-03  1.2961E-02  1.0  1.0
 1.390E-02 5.380E+00 7.540E-01  3.9960E-01  1.0015E-02  1.5559E-02  1.0  1.0
 1.730E-02 2.590E+00 2.940E-01  3.4905E-01  1.0800E-02  1.1196E-02  1.0  1.0
 1.730E-02 3.490E+00 3.930E-01  3.7354E-01  7.7575E-03  1.0900E-02  1.0  1.0
 1.740E-02 4.460E+00 5.010E-01  3.9927E-01  8.2274E-03  1.1615E-02  1.0  1.0
 1.680E-02 5.600E+00 6.580E-01  3.9794E-01  9.8500E-03  1.3040E-02  1.0  1.0
 1.800E-02 6.730E+00 7.270E-01  3.9070E-01  6.6346E-03  1.3822E-02  1.0  1.0
 2.450E-02 3.490E+00 2.800E-01  3.6987E-01  8.3609E-03  1.0949E-02  1.0  1.0
 2.450E-02 4.480E+00 3.590E-01  3.8778E-01  7.5374E-03  1.0413E-02  1.0  1.0
 2.460E-02 5.470E+00 4.350E-01  4.0539E-01  8.0940E-03  1.0759E-02  1.0  1.0
 2.360E-02 7.220E+00 6.050E-01  4.0899E-01  6.6060E-03  1.0783E-02  1.0  1.0
 2.530E-02 8.880E+00 6.840E-01  4.2709E-01  6.1548E-03  1.3079E-02  1.0  1.0
 2.790E-02 1.079E+01 7.450E-01  4.4916E-01  1.1150E-02  1.6011E-02  1.0  1.0
 3.470E-02 4.480E+00 2.530E-01  4.1224E-01  1.0856E-02  1.0956E-02  1.0  1.0
 3.480E-02 5.490E+00 3.080E-01  3.9441E-01  1.0136E-02  9.9374E-03  1.0  1.0
 3.480E-02 6.860E+00 3.830E-01  3.9853E-01  9.0057E-03  9.5995E-03  1.0  1.0
 3.450E-02 9.030E+00 5.120E-01  4.1339E-01  7.7370E-03  9.2060E-03  1.0  1.0
 3.480E-02 1.144E+01 6.410E-01  4.2496E-01  6.0763E-03  1.1863E-02  1.0  1.0
 3.690E-02 1.410E+01 7.350E-01  4.3413E-01  1.0364E-02  1.4927E-02  1.0  1.0
 4.690E-02 5.530E+00 2.320E-01  3.8582E-01  1.0961E-02  9.8647E-03  1.0  1.0
 4.930E-02 6.930E+00 2.760E-01  3.9194E-01  7.1623E-03  9.3508E-03  1.0  1.0
 4.900E-02 8.990E+00 3.610E-01  3.9691E-01  7.5262E-03  7.7243E-03  1.0  1.0
 4.870E-02 1.157E+01 4.690E-01  4.1804E-01  5.8920E-03  7.9542E-03  1.0  1.0
 4.940E-02 1.487E+01 5.890E-01  4.1828E-01  5.1353E-03  1.0271E-02  1.0  1.0
 5.290E-02 1.890E+01 6.900E-01  4.3591E-01  7.7313E-03  1.3840E-02  1.0  1.0
 6.630E-02 7.320E+00 2.170E-01  3.7419E-01  1.3659E-02  9.0731E-03  1.0  1.0
 6.990E-02 8.930E+00 2.490E-01  3.8842E-01  1.0956E-02  8.8641E-03  1.0  1.0
 6.960E-02 1.147E+01 3.230E-01  4.0563E-01  8.4383E-03  6.9492E-03  1.0  1.0
 6.940E-02 1.501E+01 4.240E-01  4.0783E-01  6.5095E-03  6.9040E-03  1.0  1.0
 6.990E-02 1.965E+01 5.470E-01  4.1613E-01  5.9461E-03  9.5528E-03  1.0  1.0
 7.160E-02 2.556E+01 6.890E-01  4.5374E-01  1.3289E-02  1.4723E-02  1.0  1.0
 8.630E-02 9.350E+00 2.130E-01  3.4964E-01  1.8754E-02  8.4792E-03  1.0  1.0
 8.970E-02 1.149E+01 2.500E-01  4.0737E-01  1.0264E-02  7.7726E-03  1.0  1.0
 8.970E-02 1.497E+01 3.260E-01  3.9386E-01  8.3462E-03  6.8558E-03  1.0  1.0
 8.950E-02 1.988E+01 4.330E-01  3.9700E-01  6.6166E-03  8.0979E-03  1.0  1.0
 9.030E-02 2.607E+01 5.580E-01  3.9751E-01  8.2082E-03  1.0553E-02  1.0  1.0
 1.095E-01 1.180E+01 2.120E-01  3.6598E-01  1.3185E-02  7.4914E-03  1.0  1.0
 1.097E-01 1.493E+01 2.650E-01  3.9006E-01  1.0281E-02  7.4858E-03  1.0  1.0
 1.097E-01 1.986E+01 3.530E-01  3.8180E-01  7.3730E-03  7.6719E-03  1.0  1.0
 1.100E-01 2.638E+01 4.650E-01  3.7338E-01  7.7457E-03  9.0367E-03  1.0  1.0
 1.106E-01 3.450E+01 6.010E-01  4.2606E-01  1.6782E-02  1.2932E-02  1.0  1.0
 1.391E-01 1.177E+01 1.670E-01  3.6139E-01  2.1863E-02  7.8866E-03  1.0  1.0
 1.374E-01 1.503E+01 2.150E-01  3.8239E-01  8.8764E-03  7.8791E-03  1.0  1.0
 1.389E-01 1.989E+01 2.800E-01  3.6485E-01  5.9746E-03  7.7670E-03  1.0  1.0
 1.394E-01 2.663E+01 3.730E-01  3.7182E-01  5.9555E-03  8.9332E-03  1.0  1.0
 1.401E-01 3.524E+01 4.890E-01  3.5920E-01  9.8709E-03  1.0167E-02  1.0  1.0
 1.790E-01 1.507E+01 1.650E-01  3.2899E-01  1.0687E-02  6.7915E-03  1.0  1.0
 1.796E-01 1.999E+01 2.180E-01  3.3420E-01  6.9854E-03  7.1850E-03  1.0  1.0
 1.793E-01 2.674E+01 2.910E-01  3.3801E-01  6.4772E-03  7.9719E-03  1.0  1.0
 1.800E-01 3.513E+01 3.780E-01  3.5272E-01  8.2513E-03  9.5437E-03  1.0  1.0
 1.807E-01 4.579E+01 4.880E-01  3.6715E-01  1.5446E-02  1.1288E-02  1.0  1.0
 2.245E-01 1.514E+01 1.330E-01  3.2077E-01  1.1392E-02  6.6952E-03  1.0  1.0
 2.245E-01 1.997E+01 1.750E-01  3.0386E-01  6.8923E-03  6.3929E-03  1.0  1.0
 2.244E-01 2.677E+01 2.330E-01  3.1482E-01  6.3882E-03  7.0869E-03  1.0  1.0
 2.242E-01 3.528E+01 3.060E-01  3.0289E-01  7.0787E-03  7.5772E-03  1.0  1.0
 2.250E-01 4.662E+01 4.010E-01  3.1507E-01  1.2038E-02  8.9538E-03  1.0  1.0
 2.654E-01 1.607E+01 1.190E-01  3.1524E-01  2.8786E-02  5.8971E-03  1.0  1.0
 2.744E-01 1.999E+01 1.430E-01  2.8381E-01  7.8948E-03  5.7962E-03  1.0  1.0
 2.742E-01 2.676E+01 1.910E-01  2.6413E-01  6.4933E-03  5.5942E-03  1.0  1.0
 2.749E-01 3.544E+01 2.510E-01  2.7953E-01  7.3877E-03  6.3894E-03  1.0  1.0
 2.745E-01 4.703E+01 3.330E-01  2.7611E-01  1.1268E-02  6.7807E-03  1.0  1.0
 2.772E-01 5.981E+01 4.130E-01  1.8708E-01  2.8675E-02  5.3766E-03  1.0  1.0
 3.293E-01 2.074E+01 1.240E-01  2.4639E-01  8.4962E-03  4.7979E-03  1.0  1.0
 3.447E-01 2.674E+01 1.530E-01  2.2147E-01  4.8972E-03  4.6973E-03  1.0  1.0
 3.453E-01 3.549E+01 2.010E-01  2.1851E-01  5.0956E-03  5.4952E-03  1.0  1.0
 3.461E-01 4.663E+01 2.620E-01  2.2389E-01  6.5909E-03  6.1914E-03  1.0  1.0
 3.501E-01 6.121E+01 3.370E-01  2.3348E-01  1.9257E-02  7.3835E-03  1.0  1.0
 4.331E-01 2.770E+01 1.250E-01  1.6525E-01  5.6983E-03  7.5977E-03  1.0  1.0
 4.652E-01 3.555E+01 1.500E-01  1.3465E-01  3.4986E-03  5.9976E-03  1.0  1.0
 4.701E-01 4.657E+01 1.940E-01  1.2193E-01  3.9977E-03  5.7967E-03  1.0  1.0
 4.790E-01 6.234E+01 2.540E-01  1.2259E-01  9.8909E-03  6.3941E-03  1.0  1.0
