 NMC F2 (Nucl Phys B483, 3, (1997)
 * comment
 * comment
 0.020 11 : normalization error, #_of_correlated_sys.err
 x        Q2     F2p    i  StaErr SysErT SyErrU Cor-SysD1 SysD2 ... SysD11
 0.0078   0.80 0.27200   1 0.0034 0.0080 0.0000  0.5  0.0  0.0  0.0 -0.1  0.0  0.0  0.0  2.3  1.7  0.3
 0.0092   1.09 0.29430   2 0.0082 0.0091 0.0000  0.4  0.0  0.0  0.0  0.1  0.0  0.0  0.0  2.1  2.1  0.5
 0.0120   0.90 0.27630   3 0.0064 0.0054 0.0000  0.7  0.0  0.0  0.0 -0.3  0.0  0.0  0.0  1.6  0.8  0.2
 0.0125   1.22 0.30220   4 0.0037 0.0067 0.0000  0.6  0.0  0.0  0.0 -0.1  0.0  0.0  0.0  1.6  1.4  0.3
 0.0139   1.62 0.32040   5 0.0101 0.0078 0.0000  0.4  0.0  0.0  0.0  0.0  0.0  0.0  0.0  1.5  1.8  0.5
 0.0173   1.27 0.29880   6 0.0048 0.0045 0.0000  0.7  0.0  0.0  0.0 -0.2  0.0  0.0  0.0  1.1  0.7  0.2
 0.0176   1.72 0.33160   7 0.0054 0.0059 0.0000  0.6  0.0  0.0  0.0 -0.1  0.0  0.0  0.0  1.2  1.2  0.3
 0.0185   2.16 0.33540   8 0.0118 0.0065 0.0000  0.5  0.0  0.0  0.0  0.0  0.0  0.0  0.0  1.1  1.5  0.4
 0.0246   1.28 0.30530   9 0.0056 0.0039 0.0000  1.0  0.0  0.0  0.0 -0.4  0.0  0.0  0.0  0.4  0.6  0.1
 0.0247   1.75 0.32680  10 0.0044 0.0038 0.0000  0.7  0.0  0.0  0.0 -0.2  0.0  0.0  0.0  0.7  0.6  0.2
 0.0254   2.35 0.35040  11 0.0046 0.0046 0.0000  0.6  0.0  0.0  0.0 -0.1  0.0  0.0  0.0  0.8  0.8  0.3
 0.0276   3.24 0.34150  12 0.0195 0.0070 0.0000  0.5  0.0  0.0  0.0  0.1  0.0  0.0  0.0  1.0  1.7  0.5
 0.0348   1.30 0.30820  13 0.0085 0.0045 0.0000  1.2  0.0  0.0  0.0 -0.7  0.0  0.0  0.0  0.3  0.2  0.1
 0.0348   1.76 0.33060  14 0.0059 0.0037 0.0000  1.0  0.0  0.0  0.0 -0.4  0.0  0.0  0.0  0.2  0.2  0.1
 0.0349   2.44 0.35410  15 0.0046 0.0035 0.0000  0.8  0.0  0.0  0.0 -0.2  0.0  0.0  0.0  0.4  0.4  0.2
 0.0355   3.34 0.37320  16 0.0092 0.0053 0.0000  0.6  0.0  0.0  0.0  0.0  0.0  0.0  0.0  0.6  1.1  0.3
 0.0364   4.26 0.38780  17 0.0317 0.0101 0.0000  0.5  0.0  0.0  0.0  0.1  0.0  0.0  0.0  0.8  2.4  0.4
 0.0495   1.33 0.33310  18 0.0098 0.0071 0.0000  1.6  0.0  0.0  0.0 -1.0  0.0  0.0  0.0  0.9  0.1  0.1
 0.0493   1.76 0.33140  19 0.0058 0.0051 0.0000  1.3  0.0  0.0  0.0 -0.7  0.0  0.0  0.0  0.4  0.1  0.1
 0.0494   2.48 0.34560  20 0.0040 0.0038 0.0000  1.0  0.0  0.0  0.0 -0.4  0.0  0.0  0.0  0.2  0.2  0.1
 0.0501   3.41 0.37210  21 0.0057 0.0038 0.0000  0.8  0.0  0.0  0.0 -0.2  0.0  0.0  0.0  0.2  0.6  0.2
 0.0509   4.39 0.38930  22 0.0122 0.0053 0.0000  0.6  0.0  0.0  0.0 -0.1  0.0  0.0  0.0  0.3  1.1  0.3
 0.0526   5.31 0.38950  23 0.0286 0.0072 0.0000  0.5  0.0  0.0  0.0  0.0  0.0  0.0  0.0  0.5  1.7  0.3
 0.0701   1.35 0.31560  24 0.0139 0.0089 0.0000  2.1  0.0  0.0  0.0 -1.5  0.0  0.0  0.0  1.1  0.1  0.1
 0.0699   1.77 0.34460  25 0.0084 0.0070 0.0000  1.7  0.0  0.0  0.0 -1.1  0.0  0.0  0.0  0.6  0.1  0.1
 0.0694   2.48 0.35030  26 0.0053 0.0052 0.0000  1.3  0.0  0.0  0.0 -0.7  0.0  0.0  0.0  0.3  0.1  0.1
 0.0696   3.45 0.38410  27 0.0065 0.0044 0.0000  1.0  0.0  0.0  0.0 -0.4  0.0  0.0  0.0  0.3  0.3  0.1
 0.0703   4.42 0.38320  28 0.0098 0.0042 0.0000  0.8  0.0  0.0  0.0 -0.2  0.0  0.0  0.0  0.3  0.6  0.1
 0.0703   5.38 0.37050  29 0.0174 0.0043 0.0000  0.7  0.0  0.0  0.0 -0.1  0.0  0.0  0.0  0.3  0.9  0.2
 0.0712   6.38 0.37850  30 0.0379 0.0050 0.0000  0.6  0.0  0.0  0.0  0.0  0.0  0.0  0.0  0.4  1.0  0.3
 0.0903   1.38 0.33840  31 0.0211 0.0110 0.0000  2.6  0.0  0.0  0.0 -1.9  0.0  0.0  0.0  0.8  0.0  0.1
 0.0900   1.76 0.33950  32 0.0107 0.0088 0.0000  2.1  0.0  0.0  0.0 -1.5  0.0  0.0  0.0  0.4  0.0  0.1
 0.0898   2.47 0.35990  33 0.0068 0.0066 0.0000  1.5  0.0  0.0  0.0 -0.9  0.0  0.0  0.0  0.2  0.1  0.1
 0.0898   3.46 0.36860  34 0.0072 0.0051 0.0000  1.2  0.0  0.0  0.0 -0.6  0.0  0.0  0.0  0.3  0.2  0.1
 0.0900   4.43 0.37390  35 0.0100 0.0043 0.0000  1.0  0.0  0.0  0.0 -0.4  0.0  0.0  0.0  0.4  0.3  0.1
 0.0903   5.44 0.35840  36 0.0155 0.0040 0.0000  0.8  0.0  0.0  0.0 -0.2  0.0  0.0  0.0  0.4  0.5  0.1
 0.0897   6.50 0.40200  37 0.0269 0.0047 0.0000  0.7  0.0  0.0  0.0 -0.1  0.0  0.0  0.0  0.5  0.7  0.2
 0.1091   1.78 0.34530  38 0.0133 0.0105 0.0000  2.4  0.0  0.0  0.0 -1.8  0.0  0.0  0.0  0.6  0.0  0.1
 0.1097   2.49 0.36150  39 0.0082 0.0079 0.0000  1.8  0.0  0.0  0.0 -1.2  0.0  0.0  0.0  0.2  0.0  0.1
 0.1099   3.48 0.36740  40 0.0083 0.0058 0.0000  1.4  0.0  0.0  0.0 -0.8  0.0  0.0  0.0  0.3  0.1  0.1
 0.1100   4.45 0.36760  41 0.0104 0.0049 0.0000  1.1  0.0  0.0  0.0 -0.5  0.0  0.0  0.0  0.4  0.2  0.1
 0.1105   5.44 0.35750  42 0.0148 0.0039 0.0000  1.0  0.0  0.0  0.0 -0.4  0.0  0.0  0.0  0.4  0.2  0.1
 0.1096   6.60 0.37400  43 0.0217 0.0042 0.0000  0.8  0.0  0.0  0.0 -0.2  0.0  0.0  0.0  0.6  0.3  0.1
 0.1284   1.86 0.36730  44 0.0219 0.0137 0.0000  2.9  0.0  0.0  0.0 -2.2  0.0  0.0  0.0  1.1  0.0  0.1
 0.1385   2.49 0.36310  45 0.0071 0.0101 0.0000  2.2  0.0  0.0  0.0 -1.5  0.0  0.0  0.0  0.7  0.0  0.1
 0.1398   3.48 0.37050  46 0.0071 0.0068 0.0000  1.6  0.0  0.0  0.0 -1.0  0.0  0.0  0.0  0.3  0.1  0.1
 0.1396   4.45 0.36530  47 0.0083 0.0054 0.0000  1.3  0.0  0.0  0.0 -0.7  0.0  0.0  0.0  0.2  0.1  0.1
 0.1399   5.46 0.36010  48 0.0115 0.0048 0.0000  1.1  0.0  0.0  0.0 -0.5  0.0  0.0  0.0  0.3  0.1  0.1
 0.1409   6.69 0.37680  49 0.0144 0.0044 0.0000  1.0  0.0  0.0  0.0 -0.3  0.0  0.0  0.0  0.5  0.2  0.1
 0.1741   2.67 0.36300  50 0.0109 0.0114 0.0000  2.4  0.0  0.0  0.0 -1.7  0.0  0.0  0.0  1.2  0.0  0.1
 0.1807   3.47 0.33860  51 0.0081 0.0079 0.0000  1.9  0.0  0.0  0.0 -1.2  0.0  0.0  0.0  0.7  0.0  0.1
 0.1802   4.46 0.37270  52 0.0102 0.0066 0.0000  1.5  0.0  0.0  0.0 -0.9  0.0  0.0  0.0  0.3  0.0  0.1
 0.1808   5.46 0.33370  53 0.0119 0.0049 0.0000  1.3  0.0  0.0  0.0 -0.6  0.0  0.0  0.0  0.1  0.1  0.1
 0.1804   6.77 0.36160  54 0.0141 0.0046 0.0000  1.1  0.0  0.0  0.0 -0.4  0.0  0.0  0.0  0.4  0.1  0.1
 0.1771   8.50 0.39210  55 0.0380 0.0050 0.0000  0.9  0.0  0.0  0.0 -0.3  0.0  0.0  0.0  0.8  0.2  0.1
 0.2051   2.90 0.33460  56 0.0316 0.0102 0.0000  2.3  0.0  0.0  0.0 -1.7  0.0  0.0  0.0  1.0  0.0  0.1
 0.2210   3.51 0.33100  57 0.0088 0.0082 0.0000  2.0  0.0  0.0  0.0 -1.3  0.0  0.0  0.0  0.7  0.0  0.1
 0.2262   4.47 0.32400  58 0.0092 0.0062 0.0000  1.6  0.0  0.0  0.0 -0.9  0.0  0.0  0.0  0.3  0.0  0.1
 0.2263   5.47 0.34980  59 0.0126 0.0055 0.0000  1.4  0.0  0.0  0.0 -0.7  0.0  0.0  0.0  0.2  0.0  0.1
 0.2280   6.81 0.32050  60 0.0125 0.0042 0.0000  1.1  0.0  0.0  0.0 -0.5  0.0  0.0  0.0  0.5  0.1  0.1
 0.2215   8.64 0.30620  61 0.0265 0.0039 0.0000  1.0  0.0  0.0  0.0 -0.3  0.0  0.0  0.0  0.8  0.1  0.1
 0.2657   3.75 0.30290  62 0.0147 0.0076 0.0000  1.7  0.0  0.0  0.0 -1.0  0.0  0.0  0.0  1.6  0.0  0.1
 0.2736   4.47 0.30450  63 0.0102 0.0060 0.0000  1.5  0.0  0.0  0.0 -0.8  0.0  0.0  0.0  1.1  0.0  0.1
 0.2758   5.44 0.30580  64 0.0128 0.0048 0.0000  1.3  0.0  0.0  0.0 -0.5  0.0  0.0  0.0  0.8  0.0  0.1
 0.2803   6.85 0.32000  65 0.0139 0.0048 0.0000  1.1  0.0  0.0  0.0 -0.3  0.0  0.0  0.0  0.9  0.0  0.1
 0.2737   8.70 0.32370  66 0.0270 0.0048 0.0000  0.9  0.0  0.0  0.0 -0.2  0.0  0.0  0.0  1.1  0.1  0.1
 0.3166   4.62 0.28840  67 0.0123 0.0134 0.0000  0.7  0.0  0.0  0.0  0.0  0.0  0.0  0.0  4.6  0.0  0.1
 0.3397   5.46 0.25840  68 0.0095 0.0094 0.0000  0.6  0.0  0.0  0.0  0.1  0.0  0.0  0.0  3.6  0.0  0.1
 0.3511   6.87 0.27590  69 0.0103 0.0065 0.0000  0.6  0.0  0.0  0.0  0.2  0.0  0.0  0.0  2.3  0.0  0.1
 0.3450   8.73 0.23980  70 0.0163 0.0052 0.0000  0.5  0.0  0.0  0.0  0.3  0.0  0.0  0.0  2.1  0.0  0.1
 0.3973   5.73 0.20860  71 0.0211 0.0243 0.0000 -2.4  0.0  0.0  0.0  3.2  0.0  0.0  0.0 11.0  0.0  0.1
 0.4425   6.97 0.20240  72 0.0094 0.0198 0.0000 -2.0  0.0  0.0  0.0  2.9  0.0  0.0  0.0  9.1  0.0  0.1
 0.4653   8.75 0.18170  73 0.0118 0.0136 0.0000 -1.7  0.0  0.0  0.0  2.7  0.0  0.0  0.0  6.8  0.0  0.1
 0.0087   1.18 0.29870  74 0.0090 0.0082 0.0000  0.0  0.5  0.0  0.0  0.0  0.0  0.0  0.0  2.1  1.6  0.6
 0.0117   1.37 0.30300  75 0.0097 0.0062 0.0000  0.0  0.7  0.0  0.0  0.0 -0.2  0.0  0.0  1.6  1.1  0.4
 0.0129   1.70 0.32000  76 0.0071 0.0066 0.0000  0.0  0.5  0.0  0.0  0.0  0.0  0.0  0.0  1.5  1.2  0.5
 0.0172   1.77 0.32740  77 0.0100 0.0052 0.0000  0.0  0.7  0.0  0.0  0.0 -0.2  0.0  0.0  1.2  0.7  0.4
 0.0178   2.34 0.35190  78 0.0072 0.0057 0.0000  0.0  0.6  0.0  0.0  0.0  0.0  0.0  0.0  1.1  1.0  0.5
 0.0241   1.82 0.32190  79 0.0122 0.0042 0.0000  0.0  0.9  0.0  0.0  0.0 -0.4  0.0  0.0  0.7  0.3  0.3
 0.0245   2.50 0.34400  80 0.0054 0.0043 0.0000  0.0  0.7  0.0  0.0  0.0 -0.2  0.0  0.0  0.8  0.5  0.4
 0.0260   3.36 0.37320  81 0.0077 0.0064 0.0000  0.0  0.6  0.0  0.0  0.0  0.0  0.0  0.0  1.0  1.2  0.5
 0.0348   2.51 0.37330  82 0.0094 0.0043 0.0000  0.0  0.9  0.0  0.0  0.0 -0.4  0.0  0.0  0.4  0.2  0.3
 0.0348   3.48 0.38250  83 0.0076 0.0047 0.0000  0.0  0.7  0.0  0.0  0.0 -0.2  0.0  0.0  0.6  0.7  0.4
 0.0354   4.41 0.38250  84 0.0103 0.0070 0.0000  0.0  0.6  0.0  0.0  0.0  0.0  0.0  0.0  0.8  1.5  0.5
 0.0374   5.32 0.40310  85 0.0278 0.0094 0.0000  0.0  0.5  0.0  0.0  0.0  0.0  0.0  0.0  1.0  2.0  0.6
 0.0497   2.54 0.33940  86 0.0087 0.0048 0.0000  0.0  1.2  0.0  0.0  0.0 -0.6  0.0  0.0  0.2  0.1  0.2
 0.0494   3.49 0.37850  87 0.0070 0.0043 0.0000  0.0  0.9  0.0  0.0  0.0 -0.4  0.0  0.0  0.2  0.3  0.3
 0.0495   4.47 0.36810  88 0.0073 0.0043 0.0000  0.0  0.8  0.0  0.0  0.0 -0.2  0.0  0.0  0.3  0.7  0.3
 0.0504   5.43 0.37050  89 0.0099 0.0050 0.0000  0.0  0.7  0.0  0.0  0.0 -0.1  0.0  0.0  0.5  1.0  0.4
 0.0524   6.61 0.40860  90 0.0162 0.0065 0.0000  0.0  0.6  0.0  0.0  0.0  0.0  0.0  0.0  0.7  1.2  0.5
 0.0707   2.56 0.34260  91 0.0129 0.0061 0.0000  0.0  1.5  0.0  0.0  0.0 -0.9  0.0  0.0  0.3  0.1  0.2
 0.0702   3.50 0.35840  92 0.0089 0.0051 0.0000  0.0  1.2  0.0  0.0  0.0 -0.6  0.0  0.0  0.3  0.2  0.2
 0.0698   4.48 0.36590  93 0.0089 0.0043 0.0000  0.0  1.0  0.0  0.0  0.0 -0.4  0.0  0.0  0.3  0.3  0.2
 0.0700   5.47 0.38670  94 0.0106 0.0040 0.0000  0.0  0.9  0.0  0.0  0.0 -0.3  0.0  0.0  0.3  0.4  0.3
 0.0700   6.86 0.39020  95 0.0130 0.0047 0.0000  0.0  0.7  0.0  0.0  0.0 -0.1  0.0  0.0  0.4  0.7  0.4
 0.0718   8.62 0.45550  96 0.0308 0.0068 0.0000  0.0  0.6  0.0  0.0  0.0  0.0  0.0  0.0  0.6  1.1  0.5
 0.0915   2.61 0.39480  97 0.0202 0.0089 0.0000  0.0  1.8  0.0  0.0  0.0 -1.2  0.0  0.0  0.2  0.0  0.2
 0.0909   3.50 0.34300  98 0.0109 0.0058 0.0000  0.0  1.4  0.0  0.0  0.0 -0.8  0.0  0.0  0.3  0.1  0.2
 0.0906   4.47 0.36450  99 0.0108 0.0051 0.0000  0.0  1.2  0.0  0.0  0.0 -0.6  0.0  0.0  0.4  0.2  0.2
 0.0904   5.48 0.38070 100 0.0120 0.0047 0.0000  0.0  1.0  0.0  0.0  0.0 -0.4  0.0  0.0  0.4  0.2  0.2
 0.0904   6.81 0.38140 101 0.0112 0.0043 0.0000  0.0  0.9  0.0  0.0  0.0 -0.3  0.0  0.0  0.5  0.4  0.3
 0.0905   8.77 0.41580 102 0.0221 0.0054 0.0000  0.0  0.7  0.0  0.0  0.0 -0.1  0.0  0.0  0.7  0.7  0.4
 0.1126   2.62 0.31740 103 0.0196 0.0082 0.0000  0.0  2.2  0.0  0.0  0.0 -1.5  0.0  0.0  0.2  0.0  0.2
 0.1120   3.48 0.37210 104 0.0165 0.0078 0.0000  0.0  1.7  0.0  0.0  0.0 -1.1  0.0  0.0  0.3  0.1  0.2
 0.1111   4.48 0.36540 105 0.0132 0.0059 0.0000  0.0  1.4  0.0  0.0  0.0 -0.8  0.0  0.0  0.4  0.1  0.2
 0.1109   5.49 0.37180 106 0.0134 0.0050 0.0000  0.0  1.2  0.0  0.0  0.0 -0.6  0.0  0.0  0.4  0.1  0.2
 0.1109   6.83 0.36460 107 0.0117 0.0045 0.0000  0.0  1.0  0.0  0.0  0.0 -0.4  0.0  0.0  0.6  0.2  0.2
 0.1106   8.87 0.41450 108 0.0209 0.0053 0.0000  0.0  0.8  0.0  0.0  0.0 -0.2  0.0  0.0  0.8  0.4  0.3
 0.1112  10.76 0.34620 109 0.0357 0.0050 0.0000  0.0  0.7  0.0  0.0  0.0 -0.1  0.0  0.0  1.1  0.6  0.4
 0.1435   3.48 0.36100 110 0.0134 0.0088 0.0000  0.0  2.0  0.0  0.0  0.0 -1.4  0.0  0.0  0.3  0.0  0.2
 0.1421   4.49 0.33640 111 0.0102 0.0062 0.0000  0.0  1.6  0.0  0.0  0.0 -1.0  0.0  0.0  0.2  0.0  0.2
 0.1411   5.48 0.32580 112 0.0101 0.0051 0.0000  0.0  1.4  0.0  0.0  0.0 -0.8  0.0  0.0  0.3  0.1  0.2
 0.1413   6.87 0.34590 113 0.0087 0.0047 0.0000  0.0  1.2  0.0  0.0  0.0 -0.5  0.0  0.0  0.5  0.1  0.2
 0.1407   8.90 0.36820 114 0.0147 0.0050 0.0000  0.0  1.0  0.0  0.0  0.0 -0.3  0.0  0.0  0.8  0.2  0.2
 0.1423  11.01 0.39250 115 0.0215 0.0057 0.0000  0.0  0.8  0.0  0.0  0.0 -0.2  0.0  0.0  1.1  0.3  0.3
 0.1821   3.62 0.31160 116 0.0180 0.0091 0.0000  0.0  2.3  0.0  0.0  0.0 -1.6  0.0  0.0  0.7  0.0  0.2
 0.1866   4.50 0.34030 117 0.0126 0.0076 0.0000  0.0  1.9  0.0  0.0  0.0 -1.2  0.0  0.0  0.3  0.0  0.2
 0.1845   5.49 0.31980 118 0.0119 0.0060 0.0000  0.0  1.6  0.0  0.0  0.0 -0.9  0.0  0.0  0.1  0.0  0.2
 0.1837   6.87 0.34610 119 0.0101 0.0053 0.0000  0.0  1.3  0.0  0.0  0.0 -0.7  0.0  0.0  0.4  0.1  0.2
 0.1813   8.94 0.33610 120 0.0159 0.0047 0.0000  0.0  1.1  0.0  0.0  0.0 -0.4  0.0  0.0  0.8  0.1  0.2
 0.1816  11.15 0.36920 121 0.0196 0.0054 0.0000  0.0  0.9  0.0  0.0  0.0 -0.3  0.0  0.0  1.1  0.2  0.2
 0.2292   4.56 0.31120 122 0.0149 0.0072 0.0000  0.0  1.9  0.0  0.0  0.0 -1.3  0.0  0.0  0.3  0.0  0.2
 0.2312   5.47 0.31040 123 0.0126 0.0061 0.0000  0.0  1.7  0.0  0.0  0.0 -1.0  0.0  0.0  0.2  0.0  0.2
 0.2311   6.92 0.31880 124 0.0099 0.0051 0.0000  0.0  1.4  0.0  0.0  0.0 -0.7  0.0  0.0  0.5  0.0  0.2
 0.2276   8.84 0.30820 125 0.0129 0.0046 0.0000  0.0  1.1  0.0  0.0  0.0 -0.5  0.0  0.0  0.8  0.1  0.2
 0.2276  11.24 0.36640 126 0.0184 0.0054 0.0000  0.0  1.0  0.0  0.0  0.0 -0.3  0.0  0.0  1.1  0.1  0.2
 0.2801   5.54 0.29600 127 0.0161 0.0054 0.0000  0.0  1.5  0.0  0.0  0.0 -0.8  0.0  0.0  0.8  0.0  0.2
 0.2853   6.93 0.28660 128 0.0106 0.0049 0.0000  0.0  1.2  0.0  0.0  0.0 -0.5  0.0  0.0  0.9  0.0  0.2
 0.2808   8.86 0.29460 129 0.0140 0.0046 0.0000  0.0  1.0  0.0  0.0  0.0 -0.3  0.0  0.0  1.1  0.0  0.2
 0.2790  11.27 0.28140 130 0.0164 0.0046 0.0000  0.0  0.9  0.0  0.0  0.0 -0.2  0.0  0.0  1.3  0.1  0.2
 0.2792  14.19 0.29710 131 0.0295 0.0051 0.0000  0.0  0.8  0.0  0.0  0.0  0.0  0.0  0.0  1.5  0.1  0.2
 0.3411   7.08 0.26750 132 0.0104 0.0063 0.0000  0.0  0.5  0.0  0.0  0.0  0.2  0.0  0.0  2.3  0.0  0.2
 0.3527   8.86 0.25320 133 0.0104 0.0056 0.0000  0.0  0.5  0.0  0.0  0.0  0.3  0.0  0.0  2.1  0.0  0.2
 0.3528  11.33 0.23400 134 0.0117 0.0048 0.0000  0.0  0.5  0.0  0.0  0.0  0.4  0.0  0.0  2.0  0.1  0.2
 0.3521  14.32 0.26310 135 0.0197 0.0053 0.0000  0.0  0.5  0.0  0.0  0.0  0.4  0.0  0.0  1.9  0.1  0.2
 0.4334   9.02 0.16100 136 0.0103 0.0128 0.0000  0.0 -2.5  0.0  0.0  0.0  3.4  0.0  0.0  6.8  0.0  0.2
 0.4626  11.36 0.16920 137 0.0095 0.0099 0.0000  0.0 -2.0  0.0  0.0  0.0  3.0  0.0  0.0  4.7  0.0  0.2
 0.4722  14.39 0.15350 138 0.0115 0.0063 0.0000  0.0 -1.5  0.0  0.0  0.0  2.6  0.0  0.0  2.7  0.0  0.2
 0.0035   0.83 0.28900 139 0.0107 0.0144 0.0000  0.0  0.0  0.6  0.0  0.0  0.0 -0.2  0.0  2.2  1.6  4.1
 0.0051   1.18 0.30270 140 0.0085 0.0136 0.0000  0.0  0.0  0.5  0.0  0.0  0.0  0.0  0.0  1.7  1.6  3.8
 0.0075   1.32 0.31580 141 0.0083 0.0123 0.0000  0.0  0.0  0.7  0.0  0.0  0.0 -0.2  0.0  1.7  0.8  3.3
 0.0081   1.72 0.35160 142 0.0085 0.0129 0.0000  0.0  0.0  0.6  0.0  0.0  0.0 -0.1  0.0  1.2  1.1  3.2
 0.0122   1.76 0.34450 143 0.0095 0.0118 0.0000  0.0  0.0  0.8  0.0  0.0  0.0 -0.3  0.0  1.5  0.5  2.9
 0.0124   2.45 0.37860 144 0.0074 0.0115 0.0000  0.0  0.0  0.6  0.0  0.0  0.0 -0.1  0.0  1.1  0.8  2.6
 0.0138   3.25 0.36840 145 0.0183 0.0093 0.0000  0.0  0.0  0.5  0.0  0.0  0.0  0.0  0.0  1.7  1.2  1.3
 0.0174   1.77 0.31660 146 0.0134 0.0107 0.0000  0.0  0.0  1.1  0.0  0.0  0.0 -0.5  0.0  1.7  0.2  2.6
 0.0174   2.48 0.36750 147 0.0090 0.0110 0.0000  0.0  0.0  0.8  0.0  0.0  0.0 -0.3  0.0  1.2  0.3  2.6
 0.0169   3.62 0.38630 148 0.0134 0.0087 0.0000  0.0  0.0  0.6  0.0  0.0  0.0 -0.1  0.0  1.5  1.2  1.1
 0.0185   4.34 0.40760 149 0.0163 0.0112 0.0000  0.0  0.0  0.5  0.0  0.0  0.0  0.0  0.0  1.6  1.7  1.3
 0.0244   1.79 0.30620 150 0.0182 0.0106 0.0000  0.0  0.0  1.4  0.0  0.0  0.0 -0.8  0.0  1.9  0.1  2.4
 0.0246   2.50 0.34940 151 0.0081 0.0101 0.0000  0.0  0.0  1.1  0.0  0.0  0.0 -0.5  0.0  1.3  0.2  2.3
 0.0248   3.45 0.38480 152 0.0096 0.0103 0.0000  0.0  0.0  0.8  0.0  0.0  0.0 -0.3  0.0  0.9  0.4  2.3
 0.0240   4.54 0.39460 153 0.0113 0.0084 0.0000  0.0  0.0  0.7  0.0  0.0  0.0 -0.1  0.0  1.3  1.2  1.0
 0.0252   5.45 0.39570 154 0.0113 0.0100 0.0000  0.0  0.0  0.6  0.0  0.0  0.0  0.0  0.0  1.5  1.6  1.1
 0.0277   6.51 0.41770 155 0.0159 0.0118 0.0000  0.0  0.0  0.5  0.0  0.0  0.0  0.0  0.0  1.7  1.7  1.3
 0.0347   2.53 0.34820 156 0.0128 0.0103 0.0000  0.0  0.0  1.4  0.0  0.0  0.0 -0.8  0.0  1.3  0.1  2.1
 0.0349   3.46 0.37030 157 0.0115 0.0095 0.0000  0.0  0.0  1.1  0.0  0.0  0.0 -0.5  0.0  0.9  0.2  2.1
 0.0350   4.43 0.39670 158 0.0157 0.0097 0.0000  0.0  0.0  0.9  0.0  0.0  0.0 -0.3  0.0  0.8  0.4  2.1
 0.0346   5.50 0.38850 159 0.0135 0.0069 0.0000  0.0  0.0  0.7  0.0  0.0  0.0 -0.2  0.0  0.9  0.8  1.0
 0.0347   6.96 0.42450 160 0.0102 0.0089 0.0000  0.0  0.0  0.6  0.0  0.0  0.0 -0.1  0.0  1.2  1.1  1.1
 0.0368   8.65 0.39150 161 0.0161 0.0100 0.0000  0.0  0.0  0.5  0.0  0.0  0.0  0.0  0.0  1.5  1.6  1.3
 0.0484   3.52 0.32980 162 0.0115 0.0086 0.0000  0.0  0.0  1.4  0.0  0.0  0.0 -0.8  0.0  1.0  0.1  1.8
 0.0493   4.46 0.37640 163 0.0122 0.0086 0.0000  0.0  0.0  1.1  0.0  0.0  0.0 -0.6  0.0  0.6  0.2  1.8
 0.0490   5.47 0.39920 164 0.0131 0.0071 0.0000  0.0  0.0  1.0  0.0  0.0  0.0 -0.4  0.0  0.4  0.3  1.3
 0.0489   6.99 0.38510 165 0.0089 0.0058 0.0000  0.0  0.0  0.8  0.0  0.0  0.0 -0.2  0.0  0.7  0.5  0.9
 0.0494   8.96 0.39390 166 0.0094 0.0068 0.0000  0.0  0.0  0.7  0.0  0.0  0.0 -0.1  0.0  0.9  0.9  1.0
 0.0516  11.12 0.42820 167 0.0118 0.0094 0.0000  0.0  0.0  0.6  0.0  0.0  0.0  0.0  0.0  1.2  1.3  1.2
 0.0695   4.50 0.34140 168 0.0184 0.0081 0.0000  0.0  0.0  1.5  0.0  0.0  0.0 -0.8  0.0  0.6  0.1  1.6
 0.0690   5.48 0.36440 169 0.0192 0.0078 0.0000  0.0  0.0  1.2  0.0  0.0  0.0 -0.6  0.0  0.2  0.1  1.6
 0.0698   6.94 0.41260 170 0.0135 0.0065 0.0000  0.0  0.0  1.0  0.0  0.0  0.0 -0.4  0.0  0.3  0.2  1.0
 0.0695   8.99 0.39420 171 0.0120 0.0054 0.0000  0.0  0.0  0.9  0.0  0.0  0.0 -0.3  0.0  0.6  0.4  0.8
 0.0696  11.39 0.42450 172 0.0112 0.0069 0.0000  0.0  0.0  0.7  0.0  0.0  0.0 -0.1  0.0  0.8  0.7  0.9
 0.0707  14.46 0.39200 173 0.0141 0.0082 0.0000  0.0  0.0  0.6  0.0  0.0  0.0  0.0  0.0  1.1  1.3  1.1
 0.0893   5.50 0.35890 174 0.0283 0.0087 0.0000  0.0  0.0  1.5  0.0  0.0  0.0 -0.9  0.0  0.4  0.1  1.7
 0.0897   6.96 0.40480 175 0.0169 0.0082 0.0000  0.0  0.0  1.2  0.0  0.0  0.0 -0.6  0.0  0.9  0.1  1.0
 0.0899   8.96 0.36140 176 0.0139 0.0077 0.0000  0.0  0.0  1.0  0.0  0.0  0.0 -0.4  0.0  1.3  0.2  0.9
 0.0899  11.45 0.38040 177 0.0121 0.0061 0.0000  0.0  0.0  0.9  0.0  0.0  0.0 -0.2  0.0  1.0  0.4  0.8
 0.0901  14.66 0.41900 178 0.0140 0.0078 0.0000  0.0  0.0  0.7  0.0  0.0  0.0 -0.1  0.0  1.2  0.7  0.9
 0.0907  19.02 0.38560 179 0.0242 0.0093 0.0000  0.0  0.0  0.6  0.0  0.0  0.0  0.0  0.0  1.5  1.4  1.1
 0.1102   6.97 0.34790 180 0.0181 0.0071 0.0000  0.0  0.0  1.4  0.0  0.0  0.0 -0.8  0.0  0.5  0.1  1.0
 0.1101   8.99 0.35220 181 0.0161 0.0072 0.0000  0.0  0.0  1.2  0.0  0.0  0.0 -0.5  0.0  1.2  0.1  0.8
 0.1103  11.45 0.37310 182 0.0137 0.0062 0.0000  0.0  0.0  1.0  0.0  0.0  0.0 -0.4  0.0  1.1  0.2  0.8
 0.1100  14.76 0.37340 183 0.0136 0.0068 0.0000  0.0  0.0  0.8  0.0  0.0  0.0 -0.2  0.0  1.3  0.4  0.8
 0.1102  19.38 0.45670 184 0.0248 0.0098 0.0000  0.0  0.0  0.7  0.0  0.0  0.0 -0.1  0.0  1.7  0.7  1.0
 0.1395   7.15 0.35020 185 0.0195 0.0078 0.0000  0.0  0.0  1.6  0.0  0.0  0.0 -1.0  0.0  0.6  0.0  0.8
 0.1402   9.01 0.39040 186 0.0178 0.0075 0.0000  0.0  0.0  1.4  0.0  0.0  0.0 -0.7  0.0  0.8  0.1  0.7
 0.1398  11.43 0.37130 187 0.0115 0.0068 0.0000  0.0  0.0  1.1  0.0  0.0  0.0 -0.5  0.0  1.1  0.1  0.7
 0.1398  14.83 0.35370 188 0.0104 0.0068 0.0000  0.0  0.0  0.9  0.0  0.0  0.0 -0.3  0.0  1.4  0.2  0.8
 0.1400  19.32 0.36160 189 0.0128 0.0077 0.0000  0.0  0.0  0.8  0.0  0.0  0.0 -0.1  0.0  1.7  0.4  0.8
 0.1418  25.37 0.37940 190 0.0278 0.0096 0.0000  0.0  0.0  0.6  0.0  0.0  0.0  0.0  0.0  2.1  0.8  1.0
 0.1789   7.38 0.29160 191 0.0243 0.0067 0.0000  0.0  0.0  1.8  0.0  0.0  0.0 -1.2  0.0  0.4  0.0  0.7
 0.1803   8.97 0.35040 192 0.0202 0.0073 0.0000  0.0  0.0  1.6  0.0  0.0  0.0 -0.9  0.0  0.8  0.0  0.7
 0.1818  11.44 0.34370 193 0.0133 0.0066 0.0000  0.0  0.0  1.3  0.0  0.0  0.0 -0.6  0.0  1.1  0.1  0.7
 0.1804  14.86 0.35050 194 0.0123 0.0070 0.0000  0.0  0.0  1.1  0.0  0.0  0.0 -0.4  0.0  1.4  0.1  0.7
 0.1804  19.42 0.35520 195 0.0131 0.0076 0.0000  0.0  0.0  0.9  0.0  0.0  0.0 -0.2  0.0  1.8  0.2  0.8
 0.1805  25.90 0.37500 196 0.0237 0.0091 0.0000  0.0  0.0  0.7  0.0  0.0  0.0 -0.1  0.0  2.1  0.5  0.9
 0.2226   9.15 0.32630 197 0.0233 0.0067 0.0000  0.0  0.0  1.6  0.0  0.0  0.0 -0.9  0.0  0.8  0.0  0.7
 0.2264  11.47 0.33610 198 0.0141 0.0067 0.0000  0.0  0.0  1.3  0.0  0.0  0.0 -0.6  0.0  1.1  0.0  0.7
 0.2263  14.90 0.30830 199 0.0114 0.0061 0.0000  0.0  0.0  1.1  0.0  0.0  0.0 -0.4  0.0  1.4  0.1  0.7
 0.2254  19.53 0.32060 200 0.0119 0.0067 0.0000  0.0  0.0  0.9  0.0  0.0  0.0 -0.2  0.0  1.7  0.1  0.7
 0.2258  26.32 0.33090 201 0.0196 0.0076 0.0000  0.0  0.0  0.8  0.0  0.0  0.0  0.0  0.0  2.0  0.3  0.8
 0.2776  11.62 0.27300 202 0.0153 0.0052 0.0000  0.0  0.0  1.1  0.0  0.0  0.0 -0.4  0.0  1.3  0.0  0.7
 0.2755  14.82 0.28850 203 0.0133 0.0056 0.0000  0.0  0.0  1.0  0.0  0.0  0.0 -0.2  0.0  1.5  0.0  0.7
 0.2760  19.59 0.28040 204 0.0122 0.0057 0.0000  0.0  0.0  0.8  0.0  0.0  0.0 -0.1  0.0  1.7  0.1  0.7
 0.2764  26.49 0.27050 205 0.0184 0.0059 0.0000  0.0  0.0  0.7  0.0  0.0  0.0  0.1  0.0  1.9  0.2  0.8
 0.2763  33.92 0.33360 206 0.0377 0.0079 0.0000  0.0  0.0  0.6  0.0  0.0  0.0  0.1  0.0  2.1  0.4  0.8
 0.3421  15.02 0.21520 207 0.0091 0.0045 0.0000  0.0  0.0  0.3  0.0  0.0  0.0  0.4  0.0  1.9  0.0  0.7
 0.3467  19.65 0.22140 208 0.0086 0.0046 0.0000  0.0  0.0  0.4  0.0  0.0  0.0  0.5  0.0  1.8  0.1  0.7
 0.3473  26.20 0.20700 209 0.0112 0.0046 0.0000  0.0  0.0  0.4  0.0  0.0  0.0  0.5  0.0  2.0  0.1  0.7
 0.3494  34.49 0.24100 210 0.0206 0.0062 0.0000  0.0  0.0  0.4  0.0  0.0  0.0  0.5  0.0  2.3  0.2  0.8
 0.4554  20.05 0.14620 211 0.0072 0.0061 0.0000  0.0  0.0 -2.2  0.0  0.0  0.0  3.2  0.0  1.5  0.0  0.7
 0.4745  26.22 0.12680 212 0.0075 0.0046 0.0000  0.0  0.0 -1.5  0.0  0.0  0.0  2.7  0.0  1.8  0.1  0.7
 0.4769  34.80 0.10770 213 0.0103 0.0042 0.0000  0.0  0.0 -1.0  0.0  0.0  0.0  2.2  0.0  3.0  0.1  0.7
 0.0037   1.27 0.33890 214 0.0069 0.0164 0.0000  0.0  0.0  0.0  0.6  0.0  0.0  0.0 -0.1  2.5  1.7  3.7
 0.0050   1.71 0.36060 215 0.0069 0.0147 0.0000  0.0  0.0  0.0  0.5  0.0  0.0  0.0  0.0  1.6  1.5  3.4
 0.0056   2.15 0.39840 216 0.0151 0.0147 0.0000  0.0  0.0  0.0  0.4  0.0  0.0  0.0  0.1  0.9  1.6  3.2
 0.0073   1.81 0.34840 217 0.0091 0.0127 0.0000  0.0  0.0  0.0  0.7  0.0  0.0  0.0 -0.2  1.2  0.7  3.3
 0.0079   2.44 0.38490 218 0.0050 0.0138 0.0000  0.0  0.0  0.0  0.6  0.0  0.0  0.0 -0.1  1.5  1.0  3.0
 0.0090   3.37 0.41130 219 0.0080 0.0140 0.0000  0.0  0.0  0.0  0.5  0.0  0.0  0.0  0.1  1.4  1.6  2.5
 0.0121   2.55 0.36890 220 0.0071 0.0120 0.0000  0.0  0.0  0.0  0.8  0.0  0.0  0.0 -0.3  1.0  0.4  2.9
 0.0123   3.47 0.40120 221 0.0062 0.0123 0.0000  0.0  0.0  0.0  0.6  0.0  0.0  0.0 -0.1  0.7  0.9  2.8
 0.0125   4.45 0.41540 222 0.0063 0.0142 0.0000  0.0  0.0  0.0  0.5  0.0  0.0  0.0  0.0  1.5  2.1  2.1
 0.0139   5.38 0.44690 223 0.0112 0.0174 0.0000  0.0  0.0  0.0  0.4  0.0  0.0  0.0  0.1  2.2  2.5  1.9
 0.0173   2.59 0.35230 224 0.0109 0.0113 0.0000  0.0  0.0  0.0  1.0  0.0  0.0  0.0 -0.5  1.2  0.2  2.7
 0.0173   3.49 0.38040 225 0.0079 0.0111 0.0000  0.0  0.0  0.0  0.8  0.0  0.0  0.0 -0.3  0.8  0.4  2.6
 0.0174   4.46 0.41250 226 0.0085 0.0120 0.0000  0.0  0.0  0.0  0.7  0.0  0.0  0.0 -0.1  0.4  1.1  2.6
 0.0168   5.60 0.42420 227 0.0105 0.0139 0.0000  0.0  0.0  0.0  0.5  0.0  0.0  0.0  0.0  1.9  2.2  1.5
 0.0180   6.73 0.42400 228 0.0072 0.0150 0.0000  0.0  0.0  0.0  0.5  0.0  0.0  0.0  0.1  2.1  2.3  1.7
 0.0245   3.49 0.37160 229 0.0084 0.0110 0.0000  0.0  0.0  0.0  1.1  0.0  0.0  0.0 -0.5  0.9  0.2  2.5
 0.0245   4.48 0.39100 230 0.0076 0.0105 0.0000  0.0  0.0  0.0  0.9  0.0  0.0  0.0 -0.3  0.6  0.5  2.4
 0.0246   5.47 0.41070 231 0.0082 0.0109 0.0000  0.0  0.0  0.0  0.8  0.0  0.0  0.0 -0.2  0.3  0.8  2.4
 0.0236   7.22 0.42100 232 0.0068 0.0111 0.0000  0.0  0.0  0.0  0.6  0.0  0.0  0.0  0.0  1.7  1.4  1.3
 0.0253   8.88 0.44410 233 0.0064 0.0136 0.0000  0.0  0.0  0.0  0.5  0.0  0.0  0.0  0.1  2.0  1.7  1.5
 0.0279  10.79 0.47130 234 0.0117 0.0168 0.0000  0.0  0.0  0.0  0.4  0.0  0.0  0.0  0.1  2.1  2.1  1.9
 0.0347   4.48 0.41390 235 0.0109 0.0110 0.0000  0.0  0.0  0.0  1.1  0.0  0.0  0.0 -0.5  0.7  0.2  2.2
 0.0348   5.49 0.39690 236 0.0102 0.0100 0.0000  0.0  0.0  0.0  1.0  0.0  0.0  0.0 -0.4  0.5  0.3  2.2
 0.0348   6.86 0.40270 237 0.0091 0.0097 0.0000  0.0  0.0  0.0  0.8  0.0  0.0  0.0 -0.2  0.4  0.5  2.2
 0.0345   9.03 0.42210 238 0.0079 0.0094 0.0000  0.0  0.0  0.0  0.6  0.0  0.0  0.0 -0.1  1.3  0.9  1.3
 0.0348  11.44 0.44060 239 0.0063 0.0123 0.0000  0.0  0.0  0.0  0.5  0.0  0.0  0.0  0.0  1.7  1.6  1.4
 0.0369  14.10 0.45660 240 0.0109 0.0157 0.0000  0.0  0.0  0.0  0.5  0.0  0.0  0.0  0.1  2.0  2.2  1.7
 0.0469   5.53 0.38720 241 0.0110 0.0099 0.0000  0.0  0.0  0.0  1.2  0.0  0.0  0.0 -0.6  0.5  0.2  2.1
 0.0493   6.93 0.39400 242 0.0072 0.0094 0.0000  0.0  0.0  0.0  1.0  0.0  0.0  0.0 -0.4  0.4  0.2  2.0
 0.0490   8.99 0.40080 243 0.0076 0.0078 0.0000  0.0  0.0  0.0  0.9  0.0  0.0  0.0 -0.3  0.6  0.4  1.5
 0.0487  11.57 0.42570 244 0.0060 0.0081 0.0000  0.0  0.0  0.0  0.7  0.0  0.0  0.0 -0.1  1.2  0.8  1.0
 0.0494  14.87 0.43170 245 0.0053 0.0106 0.0000  0.0  0.0  0.0  0.6  0.0  0.0  0.0  0.0  1.4  1.4  1.3
 0.0529  18.90 0.45670 246 0.0081 0.0145 0.0000  0.0  0.0  0.0  0.5  0.0  0.0  0.0  0.1  1.7  2.1  1.6
 0.0663   7.32 0.37530 247 0.0137 0.0091 0.0000  0.0  0.0  0.0  1.3  0.0  0.0  0.0 -0.6  0.4  0.1  1.9
 0.0699   8.93 0.39000 248 0.0110 0.0089 0.0000  0.0  0.0  0.0  1.1  0.0  0.0  0.0 -0.5  0.5  0.2  1.9
 0.0696  11.47 0.40860 249 0.0085 0.0070 0.0000  0.0  0.0  0.0  0.9  0.0  0.0  0.0 -0.3  0.7  0.4  1.1
 0.0694  15.01 0.41350 250 0.0066 0.0070 0.0000  0.0  0.0  0.0  0.7  0.0  0.0  0.0 -0.1  1.1  0.7  0.9
 0.0699  19.65 0.42690 251 0.0061 0.0098 0.0000  0.0  0.0  0.0  0.6  0.0  0.0  0.0  0.0  1.4  1.3  1.2
 0.0716  25.56 0.47460 252 0.0139 0.0154 0.0000  0.0  0.0  0.0  0.5  0.0  0.0  0.0  0.1  1.7  2.2  1.5
 0.0863   9.35 0.35050 253 0.0188 0.0085 0.0000  0.0  0.0  0.0  1.2  0.0  0.0  0.0 -0.6  0.7  0.1  1.9
 0.0897  11.49 0.40880 254 0.0103 0.0078 0.0000  0.0  0.0  0.0  1.1  0.0  0.0  0.0 -0.4  0.9  0.2  1.2
 0.0897  14.97 0.39640 255 0.0084 0.0069 0.0000  0.0  0.0  0.0  0.9  0.0  0.0  0.0 -0.3  1.2  0.4  0.7
 0.0895  19.88 0.40200 256 0.0067 0.0082 0.0000  0.0  0.0  0.0  0.7  0.0  0.0  0.0 -0.1  1.5  0.7  0.9
 0.0903  26.07 0.40680 257 0.0084 0.0108 0.0000  0.0  0.0  0.0  0.6  0.0  0.0  0.0  0.0  1.9  1.4  1.2
 0.1095  11.80 0.36640 258 0.0132 0.0075 0.0000  0.0  0.0  0.0  1.2  0.0  0.0  0.0 -0.6  1.1  0.1  1.0
 0.1097  14.93 0.39080 259 0.0103 0.0075 0.0000  0.0  0.0  0.0  1.0  0.0  0.0  0.0 -0.4  1.3  0.2  0.8
 0.1097  19.86 0.38320 260 0.0074 0.0077 0.0000  0.0  0.0  0.0  0.8  0.0  0.0  0.0 -0.2  1.7  0.4  0.7
 0.1100  26.38 0.37600 261 0.0078 0.0091 0.0000  0.0  0.0  0.0  0.7  0.0  0.0  0.0 -0.1  2.0  0.7  1.0
 0.1106  34.50 0.43160 262 0.0170 0.0131 0.0000  0.0  0.0  0.0  0.6  0.0  0.0  0.0  0.1  2.3  1.4  1.3
 0.1391  11.77 0.36200 263 0.0219 0.0079 0.0000  0.0  0.0  0.0  1.4  0.0  0.0  0.0 -0.8  1.1  0.1  1.1
 0.1374  15.03 0.38340 264 0.0089 0.0079 0.0000  0.0  0.0  0.0  1.2  0.0  0.0  0.0 -0.5  1.4  0.1  0.7
 0.1389  19.89 0.36640 265 0.0060 0.0078 0.0000  0.0  0.0  0.0  0.9  0.0  0.0  0.0 -0.3  1.7  0.2  0.6
 0.1394  26.63 0.37460 266 0.0060 0.0090 0.0000  0.0  0.0  0.0  0.8  0.0  0.0  0.0 -0.1  2.1  0.4  0.8
 0.1401  35.24 0.36390 267 0.0100 0.0103 0.0000  0.0  0.0  0.0  0.6  0.0  0.0  0.0  0.0  2.4  0.9  1.0
 0.1790  15.07 0.32940 268 0.0107 0.0068 0.0000  0.0  0.0  0.0  1.3  0.0  0.0  0.0 -0.6  1.4  0.1  0.5
 0.1796  19.99 0.33490 269 0.0070 0.0072 0.0000  0.0  0.0  0.0  1.1  0.0  0.0  0.0 -0.4  1.8  0.1  0.5
 0.1793  26.74 0.33920 270 0.0065 0.0080 0.0000  0.0  0.0  0.0  0.9  0.0  0.0  0.0 -0.2  2.1  0.2  0.6
 0.1800  35.13 0.35480 271 0.0083 0.0096 0.0000  0.0  0.0  0.0  0.7  0.0  0.0  0.0 -0.1  2.4  0.5  0.8
 0.1807  45.79 0.37080 272 0.0156 0.0114 0.0000  0.0  0.0  0.0  0.6  0.0  0.0  0.0  0.1  2.7  0.9  1.0
 0.2245  15.14 0.32100 273 0.0114 0.0067 0.0000  0.0  0.0  0.0  1.3  0.0  0.0  0.0 -0.6  1.4  0.0  0.5
 0.2245  19.97 0.30420 274 0.0069 0.0064 0.0000  0.0  0.0  0.0  1.1  0.0  0.0  0.0 -0.4  1.7  0.1  0.5
 0.2244  26.77 0.31540 275 0.0064 0.0071 0.0000  0.0  0.0  0.0  0.9  0.0  0.0  0.0 -0.2  2.0  0.2  0.5
 0.2242  35.28 0.30380 276 0.0071 0.0076 0.0000  0.0  0.0  0.0  0.8  0.0  0.0  0.0  0.0  2.3  0.3  0.6
 0.2250  46.62 0.31670 277 0.0121 0.0090 0.0000  0.0  0.0  0.0  0.7  0.0  0.0  0.0  0.1  2.5  0.6  0.8
 0.2654  16.07 0.31540 278 0.0288 0.0059 0.0000  0.0  0.0  0.0  1.1  0.0  0.0  0.0 -0.3  1.5  0.0  0.1
 0.2744  19.99 0.28400 279 0.0079 0.0058 0.0000  0.0  0.0  0.0  0.9  0.0  0.0  0.0 -0.2  1.7  0.1  0.5
 0.2742  26.76 0.26440 280 0.0065 0.0056 0.0000  0.0  0.0  0.0  0.8  0.0  0.0  0.0  0.0  1.9  0.1  0.5
 0.2749  35.44 0.28000 281 0.0074 0.0064 0.0000  0.0  0.0  0.0  0.7  0.0  0.0  0.0  0.1  2.1  0.2  0.5
 0.2745  47.03 0.27690 282 0.0113 0.0068 0.0000  0.0  0.0  0.0  0.6  0.0  0.0  0.0  0.2  2.3  0.4  0.6
 0.2772  59.81 0.18790 283 0.0288 0.0054 0.0000  0.0  0.0  0.0  0.6  0.0  0.0  0.0  0.2  2.4  0.7  1.3
 0.3293  20.74 0.24650 284 0.0085 0.0048 0.0000  0.0  0.0  0.0  0.3  0.0  0.0  0.0  0.5  1.8  0.0  0.4
 0.3447  26.74 0.22160 285 0.0049 0.0047 0.0000  0.0  0.0  0.0  0.3  0.0  0.0  0.0  0.5  2.0  0.1  0.5
 0.3453  35.49 0.21870 286 0.0051 0.0055 0.0000  0.0  0.0  0.0  0.3  0.0  0.0  0.0  0.5  2.3  0.1  0.5
 0.3461  46.63 0.22420 287 0.0066 0.0062 0.0000  0.0  0.0  0.0  0.4  0.0  0.0  0.0  0.5  2.6  0.2  0.5
 0.3501  61.21 0.23400 288 0.0193 0.0074 0.0000  0.0  0.0  0.0  0.4  0.0  0.0  0.0  0.5  2.8  0.4  1.2
 0.4331  27.70 0.16530 289 0.0057 0.0076 0.0000  0.0  0.0  0.0 -2.4  0.0  0.0  0.0  3.5  1.8  0.0  0.5
 0.4652  35.55 0.13470 290 0.0035 0.0060 0.0000  0.0  0.0  0.0 -1.7  0.0  0.0  0.0  2.9  3.0  0.1  0.5
 0.4701  46.57 0.12200 291 0.0040 0.0058 0.0000  0.0  0.0  0.0 -1.2  0.0  0.0  0.0  2.4  3.9  0.1  0.4
 0.4790  62.34 0.12270 292 0.0099 0.0064 0.0000  0.0  0.0  0.0 -0.7  0.0  0.0  0.0  1.9  4.6  0.3  1.1
