 NMC F2d/F2p (Nucl Phys B487, 3, (1997)
 * comment
 * comment
 0.02 5 : normalization error, #_of_correlated_sys.err
 x       Q2   ratio   i  StaErr SysErT SyErrU Cor-SysD1 SysD2 ... SysD5
 0.0015  0.16 0.9815   1 0.0203 0.0109 0.0000  0.1  0.0  1.1  0.0  0.0
 0.0015  0.25 1.0030   2 0.0212 0.0134 0.0000  0.1  0.0  1.3  0.1  0.1
 0.0015  0.35 0.9675   3 0.0205 0.0112 0.0000  0.2  0.0  1.1  0.0  0.0
 0.0015  0.45 1.0330   4 0.0258 0.0195 0.0000  0.1  0.0  1.9  0.0  0.0
 0.0015  0.60 0.9912   5 0.0176 0.0121 0.0000  0.1  0.0  1.2  0.0  0.0
 0.0030  0.17 1.0080   6 0.0277 0.0070 0.0000  0.1  0.0  0.7  0.1  0.1
 0.0030  0.25 0.9824   7 0.0171 0.0047 0.0000  0.1  0.0  0.5  0.0  0.0
 0.0030  0.35 0.9825   8 0.0137 0.0113 0.0000  0.2  0.0  1.1  0.0  0.0
 0.0030  0.45 0.9736   9 0.0129 0.0099 0.0000  0.2  0.0  1.0  0.0  0.0
 0.0030  0.63 0.9704  10 0.0118 0.0057 0.0000  0.2  0.0  0.6  0.0  0.0
 0.0030  0.88 0.9921  11 0.0108 0.0073 0.0000  0.1  0.0  0.7  0.0  0.0
 0.0030  1.12 0.9959  12 0.0116 0.0078 0.0000  0.1  0.0  0.8  0.0  0.0
 0.0050  0.16 1.0050  13 0.0615 0.0030 0.0000  0.2  0.0  0.2  0.0  0.0
 0.0050  0.25 1.0000  14 0.0250 0.0037 0.0000  0.1  0.0  0.3 -0.1 -0.1
 0.0050  0.35 1.0140  15 0.0208 0.0043 0.0000  0.2  0.0  0.4 -0.1 -0.1
 0.0050  0.45 0.9945  16 0.0172 0.0046 0.0000  0.2  0.0  0.4  0.0  0.0
 0.0050  0.61 0.9795  17 0.0092 0.0094 0.0000  0.2  0.0  0.9  0.0  0.0
 0.0050  0.88 0.9966  18 0.0157 0.0032 0.0000  0.2  0.0  0.2  0.0  0.0
 0.0050  1.13 0.9893  19 0.0137 0.0033 0.0000  0.2  0.0  0.3  0.0  0.0
 0.0050  1.38 0.9959  20 0.0128 0.0032 0.0000  0.1  0.0  0.3  0.0  0.0
 0.0050  1.71 0.9842  21 0.0098 0.0048 0.0000  0.1  0.0  0.5  0.0  0.0
 0.0080  0.16 0.9817  22 0.0547 0.0041 0.0000  0.2 -0.3  0.2  0.0  0.0
 0.0080  0.25 1.0110  23 0.0250 0.0030 0.0000  0.1  0.0  0.2  0.1  0.1
 0.0080  0.35 0.9993  24 0.0213 0.0028 0.0000  0.2  0.0  0.2  0.0  0.0
 0.0080  0.45 1.0200  25 0.0180 0.0035 0.0000  0.2  0.0  0.3 -0.1 -0.1
 0.0080  0.64 0.9618  26 0.0091 0.0036 0.0000  0.2  0.0  0.3  0.0  0.0
 0.0080  0.86 0.9775  27 0.0083 0.0051 0.0000  0.2  0.0  0.5  0.0  0.0
 0.0080  1.12 0.9642  28 0.0088 0.0054 0.0000  0.2  0.0  0.5  0.0  0.0
 0.0080  1.37 0.9714  29 0.0100 0.0045 0.0000  0.2  0.0  0.4  0.0  0.0
 0.0080  1.75 0.9891  30 0.0083 0.0020 0.0000  0.1  0.0  0.2  0.0  0.0
 0.0080  2.24 0.9750  31 0.0086 0.0023 0.0000  0.1  0.0  0.2  0.0  0.0
 0.0080  2.73 0.9837  32 0.0097 0.0042 0.0000  0.2  0.0  0.4  0.0  0.0
 0.0080  3.46 0.9924  33 0.0122 0.0084 0.0000  0.3  0.0  0.8  0.0  0.0
 0.0125  0.16 0.9683  34 0.0543 0.0065 0.0000  0.2 -0.6  0.2  0.0  0.0
 0.0125  0.26 1.0080  35 0.0320 0.0034 0.0000  0.2 -0.2  0.2  0.0  0.0
 0.0125  0.35 0.9530  36 0.0233 0.0026 0.0000  0.2 -0.1  0.2  0.0  0.0
 0.0125  0.45 0.9690  37 0.0205 0.0022 0.0000  0.2  0.0  0.2  0.0  0.0
 0.0125  0.62 0.9872  38 0.0127 0.0023 0.0000  0.2  0.1  0.1  0.0  0.0
 0.0125  0.88 0.9680  39 0.0108 0.0025 0.0000  0.2  0.0  0.1  0.0  0.0
 0.0125  1.12 0.9624  40 0.0092 0.0035 0.0000  0.2  0.0  0.3  0.0  0.0
 0.0125  1.37 0.9797  41 0.0098 0.0035 0.0000  0.2  0.0  0.3  0.0  0.0
 0.0125  1.74 0.9747  42 0.0072 0.0030 0.0000  0.2  0.0  0.2  0.0  0.0
 0.0125  2.23 0.9738  43 0.0085 0.0041 0.0000  0.2  0.0  0.4  0.0  0.0
 0.0125  2.74 0.9813  44 0.0103 0.0016 0.0000  0.1  0.0  0.1  0.0  0.0
 0.0125  3.46 0.9844  45 0.0087 0.0022 0.0000  0.1  0.0  0.2  0.0  0.0
 0.0125  4.47 0.9734  46 0.0095 0.0043 0.0000  0.2  0.0  0.4  0.0  0.0
 0.0125  5.41 0.9821  47 0.0134 0.0058 0.0000  0.1  0.0  0.6  0.0  0.0
 0.0175  0.25 0.9573  48 0.0402 0.0064 0.0000  0.2 -0.6  0.2  0.0  0.0
 0.0175  0.35 0.9747  49 0.0301 0.0033 0.0000  0.2 -0.2  0.2  0.0  0.0
 0.0175  0.45 1.0070  50 0.0268 0.0028 0.0000  0.2 -0.1  0.2 -0.1 -0.1
 0.0175  0.62 0.9939  51 0.0161 0.0025 0.0000  0.2  0.1  0.1  0.0  0.0
 0.0175  0.88 0.9645  52 0.0155 0.0021 0.0000  0.2  0.0  0.1  0.0  0.0
 0.0175  1.12 0.9685  53 0.0129 0.0026 0.0000  0.2  0.0  0.1  0.0  0.0
 0.0175  1.37 0.9834  54 0.0119 0.0026 0.0000  0.2  0.0  0.1  0.0  0.0
 0.0175  1.75 0.9925  55 0.0084 0.0025 0.0000  0.2  0.0  0.2  0.0  0.0
 0.0175  2.24 0.9763  56 0.0087 0.0022 0.0000  0.2  0.0  0.1  0.0  0.0
 0.0175  2.73 0.9680  57 0.0098 0.0020 0.0000  0.1  0.0  0.1  0.0  0.0
 0.0175  3.48 0.9761  58 0.0092 0.0018 0.0000  0.2  0.0  0.1  0.0  0.0
 0.0175  4.47 0.9716  59 0.0100 0.0028 0.0000  0.1  0.0  0.3  0.0  0.0
 0.0175  5.49 0.9817  60 0.0143 0.0027 0.0000  0.2  0.0  0.2  0.0  0.0
 0.0175  6.83 0.9942  61 0.0107 0.0040 0.0000  0.1  0.0  0.4  0.0  0.0
 0.0250  0.26 0.9493  62 0.0375 0.0063 0.0000  0.2 -0.6  0.1  0.0  0.0
 0.0250  0.35 0.9601  63 0.0287 0.0064 0.0000  0.2 -0.6  0.2  0.0  0.0
 0.0250  0.45 0.9408  64 0.0313 0.0037 0.0000  0.2 -0.3  0.2  0.0  0.0
 0.0250  0.62 0.9620  65 0.0131 0.0022 0.0000  0.2 -0.1  0.1  0.0  0.0
 0.0250  0.86 0.9585  66 0.0154 0.0020 0.0000  0.2  0.0  0.1  0.0  0.0
 0.0250  1.13 0.9631  67 0.0124 0.0023 0.0000  0.2  0.0  0.1  0.0  0.0
 0.0250  1.37 0.9849  68 0.0107 0.0027 0.0000  0.3  0.0  0.1  0.0  0.0
 0.0250  1.74 0.9802  69 0.0076 0.0023 0.0000  0.2  0.0  0.1  0.0  0.0
 0.0250  2.24 0.9677  70 0.0071 0.0020 0.0000  0.2  0.0  0.1  0.0  0.0
 0.0250  2.74 0.9581  71 0.0074 0.0018 0.0000  0.2  0.0  0.1  0.0  0.0
 0.0250  3.45 0.9790  72 0.0065 0.0023 0.0000  0.1  0.0  0.2  0.0  0.0
 0.0250  4.47 0.9764  73 0.0085 0.0017 0.0000  0.2  0.0  0.1  0.0  0.0
 0.0250  5.48 0.9592  74 0.0097 0.0017 0.0000  0.2  0.0  0.1  0.0  0.0
 0.0250  6.92 0.9893  75 0.0085 0.0032 0.0000  0.2  0.0  0.3  0.0  0.0
 0.0250  8.92 0.9738  76 0.0100 0.0043 0.0000  0.1  0.0  0.4  0.0  0.0
 0.0350  0.36 0.9557  77 0.0375 0.0064 0.0000  0.2 -0.6  0.2 -0.1  0.1
 0.0350  0.45 0.9264  78 0.0340 0.0061 0.0000  0.2 -0.6  0.1  0.0  0.0
 0.0350  0.64 0.9308  79 0.0207 0.0030 0.0000  0.2 -0.2  0.1  0.0  0.0
 0.0350  0.86 0.9618  80 0.0179 0.0023 0.0000  0.2 -0.1  0.1  0.0  0.0
 0.0350  1.13 0.9723  81 0.0183 0.0023 0.0000  0.2  0.0  0.1  0.0  0.0
 0.0350  1.38 0.9633  82 0.0138 0.0025 0.0000  0.2  0.0  0.1  0.0  0.0
 0.0350  1.74 0.9554  83 0.0089 0.0024 0.0000  0.2  0.0  0.1  0.0  0.0
 0.0350  2.24 0.9572  84 0.0087 0.0022 0.0000  0.2  0.0  0.1  0.0  0.0
 0.0350  2.74 0.9766  85 0.0090 0.0019 0.0000  0.2  0.0  0.1  0.0  0.0
 0.0350  3.46 0.9565  86 0.0069 0.0021 0.0000  0.2  0.0  0.1  0.0  0.0
 0.0350  4.45 0.9611  87 0.0088 0.0016 0.0000  0.1  0.0  0.1  0.0  0.0
 0.0350  5.47 0.9669  88 0.0111 0.0018 0.0000  0.2  0.0  0.1  0.0  0.0
 0.0350  6.92 0.9817  89 0.0101 0.0018 0.0000  0.2  0.0  0.1  0.0  0.0
 0.0350  8.96 0.9686  90 0.0115 0.0021 0.0000  0.2  0.0  0.1  0.0  0.0
 0.0350 11.45 0.9572  91 0.0107 0.0015 0.0000  0.1  0.0  0.1  0.0  0.0
 0.0350 14.36 0.9439  92 0.0144 0.0031 0.0000  0.1  0.0  0.3  0.0  0.0
 0.0500  0.46 0.9101  93 0.0412 0.0060 0.0000  0.2 -0.6  0.1 -0.1  0.1
 0.0500  0.61 0.9539  94 0.0214 0.0063 0.0000  0.2 -0.6  0.1 -0.1  0.1
 0.0500  0.88 0.9204  95 0.0213 0.0029 0.0000  0.2 -0.2  0.1  0.0  0.0
 0.0500  1.13 0.9738  96 0.0167 0.0025 0.0000  0.2 -0.1  0.1  0.0  0.0
 0.0500  1.37 0.9400  97 0.0138 0.0025 0.0000  0.2  0.0  0.1  0.0  0.0
 0.0500  1.74 0.9532  98 0.0092 0.0025 0.0000  0.3  0.0  0.1  0.0  0.0
 0.0500  2.25 0.9526  99 0.0077 0.0023 0.0000  0.2  0.0  0.1  0.0  0.0
 0.0500  2.74 0.9642 100 0.0077 0.0020 0.0000  0.2  0.0  0.1  0.0  0.0
 0.0500  3.46 0.9597 101 0.0058 0.0017 0.0000  0.2  0.0  0.1  0.0  0.0
 0.0500  4.46 0.9551 102 0.0069 0.0015 0.0000  0.1  0.0  0.1  0.0  0.0
 0.0500  5.46 0.9577 103 0.0085 0.0015 0.0000  0.1  0.0  0.1  0.0  0.0
 0.0500  6.90 0.9682 104 0.0076 0.0015 0.0000  0.1  0.0  0.1  0.0  0.0
 0.0500  8.93 0.9578 105 0.0097 0.0018 0.0000  0.2  0.0  0.1  0.0  0.0
 0.0500 11.44 0.9532 106 0.0087 0.0014 0.0000  0.1  0.0  0.0  0.0  0.0
 0.0500 14.82 0.9698 107 0.0090 0.0015 0.0000  0.1  0.0  0.1  0.0  0.0
 0.0500 19.19 0.9635 108 0.0119 0.0022 0.0000  0.1  0.0  0.2  0.0  0.0
 0.0700  0.68 0.9488 109 0.0438 0.0063 0.0000  0.2 -0.6  0.1 -0.1  0.1
 0.0700  0.86 0.9595 110 0.0344 0.0063 0.0000  0.2 -0.6  0.1 -0.1  0.1
 0.0700  1.11 1.0010 111 0.0542 0.0068 0.0000  0.2 -0.6  0.1 -0.1 -0.1
 0.0700  1.38 0.9810 112 0.0197 0.0028 0.0000  0.2 -0.1  0.1  0.0  0.1
 0.0700  1.74 0.9710 113 0.0117 0.0027 0.0000  0.3  0.0  0.1  0.0  0.0
 0.0700  2.24 0.9477 114 0.0111 0.0023 0.0000  0.2  0.0  0.1  0.0  0.0
 0.0700  2.75 0.9449 115 0.0096 0.0023 0.0000  0.2 -0.1  0.1  0.0  0.0
 0.0700  3.47 0.9486 116 0.0069 0.0019 0.0000  0.2  0.0  0.1  0.0  0.0
 0.0700  4.47 0.9370 117 0.0079 0.0016 0.0000  0.2  0.0  0.0  0.0  0.0
 0.0700  5.47 0.9450 118 0.0095 0.0014 0.0000  0.1  0.0  0.0  0.0  0.0
 0.0700  6.91 0.9367 119 0.0082 0.0015 0.0000  0.2  0.0  0.0  0.0  0.0
 0.0700  8.91 0.9394 120 0.0105 0.0015 0.0000  0.2  0.0  0.0  0.0  0.0
 0.0700 11.40 0.9328 121 0.0105 0.0018 0.0000  0.2  0.0  0.0  0.0  0.0
 0.0700 14.89 0.9432 122 0.0103 0.0014 0.0000  0.1  0.0  0.1  0.0  0.0
 0.0700 19.63 0.9371 123 0.0103 0.0013 0.0000  0.1  0.0  0.1  0.0  0.0
 0.0700 26.07 0.9592 124 0.0157 0.0018 0.0000  0.1  0.0  0.2  0.0  0.0
 0.0900  0.90 0.9678 125 0.0540 0.0065 0.0000  0.2 -0.6  0.1 -0.1  0.1
 0.0900  1.11 0.9351 126 0.0537 0.0062 0.0000  0.2 -0.6  0.1 -0.1  0.1
 0.0900  1.38 0.9385 127 0.0281 0.0032 0.0000  0.3 -0.1  0.1 -0.1  0.1
 0.0900  1.76 0.9413 128 0.0140 0.0028 0.0000  0.3  0.0  0.1 -0.1  0.1
 0.0900  2.24 0.9313 129 0.0136 0.0025 0.0000  0.2  0.0  0.1  0.0  0.1
 0.0900  2.75 0.9445 130 0.0124 0.0024 0.0000  0.2 -0.1  0.1  0.0  0.0
 0.0900  3.49 0.9360 131 0.0082 0.0021 0.0000  0.2 -0.1  0.1  0.0  0.0
 0.0900  4.47 0.9397 132 0.0089 0.0018 0.0000  0.2 -0.1  0.0  0.0  0.0
 0.0900  5.46 0.9420 133 0.0106 0.0016 0.0000  0.1 -0.1  0.0  0.0  0.0
 0.0900  6.91 0.9245 134 0.0092 0.0016 0.0000  0.2  0.0  0.0  0.0  0.0
 0.0900  8.92 0.9218 135 0.0114 0.0014 0.0000  0.1  0.0  0.0  0.0  0.0
 0.0900 11.37 0.9254 136 0.0115 0.0017 0.0000  0.2  0.0  0.0  0.0  0.0
 0.0900 14.87 0.9291 137 0.0116 0.0014 0.0000  0.1  0.0  0.0  0.0  0.0
 0.0900 19.74 0.9319 138 0.0114 0.0013 0.0000  0.1  0.0  0.1  0.0  0.0
 0.0900 26.36 0.9554 139 0.0147 0.0012 0.0000  0.1  0.0  0.1  0.0  0.0
 0.0900 34.74 0.9233 140 0.0222 0.0017 0.0000  0.1  0.0  0.2  0.0  0.0
 0.1100  1.13 0.9264 141 0.0680 0.0063 0.0000  0.2 -0.6  0.1 -0.1  0.2
 0.1100  1.38 0.9005 142 0.0306 0.0031 0.0000  0.3 -0.1  0.1 -0.1  0.1
 0.1100  1.75 0.9227 143 0.0169 0.0031 0.0000  0.3  0.0  0.1 -0.1  0.1
 0.1100  2.24 0.9150 144 0.0151 0.0026 0.0000  0.3  0.0  0.1 -0.1  0.1
 0.1100  2.74 0.9292 145 0.0153 0.0027 0.0000  0.3  0.0  0.1  0.0  0.1
 0.1100  3.49 0.9205 146 0.0097 0.0022 0.0000  0.2 -0.1  0.1  0.0  0.1
 0.1100  4.47 0.9114 147 0.0098 0.0020 0.0000  0.2 -0.1  0.0 -0.1  0.1
 0.1100  5.46 0.9409 148 0.0117 0.0018 0.0000  0.2 -0.1  0.0  0.0  0.1
 0.1100  6.90 0.9291 149 0.0102 0.0017 0.0000  0.2  0.0  0.0  0.0  0.0
 0.1100  8.92 0.9266 150 0.0127 0.0014 0.0000  0.1  0.0  0.0  0.0  0.0
 0.1100 11.37 0.9263 151 0.0126 0.0017 0.0000  0.2  0.0  0.0  0.0  0.0
 0.1100 14.85 0.9272 152 0.0130 0.0015 0.0000  0.2  0.0  0.0  0.0  0.0
 0.1100 19.74 0.9123 153 0.0124 0.0012 0.0000  0.1  0.0  0.0  0.0  0.0
 0.1100 26.52 0.9272 154 0.0147 0.0011 0.0000  0.1  0.0  0.0  0.0  0.0
 0.1100 35.32 0.9050 155 0.0209 0.0011 0.0000  0.1  0.0  0.1  0.0  0.0
 0.1100 44.94 0.9039 156 0.0345 0.0019 0.0000  0.1  0.0  0.2  0.0  0.0
 0.1400  1.40 0.9140 157 0.0310 0.0037 0.0000  0.3  0.1  0.1 -0.2  0.2
 0.1400  1.75 0.9427 158 0.0143 0.0036 0.0000  0.3  0.0  0.1 -0.2  0.2
 0.1400  2.24 0.9056 159 0.0127 0.0030 0.0000  0.3  0.0  0.1 -0.1  0.1
 0.1400  2.74 0.9223 160 0.0125 0.0028 0.0000  0.3  0.0  0.1 -0.1  0.1
 0.1400  3.47 0.8966 161 0.0090 0.0023 0.0000  0.2  0.0  0.1 -0.1  0.1
 0.1400  4.48 0.9132 162 0.0087 0.0022 0.0000  0.2 -0.1  0.0 -0.1  0.1
 0.1400  5.47 0.9242 163 0.0095 0.0020 0.0000  0.2 -0.1  0.0 -0.1  0.1
 0.1400  6.90 0.9212 164 0.0081 0.0019 0.0000  0.2 -0.1  0.0 -0.1  0.1
 0.1400  8.92 0.9147 165 0.0100 0.0016 0.0000  0.1  0.0  0.0  0.0  0.1
 0.1400 11.37 0.8981 166 0.0097 0.0016 0.0000  0.2  0.0  0.0  0.0  0.0
 0.1400 14.84 0.9068 167 0.0101 0.0017 0.0000  0.2  0.0  0.0  0.0  0.0
 0.1400 19.76 0.9018 168 0.0098 0.0013 0.0000  0.1  0.0  0.0  0.0  0.0
 0.1400 26.55 0.8924 169 0.0110 0.0011 0.0000  0.1  0.0  0.0  0.0  0.0
 0.1400 35.28 0.9050 170 0.0149 0.0011 0.0000  0.1  0.0  0.0  0.0  0.0
 0.1400 46.95 0.8453 171 0.0191 0.0010 0.0000  0.1  0.0  0.1  0.0  0.0
 0.1800  1.82 0.8859 172 0.0193 0.0047 0.0000  0.3  0.3  0.1 -0.2  0.3
 0.1800  2.24 0.8781 173 0.0146 0.0037 0.0000  0.3  0.1  0.0 -0.2  0.2
 0.1800  2.75 0.9173 174 0.0150 0.0033 0.0000  0.3  0.0  0.0 -0.2  0.2
 0.1800  3.47 0.8983 175 0.0106 0.0027 0.0000  0.2 -0.1  0.0 -0.1  0.1
 0.1800  4.47 0.8811 176 0.0117 0.0022 0.0000  0.2 -0.1  0.0 -0.1  0.1
 0.1800  5.49 0.9134 177 0.0120 0.0025 0.0000  0.2 -0.1  0.0 -0.1  0.1
 0.1800  6.92 0.8869 178 0.0093 0.0022 0.0000  0.2 -0.1  0.0 -0.1  0.1
 0.1800  8.93 0.8622 179 0.0108 0.0018 0.0000  0.2 -0.1  0.0 -0.1  0.1
 0.1800 11.37 0.8676 180 0.0109 0.0017 0.0000  0.2  0.0  0.0 -0.1  0.1
 0.1800 14.85 0.8787 181 0.0114 0.0018 0.0000  0.2  0.0  0.0 -0.1  0.1
 0.1800 19.75 0.8620 182 0.0108 0.0014 0.0000  0.1  0.0  0.0 -0.1  0.1
 0.1800 26.61 0.8684 183 0.0122 0.0013 0.0000  0.1  0.0  0.0  0.0  0.1
 0.1800 35.37 0.8641 184 0.0153 0.0011 0.0000  0.1  0.0  0.0  0.0  0.1
 0.1800 47.01 0.8715 185 0.0202 0.0010 0.0000  0.1  0.0  0.0  0.0  0.0
 0.1800 63.04 0.8970 186 0.0297 0.0011 0.0000  0.1  0.0  0.1  0.0  0.0
 0.2250  2.28 0.8552 187 0.0172 0.0055 0.0000  0.3  0.3  0.0 -0.3  0.3
 0.2250  2.74 0.8761 188 0.0161 0.0044 0.0000  0.2  0.1  0.0 -0.3  0.3
 0.2250  3.48 0.8714 189 0.0109 0.0032 0.0000  0.2  0.0  0.0 -0.2  0.2
 0.2250  4.47 0.8702 190 0.0121 0.0027 0.0000  0.2 -0.1  0.0 -0.1  0.2
 0.2250  5.47 0.8445 191 0.0137 0.0023 0.0000  0.2 -0.1  0.0 -0.1  0.1
 0.2250  6.97 0.8607 192 0.0101 0.0024 0.0000  0.2 -0.1  0.0 -0.1  0.2
 0.2250  8.93 0.8464 193 0.0112 0.0021 0.0000  0.2 -0.1  0.0 -0.1  0.1
 0.2250 11.38 0.8534 194 0.0112 0.0018 0.0000  0.2  0.0  0.0 -0.1  0.1
 0.2250 14.85 0.8549 195 0.0116 0.0019 0.0000  0.2  0.0  0.0 -0.1  0.1
 0.2250 19.74 0.8617 196 0.0112 0.0017 0.0000  0.1  0.0  0.0 -0.1  0.1
 0.2250 26.64 0.8651 197 0.0126 0.0015 0.0000  0.1  0.0  0.0 -0.1  0.1
 0.2250 35.42 0.8670 198 0.0155 0.0013 0.0000  0.1  0.0  0.0 -0.1  0.1
 0.2250 46.95 0.8343 199 0.0186 0.0011 0.0000  0.1  0.0  0.0  0.0  0.1
 0.2250 63.23 0.8218 200 0.0248 0.0010 0.0000  0.1  0.0  0.0  0.0  0.1
 0.2750  2.78 0.8219 201 0.0203 0.0068 0.0000  0.2  0.5  0.0 -0.4  0.5
 0.2750  3.46 0.8637 202 0.0155 0.0051 0.0000  0.2  0.1  0.0 -0.4  0.4
 0.2750  4.47 0.8542 203 0.0141 0.0033 0.0000  0.2  0.0  0.0 -0.2  0.2
 0.2750  5.47 0.8505 204 0.0163 0.0030 0.0000  0.2 -0.1  0.0 -0.2  0.2
 0.2750  6.89 0.8302 205 0.0142 0.0023 0.0000  0.2 -0.1  0.0 -0.1  0.2
 0.2750  8.94 0.8377 206 0.0134 0.0025 0.0000  0.2  0.0  0.0 -0.2  0.2
 0.2750 11.37 0.8202 207 0.0128 0.0020 0.0000  0.2  0.0  0.0 -0.1  0.1
 0.2750 14.87 0.8459 208 0.0135 0.0022 0.0000  0.2  0.0  0.0 -0.1  0.1
 0.2750 19.74 0.8269 209 0.0127 0.0019 0.0000  0.1  0.0  0.0 -0.1  0.1
 0.2750 26.60 0.8334 210 0.0140 0.0017 0.0000  0.1  0.0  0.0 -0.1  0.1
 0.2750 35.43 0.8320 211 0.0169 0.0014 0.0000  0.1  0.0  0.0 -0.1  0.1
 0.2750 46.98 0.8444 212 0.0214 0.0013 0.0000  0.1  0.0  0.0 -0.1  0.1
 0.2750 63.48 0.8104 213 0.0265 0.0010 0.0000  0.1  0.0  0.0  0.0  0.1
 0.2750 90.68 0.8027 214 0.0349 0.0010 0.0000  0.1  0.0  0.1  0.0  0.0
 0.3500  3.57 0.8205 215 0.0158 0.0080 0.0000  0.2  0.5  0.0 -0.6  0.6
 0.3500  4.51 0.7953 216 0.0134 0.0045 0.0000  0.2  0.2  0.0 -0.3  0.4
 0.3500  5.48 0.8332 217 0.0143 0.0041 0.0000  0.2  0.0  0.0 -0.3  0.3
 0.3500  6.90 0.7939 218 0.0120 0.0031 0.0000  0.2  0.0  0.0 -0.2  0.3
 0.3500  8.91 0.8222 219 0.0165 0.0026 0.0000  0.1  0.0  0.0 -0.2  0.2
 0.3500 11.43 0.8188 220 0.0118 0.0028 0.0000  0.2  0.0  0.0 -0.2  0.2
 0.3500 14.85 0.7828 221 0.0113 0.0025 0.0000  0.2  0.0  0.0 -0.2  0.2
 0.3500 19.74 0.7920 222 0.0109 0.0023 0.0000  0.1  0.0  0.0 -0.2  0.2
 0.3500 26.63 0.8055 223 0.0120 0.0020 0.0000  0.1  0.0  0.0 -0.1  0.2
 0.3500 35.45 0.8197 224 0.0147 0.0018 0.0000  0.1  0.0  0.0 -0.1  0.1
 0.3500 47.12 0.7620 225 0.0162 0.0013 0.0000  0.1  0.0  0.0 -0.1  0.1
 0.3500 63.52 0.7732 226 0.0213 0.0011 0.0000  0.1  0.0  0.0  0.0  0.1
 0.3500 96.35 0.7614 227 0.0253 0.0010 0.0000  0.1  0.0  0.1  0.0  0.1
 0.4500  4.54 0.7771 228 0.0242 0.0092 0.0000  0.2  0.7  0.0 -0.7  0.7
 0.4500  5.47 0.7608 229 0.0245 0.0066 0.0000  0.2  0.4  0.0 -0.5  0.6
 0.4500  6.93 0.7698 230 0.0161 0.0044 0.0000  0.2  0.2  0.0 -0.3  0.4
 0.4500  8.92 0.7793 231 0.0211 0.0035 0.0000  0.1  0.1  0.0 -0.3  0.3
 0.4500 11.34 0.7754 232 0.0227 0.0026 0.0000  0.1  0.1  0.0 -0.2  0.2
 0.4500 14.89 0.7626 233 0.0158 0.0036 0.0000  0.2  0.2  0.0 -0.3  0.3
 0.4500 19.77 0.7529 234 0.0146 0.0027 0.0000  0.1  0.1  0.0 -0.2  0.2
 0.4500 26.64 0.7705 235 0.0160 0.0025 0.0000  0.1  0.1  0.0 -0.2  0.2
 0.4500 35.50 0.7474 236 0.0187 0.0020 0.0000  0.1  0.1  0.0 -0.1  0.2
 0.4500 47.26 0.7575 237 0.0222 0.0015 0.0000  0.1  0.0  0.0 -0.1  0.1
 0.4500 63.65 0.7632 238 0.0281 0.0012 0.0000  0.1  0.0  0.0 -0.1  0.1
 0.4500 98.05 0.7254 239 0.0296 0.0010 0.0000  0.1  0.0  0.1  0.0  0.1
 0.5500  5.53 0.7209 240 0.0356 0.0072 0.0000  0.2  0.8  0.1 -0.4  0.4
 0.5500  6.88 0.7323 241 0.0296 0.0055 0.0000  0.2  0.5  0.1 -0.3  0.4
 0.5500  8.91 0.7442 242 0.0280 0.0042 0.0000  0.1  0.4  0.1 -0.2  0.3
 0.5500 11.34 0.7280 243 0.0300 0.0032 0.0000  0.1  0.3  0.1 -0.2  0.2
 0.5500 14.85 0.7345 244 0.0282 0.0037 0.0000  0.2  0.4  0.1 -0.2  0.2
 0.5500 19.74 0.7419 245 0.0205 0.0037 0.0000  0.1  0.3  0.1 -0.2  0.2
 0.5500 26.64 0.7263 246 0.0216 0.0029 0.0000  0.1  0.2  0.0 -0.2  0.2
 0.5500 35.57 0.7281 247 0.0267 0.0023 0.0000  0.1  0.1  0.0 -0.2  0.2
 0.5500 47.16 0.7641 248 0.0331 0.0021 0.0000  0.1  0.1  0.0 -0.1  0.2
 0.5500 63.56 0.6626 249 0.0345 0.0010 0.0000  0.1  0.0  0.0 -0.1  0.1
 0.5500 98.82 0.7622 250 0.0458 0.0012 0.0000  0.1  0.0  0.0 -0.1  0.1
 0.6750  7.04 0.6989 251 0.0361 0.0067 0.0000  0.1  0.7  0.2  0.4 -0.4
 0.6750  8.88 0.7365 252 0.0465 0.0053 0.0000  0.1  0.6  0.2  0.3 -0.3
 0.6750 11.36 0.7418 253 0.0353 0.0046 0.0000  0.1  0.6  0.2  0.1 -0.1
 0.6750 14.85 0.7988 254 0.0395 0.0051 0.0000  0.2  0.6  0.1  0.0 -0.1
 0.6750 19.79 0.7357 255 0.0281 0.0049 0.0000  0.2  0.6  0.1 -0.1  0.1
 0.6750 26.49 0.6717 256 0.0235 0.0034 0.0000  0.1  0.4  0.0 -0.2  0.2
 0.6750 35.40 0.7194 257 0.0330 0.0033 0.0000  0.1  0.3  0.0 -0.2  0.3
 0.6750 47.03 0.6959 258 0.0373 0.0026 0.0000  0.1  0.1  0.1 -0.2  0.3
 0.6750 63.53 0.7020 259 0.0513 0.0029 0.0000  0.1  0.0  0.1 -0.2  0.3
 0.6750 99.03 0.7724 260 0.0645 0.0034 0.0000  0.1  0.0  0.2 -0.2  0.3
