 NuTeV xF3 data (M. Tzanov)
 * comment Put in our format by Dan 9/21/2005
 * comment
 0.02 6 : norm error #_of_corr_sys_err                                                                    
 0.0150    1.26  0.17990   1.0 0.0146 0.0055 0.0000 2.17 0.33 0.15 1.78 0.11 1.14
 0.0150    2.00  0.21820   2.0 0.0157 0.0089 0.0000 3.53 0.21 0.73 0.11 1.74 0.85
 0.0150    3.16  0.26340   3.0 0.0177 0.0039 0.0000 1.12 0.17 0.60 0.56 0.30 0.36
 0.0150    5.01  0.32620   4.0 0.0212 0.0207 0.0000 2.10 0.18 0.85 3.96 4.35 0.52
 0.0150    7.94  0.30260   5.0 0.0621 0.0336 0.0000 9.53 4.20 0.02 2.17 3.21 0.00
 0.0450    1.26  0.37550   6.0 0.0346 0.0171 0.0000 0.01 0.35 1.98 1.06 2.85 2.73
 0.0450    2.00  0.40070   7.0 0.0211 0.0219 0.0000 4.17 0.54 0.55 1.95 2.85 0.02
 0.0450    3.16  0.46550   8.0 0.0176 0.0085 0.0000 0.02 0.63 0.71 0.95 0.52 1.13
 0.0450    5.01  0.48290   9.0 0.0160 0.0143 0.0000 2.27 0.35 0.19 1.70 0.68 0.29
 0.0450    7.94  0.49080  10.0 0.0185 0.0113 0.0000 1.99 0.11 0.17 0.73 0.86 0.23
 0.0450   12.59  0.54000  11.0 0.0197 0.0094 0.0000 1.40 0.21 0.69 0.62 0.43 0.07
 0.0450   19.95  0.57290  12.0 0.0429 0.0546 0.0000 6.29 4.96 3.25 3.00 1.22 2.38
 0.0800    2.00  0.53620  13.0 0.0337 0.0176 0.0000 2.15 2.07 0.19 0.33 0.65 1.11
 0.0800    3.16  0.60310  14.0 0.0229 0.0297 0.0000 1.00 1.82 1.56 0.58 4.13 0.28
 0.0800    5.01  0.65960  15.0 0.0173 0.0137 0.0000 0.88 0.20 0.49 1.30 1.26 0.08
 0.0800    7.94  0.64410  16.0 0.0142 0.0187 0.0000 1.82 0.68 0.62 1.23 1.61 0.43
 0.0800   12.59  0.66510  17.0 0.0165 0.0137 0.0000 0.89 0.89 0.04 0.45 1.38 0.76
 0.0800   19.95  0.67900  18.0 0.0164 0.0212 0.0000 1.27 0.39 0.06 1.50 2.39 0.20
 0.0800   31.62  0.75310  19.0 0.0266 0.0344 0.0000 3.12 1.87 1.14 1.57 1.97 0.13
 0.1250    3.16  0.64100  20.0 0.0321 0.0187 0.0000 0.34 0.63 2.06 1.61 0.02 1.07
 0.1250    5.01  0.69800  21.0 0.0213 0.0204 0.0000 1.48 0.34 2.31 0.22 0.66 0.65
 0.1250    7.94  0.73730  22.0 0.0145 0.0124 0.0000 0.87 0.36 0.30 1.26 0.49 0.16
 0.1250   12.59  0.76870  23.0 0.0135 0.0153 0.0000 1.77 0.21 0.23 0.43 0.69 0.27
 0.1250   19.95  0.76770  24.0 0.0148 0.0185 0.0000 1.78 0.86 0.19 0.26 1.26 0.41
 0.1250   31.62  0.76340  25.0 0.0143 0.0121 0.0000 1.22 0.31 0.73 0.56 0.28 0.13
 0.1250   50.12  0.80240  26.0 0.0256 0.0273 0.0000 1.03 2.54 1.79 0.90 0.24 0.22
 0.1750    3.16  0.61670  27.0 0.0857 0.0515 0.0000 0.35 0.11 4.36 2.42 1.86 6.43
 0.1750    5.01  0.75140  28.0 0.0314 0.0172 0.0000 0.11 0.90 2.02 0.09 0.48 0.28
 0.1750    7.94  0.77100  29.0 0.0170 0.0084 0.0000 0.70 0.56 0.12 0.25 0.06 0.56
 0.1750   12.59  0.80870  30.0 0.0156 0.0069 0.0000 0.63 0.12 0.11 0.19 0.48 0.19
 0.1750   19.95  0.79620  31.0 0.0129 0.0119 0.0000 1.00 0.43 0.04 0.32 0.88 0.43
 0.1750   31.62  0.76080  32.0 0.0145 0.0112 0.0000 1.15 0.22 0.08 0.55 0.45 0.53
 0.1750   50.12  0.78530  33.0 0.0139 0.0160 0.0000 1.89 0.51 0.21 0.30 0.34 0.20
 0.2250    5.01  0.78180  34.0 0.0467 0.0416 0.0000 1.61 0.43 3.39 0.44 3.61 0.93
 0.2250    7.94  0.76670  35.0 0.0239 0.0076 0.0000 0.41 0.38 0.61 0.16 0.50 0.14
 0.2250   12.59  0.76000  36.0 0.0156 0.0085 0.0000 0.51 0.60 0.30 0.03 0.20 0.72
 0.2250   19.95  0.78710  37.0 0.0136 0.0209 0.0000 0.05 0.43 0.38 1.53 2.08 0.21
 0.2250   31.62  0.74130  38.0 0.0137 0.0078 0.0000 0.52 0.77 0.05 0.20 0.43 0.13
 0.2250   50.12  0.71490  39.0 0.0131 0.0118 0.0000 1.19 0.10 0.18 0.96 0.55 0.13
 0.2250   79.43  0.69680  40.0 0.0178 0.0203 0.0000 1.36 1.44 1.44 1.13 1.05 0.37
 0.2750    5.01  0.68420  41.0 0.0829 0.1090 0.0000 1.81 1.90 1.55 9.9  9.9  0.13
 0.2750    7.94  0.72640  42.0 0.0261 0.0161 0.0000 0.73 0.11 0.77 1.78 0.19 0.78
 0.2750   12.59  0.70570  43.0 0.0183 0.0104 0.0000 0.72 0.94 0.04 0.82 0.14 0.28
 0.2750   19.95  0.67910  44.0 0.0151 0.0089 0.0000 1.09 0.59 0.11 0.05 0.29 0.29
 0.2750   31.62  0.68120  45.0 0.0132 0.0118 0.0000 0.32 0.52 0.52 0.58 1.42 0.09
 0.2750   50.12  0.63870  46.0 0.0141 0.0066 0.0000 0.57 0.48 0.12 0.35 0.58 0.21
 0.2750   79.43  0.64800  47.0 0.0142 0.0197 0.0000 2.48 1.01 0.56 0.52 1.20 0.12
 0.3500    7.94  0.56580  48.0 0.0294 0.0149 0.0000 2.12 0.47 0.83 0.92 0.71 0.43
 0.3500   12.59  0.57890  49.0 0.0154 0.0103 0.0000 1.39 0.20 0.08 1.04 0.29 0.13
 0.3500   19.95  0.57210  50.0 0.0112 0.0088 0.0000 0.03 0.03 0.78 0.12 1.29 0.27
 0.3500   31.62  0.53550  51.0 0.0087 0.0029 0.0000 0.22 0.41 0.05 0.13 0.22 0.07
 0.3500   50.12  0.51440  52.0 0.0100 0.0052 0.0000 0.02 0.14 0.40 0.23 0.86 0.19
 0.3500   79.43  0.50180  53.0 0.0082 0.0034 0.0000 0.06 0.05 0.47 0.29 0.18 0.34
 0.4500    7.94  0.40500  54.0 0.0446 0.0525 0.0000 4.68 3.78 4.34 8.89 5.83 0.00
 0.4500   12.59  0.38780  55.0 0.0169 0.0186 0.0000 3.67 2.72 0.23 0.36 1.37 0.21
 0.4500   19.95  0.37870  56.0 0.0113 0.0134 0.0000 3.16 0.84 0.16 1.24 0.40 0.22
 0.4500   31.62  0.34890  57.0 0.0086 0.0112 0.0000 2.52 1.13 0.32 1.03 1.09 0.47
 0.4500   50.12  0.31870  58.0 0.0086 0.0120 0.0000 3.67 0.72 0.32 0.25 0.28 0.08
 0.4500   79.43  0.29650  59.0 0.0075 0.0041 0.0000 0.66 0.88 0.26 0.52 0.54 0.29
 0.4500  125.89  0.29130  60.0 0.0093 0.0119 0.0000 3.07 2.30 0.26 1.11 0.76 0.38
 0.5500   12.59  0.24350  61.0 0.0192 0.0091 0.0000 0.51 1.87 1.93 2.22 1.19 0.21
 0.5500   19.95  0.22190  62.0 0.0105 0.0087 0.0000 3.33 0.65 0.96 1.08 1.26 0.05
 0.5500   31.62  0.20970  63.0 0.0077 0.0049 0.0000 0.14 1.03 0.43 1.38 1.48 0.45
 0.5500   50.12  0.18010  64.0 0.0068 0.0082 0.0000 4.33 0.58 0.04 0.18 0.94 0.94
 0.5500   79.43  0.16350  65.0 0.0065 0.0057 0.0000 0.61 0.92 1.56 2.28 1.77 0.09
 0.5500  125.89  0.13410  66.0 0.0085 0.0081 0.0000 4.03 0.04 1.60 2.41 3.21 1.27
 0.6500   12.59  0.12500  67.0 0.0177 0.0123 0.0000 6.32 3.72 2.98 0.27 4.40 3.84
 0.6500   19.95  0.12520  68.0 0.0091 0.0088 0.0000 5.15 3.79 0.28 2.48 0.08 1.32
 0.6500   31.62  0.11580  69.0 0.0061 0.0065 0.0000 5.05 1.12 0.36 1.12 1.55 1.04
 0.6500   50.12  0.08445  70.0 0.0055 0.0047 0.0000 4.90 0.56 0.54 0.18 1.63 1.82
 0.6500   79.43  0.07133  71.0 0.0060 0.0029 0.0000 2.23 1.42 2.13 0.59 0.81 1.88
 0.6500  125.89  0.07021  72.0 0.0063 0.0075 0.0000 8.25 1.25 2.22 5.24 2.42 2.46
 0.7500   19.95  0.05007  73.0 0.0070 0.0036 0.0000 4.87 1.16 4.59 2.12 0.34 0.75
 0.7500   31.62  0.03786  74.0 0.0040 0.0050 0.0000 9.99 5.02 1.44 2.77 1.43 1.51
 0.7500   50.12  0.03377  75.0 0.0042 0.0032 0.0000 6.53 3.60 4.76 2.79 1.15 0.74
