NuTeV F2 data (M. Tzanov)
* comment Put in our format by Dan 9/21/2005
* comment
0.02 6 : norm error #_of_corr_sys_err
0.0150    1.26  1.15832   1.0 0.0097 0.0270 0.0106 1.60 0.92 0.83 0.16 0.69 0.09
0.0150    2.00  1.32889   2.0 0.0119 0.0427 0.0138 1.89 1.27 1.97 0.35 0.17 0.11
0.0150    3.16  1.47101   3.0 0.0152 0.0608 0.0200 1.48 1.97 2.86 0.98 0.09 0.03
0.0150    5.01  1.57336   4.0 0.0220 0.0888 0.0284 2.19 3.09 3.32 1.63 0.79 0.06
0.0150    7.94  1.65945   5.0 0.0696 0.1521 0.0331 5.29 4.07 1.90 1.78 5.34 0.45
0.0450    1.26  1.09607   6.0 0.0101 0.0122 0.0031 0.94 0.08 0.42 0.17 0.06 0.27
0.0450    2.00  1.22659   7.0 0.0095 0.0213 0.0041 1.45 0.43 0.27 0.03 0.73 0.04
0.0450    3.16  1.34717   8.0 0.0099 0.0258 0.0077 1.68 0.22 0.23 0.11 0.63 0.11
0.0450    5.01  1.47013   9.0 0.0113 0.0319 0.0142 1.57 0.70 0.50 0.21 0.72 0.00
0.0450    7.94  1.51549  10.0 0.0137 0.0407 0.0172 1.87 0.82 0.29 0.56 1.16 0.07
0.0450   12.59  1.55763  11.0 0.0181 0.0542 0.0226 2.30 1.10 0.62 0.51 1.67 0.26
0.0450   19.95  1.69261  12.0 0.0445 0.0869 0.0255 3.35 3.04 1.50 0.79 0.88 0.06
0.0800    1.26  1.07432  13.0 0.0292 0.0394 0.0007 0.30 0.95 0.07 1.96 2.92 0.23
0.0800    2.00  1.21738  14.0 0.0094 0.0171 0.0019 1.18 0.01 0.06 0.13 0.70 0.16
0.0800    3.16  1.30345  15.0 0.0093 0.0172 0.0063 1.06 0.19 0.09 0.11 0.58 0.00
0.0800    5.01  1.35907  16.0 0.0090 0.0258 0.0111 1.30 0.19 0.37 0.10 1.00 0.22
0.0800    7.94  1.38011  17.0 0.0092 0.0353 0.0163 1.53 0.43 0.08 0.59 1.50 0.04
0.0800   12.59  1.43114  18.0 0.0116 0.0402 0.0183 1.82 0.53 0.57 0.63 1.37 0.21
0.0800   19.95  1.42796  19.0 0.0139 0.0480 0.0207 1.69 0.76 0.27 1.12 2.10 0.04
0.0800   31.62  1.52107  20.0 0.0259 0.0761 0.0223 3.49 2.85 1.38 0.43 0.12 0.66
0.1250    2.00  1.15058  21.0 0.0286 0.0217 0.0014 1.62 0.14 0.54 0.13 0.02 0.78
0.1250    3.16  1.23527  22.0 0.0088 0.0124 0.0043 0.59 0.02 0.22 0.20 0.66 0.12
0.1250    5.01  1.25420  23.0 0.0084 0.0188 0.0081 0.76 0.23 0.10 0.03 1.07 0.20
0.1250    7.94  1.26033  24.0 0.0076 0.0219 0.0118 0.94 0.31 0.24 0.23 1.02 0.08
0.1250   12.59  1.29018  25.0 0.0085 0.0280 0.0148 1.44 0.36 0.16 0.26 1.05 0.08
0.1250   19.95  1.27027  26.0 0.0102 0.0287 0.0156 1.53 0.77 0.26 0.35 0.67 0.08
0.1250   31.62  1.26217  27.0 0.0118 0.0348 0.0175 1.43 0.71 0.71 0.43 1.57 0.08
0.1250   50.12  1.33664  28.0 0.0241 0.0646 0.0186 3.29 2.13 2.11 0.79 1.00 0.15
0.1750    3.16  1.12468  29.0 0.0166 0.0169 0.0025 0.93 0.17 0.50 0.05 1.02 0.13
0.1750    5.01  1.11642  30.0 0.0088 0.0152 0.0041 0.85 0.25 0.44 0.25 0.82 0.09
0.1750    7.94  1.14460  31.0 0.0074 0.0100 0.0070 0.54 0.10 0.17 0.13 0.20 0.04
0.1750   12.59  1.13881  32.0 0.0080 0.0141 0.0082 0.86 0.02 0.09 0.15 0.49 0.00
0.1750   19.95  1.11412  33.0 0.0082 0.0207 0.0100 1.28 0.81 0.11 0.40 0.41 0.09
0.1750   31.62  1.09910  34.0 0.0102 0.0220 0.0103 1.17 0.94 0.36 0.39 0.72 0.27
0.1750   50.12  1.05312  35.0 0.0119 0.0302 0.0116 1.89 0.93 0.49 0.73 1.32 0.24
0.2250    5.01  1.03318  36.0 0.0104 0.0050 0.0018 0.40 0.10 0.04 0.12 0.05 0.15
0.2250    7.94  1.02271  37.0 0.0081 0.0077 0.0028 0.05 0.03 0.09 0.59 0.21 0.29
0.2250   12.59  0.99207  38.0 0.0071 0.0082 0.0036 0.20 0.31 0.12 0.21 0.58 0.13
0.2250   19.95  0.98351  39.0 0.0078 0.0093 0.0043 0.36 0.54 0.36 0.18 0.34 0.02
0.2250   31.62  0.93909  40.0 0.0086 0.0126 0.0042 0.84 0.61 0.60 0.41 0.01 0.09
0.2250   50.12  0.89982  41.0 0.0097 0.0162 0.0045 1.19 0.41 0.54 0.75 0.72 0.09
0.2250   79.43  0.88546  42.0 0.0158 0.0304 0.0049 1.60 2.16 1.46 0.88 0.93 0.68
0.2750    5.01  0.90567  43.0 0.0159 0.0159 0.0003 0.47 0.32 0.56 1.51 0.40 0.10
0.2750    7.94  0.88274  44.0 0.0078 0.0047 0.0006 0.14 0.38 0.23 0.15 0.12 0.14
0.2750   12.59  0.87311  45.0 0.0073 0.0062 0.0008 0.01 0.26 0.40 0.26 0.43 0.13
0.2750   19.95  0.83687  46.0 0.0073 0.0049 0.0009 0.18 0.33 0.30 0.18 0.08 0.23
0.2750   31.62  0.81852  47.0 0.0077 0.0066 0.0012 0.28 0.39 0.40 0.43 0.21 0.07
0.2750   50.12  0.75810  48.0 0.0094 0.0047 0.0015 0.20 0.05 0.00 0.51 0.15 0.10
0.2750   79.43  0.74133  49.0 0.0115 0.0165 0.0022 1.77 0.93 0.71 0.54 0.13 0.27
0.3500    7.94  0.69038  50.0 0.0064 0.0105 0.0018 0.97 0.84 0.28 0.03 0.69 0.14
0.3500   12.59  0.67099  51.0 0.0048 0.0086 0.0026 0.88 0.48 0.30 0.19 0.57 0.19
0.3500   19.95  0.63121  52.0 0.0046 0.0085 0.0034 0.30 0.14 0.32 0.12 1.13 0.21
0.3500   31.62  0.59200  53.0 0.0046 0.0085 0.0045 0.61 0.01 0.34 0.34 0.92 0.14
0.3500   50.12  0.56173  54.0 0.0057 0.0110 0.0049 0.60 0.39 0.13 0.59 1.44 0.31
0.3500   79.43  0.53666  55.0 0.0058 0.0100 0.0061 0.13 0.69 0.92 0.47 0.80 0.02
0.4500    7.94  0.44984  56.0 0.0085 0.0102 0.0026 1.84 0.86 0.13 0.37 0.75 0.04
0.4500   12.59  0.42541  57.0 0.0043 0.0121 0.0032 2.44 0.66 0.76 0.02 0.71 0.18
0.4500   19.95  0.39690  58.0 0.0039 0.0105 0.0042 2.16 0.41 0.06 0.27 0.98 0.25
0.4500   31.62  0.36147  59.0 0.0037 0.0106 0.0051 1.92 0.70 0.39 0.65 1.34 0.00
0.4500   50.12  0.34040  60.0 0.0043 0.0111 0.0057 1.80 0.16 0.78 0.52 1.90 0.18
0.4500   79.43  0.31299  61.0 0.0043 0.0097 0.0066 1.05 0.21 0.38 0.41 1.92 0.13
0.4500  125.89  0.30398  62.0 0.0069 0.0148 0.0081 1.74 1.38 1.23 1.77 2.62 0.31
0.5500   12.59  0.25600  63.0 0.0039 0.0088 0.0024 2.95 0.31 0.25 0.26 1.32 0.47
0.5500   19.95  0.22592  64.0 0.0029 0.0087 0.0030 3.05 0.73 0.36 0.25 1.77 0.04
0.5500   31.62  0.20605  65.0 0.0027 0.0102 0.0036 3.47 0.78 0.75 0.45 2.78 0.27
0.5500   50.12  0.17643  66.0 0.0031 0.0086 0.0044 3.45 0.02 0.16 1.14 2.08 0.37
0.5500   79.43  0.16074  67.0 0.0032 0.0071 0.0044 2.23 1.03 0.30 1.15 2.17 0.25
0.5500  125.89  0.15701  68.0 0.0055 0.0072 0.0057 0.93 1.93 0.09 1.18 0.90 0.99
0.6500   12.59  0.13608  69.0 0.0035 0.0064 0.0015 4.17 1.16 0.33 0.60 1.22 0.55
0.6500   19.95  0.11641  70.0 0.0022 0.0055 0.0016 4.11 0.22 0.61 0.18 1.78 0.13
0.6500   31.62  0.09892  71.0 0.0018 0.0050 0.0018 4.41 0.30 0.36 0.24 1.65 0.13
0.6500   50.12  0.08814  72.0 0.0021 0.0039 0.0021 3.37 0.68 0.07 0.43 0.89 0.87
0.6500   79.43  0.08015  73.0 0.0024 0.0038 0.0021 3.15 1.48 0.36 0.32 1.61 0.69
0.6500  125.89  0.07073  74.0 0.0033 0.0054 0.0026 5.19 1.86 0.82 2.11 2.60 1.73
0.7500   12.59  0.06299  75.0 0.0029 0.0033 0.0005 4.46 0.82 0.10 0.59 2.28 0.01
0.7500   19.95  0.04997  76.0 0.0014 0.0036 0.0005 7.02 1.32 0.67 0.47 0.35 0.02
0.7500   31.62  0.03872  77.0 0.0011 0.0033 0.0005 8.14 1.16 0.99 0.15 0.33 0.06
0.7500   50.12  0.03322  78.0 0.0011 0.0021 0.0005 5.62 1.56 0.24 1.69 0.73 0.06
