D. Whitlow et al
Reanalysed SLAC proton data in the BCDMS binning
PLB 282 (92) 475 and SLAC-357 (1990) PhD
0.021	: Normalization Uncertainty
	x       Q**2        F2         i    stat.      sys.      dummy      dummy
     0.07      0.590     0.2781   1.0000   0.0070    0.0042      1.000      1.000
     0.07      0.810     0.3021   2.0000   0.0060    0.0039      1.000      1.000
     0.07      0.900     0.3176   3.0000   0.0041    0.0041      1.000      1.000
     0.07      1.120     0.3277   4.0000   0.0046    0.0043      1.000      1.000
     0.07      1.270     0.3442   5.0000   0.0059    0.0055      1.000      1.000
     0.07      1.520     0.3621   6.0000   0.0094    0.0101      1.000      1.000
     0.07      1.660     0.3556   7.0000   0.0103    0.0046      1.000      1.000
     0.07      2.010     0.3822   8.0000   0.0134    0.0092      1.000      1.000
      0.1      0.580     0.2870   9.0000   0.0049    0.0049      1.000      1.000
      0.1      0.620     0.2936  10.0000   0.0053    0.0044      1.000      1.000
      0.1      0.660     0.3012  11.0000   0.0036    0.0036      1.000      1.000
      0.1      0.740     0.3083  12.0000   0.0093    0.0040      1.000      1.000
      0.1      0.870     0.3159  13.0000   0.0063    0.0041      1.000      1.000
      0.1      1.000     0.3272  14.0000   0.0033    0.0043      1.000      1.000
      0.1      1.080     0.3321  15.0000   0.0066    0.0037      1.000      1.000
      0.1      1.180     0.3324  16.0000   0.0053    0.0030      1.000      1.000
      0.1      1.300     0.3367  17.0000   0.0040    0.0037      1.000      1.000
      0.1      1.420     0.3362  18.0000   0.0071    0.0034      1.000      1.000
      0.1      1.530     0.3390  19.0000   0.0078    0.0071      1.000      1.000
      0.1      1.670     0.3496  20.0000   0.0147    0.0098      1.000      1.000
      0.1      1.810     0.3557  21.0000   0.0046    0.0043      1.000      1.000
      0.1      1.990     0.3511  22.0000   0.0046    0.0035      1.000      1.000
      0.1      2.150     0.3654  23.0000   0.0099    0.0077      1.000      1.000
      0.1      2.380     0.3596  24.0000   0.0065    0.0079      1.000      1.000
      0.1      2.930     0.3641  25.0000   0.0087    0.0102      1.000      1.000
      0.1      3.340     0.3207  26.0000   0.0192    0.0116      1.000      1.000
     0.14      0.650     0.3069  27.0000   0.0055    0.0043      1.000      1.000
     0.14      0.780     0.3176  28.0000   0.0038    0.0029      1.000      1.000
     0.14      0.930     0.3307  29.0000   0.0053    0.0036      1.000      1.000
     0.14      1.140     0.3323  30.0000   0.0060    0.0037      1.000      1.000
     0.14      1.290     0.3379  31.0000   0.0037    0.0027      1.000      1.000
     0.14      1.410     0.3450  32.0000   0.0062    0.0038      1.000      1.000
     0.14      1.600     0.3457  33.0000   0.0045    0.0024      1.000      1.000
     0.14      1.750     0.3488  34.0000   0.0038    0.0028      1.000      1.000
     0.14      2.040     0.3435  35.0000   0.0117    0.0058      1.000      1.000
     0.14      2.190     0.3492  36.0000   0.0045    0.0031      1.000      1.000
     0.14      2.370     0.3573  37.0000   0.0043    0.0039      1.000      1.000
     0.14      2.580     0.3501  38.0000   0.0063    0.0077      1.000      1.000
     0.14      2.810     0.3619  39.0000   0.0083    0.0080      1.000      1.000
     0.14      3.000     0.3594  40.0000   0.0086    0.0090      1.000      1.000
     0.14      3.310     0.3472  41.0000   0.0080    0.0066      1.000      1.000
     0.14      3.770     0.3585  42.0000   0.0090    0.0075      1.000      1.000
     0.14      4.180     0.3507  43.0000   0.0126    0.0091      1.000      1.000
     0.18      0.690     0.3126  44.0000   0.0059    0.0047      1.000      1.000
     0.18      0.820     0.3232  45.0000   0.0074    0.0036      1.000      1.000
     0.18      0.890     0.3265  46.0000   0.0042    0.0026      1.000      1.000
     0.18      1.000     0.3291  47.0000   0.0059    0.0043      1.000      1.000
     0.18      1.100     0.3506  48.0000   0.0081    0.0049      1.000      1.000
     0.18      1.250     0.3370  49.0000   0.0064    0.0040      1.000      1.000
     0.18      1.410     0.3255  50.0000   0.0036    0.0023      1.000      1.000
     0.18      1.500     0.3412  51.0000   0.0061    0.0041      1.000      1.000
     0.18      1.890     0.3432  52.0000   0.0038    0.0028      1.000      1.000
     0.18      2.150     0.3519  53.0000   0.0056    0.0046      1.000      1.000
     0.18      2.560     0.3403  54.0000   0.0037    0.0037      1.000      1.000
     0.18      2.720     0.3456  55.0000   0.0062    0.0059      1.000      1.000
     0.18      3.010     0.3677  56.0000   0.0114    0.0052      1.000      1.000
     0.18      3.250     0.3550  57.0000   0.0057    0.0071      1.000      1.000
     0.18      3.540     0.3441  58.0000   0.0052    0.0069      1.000      1.000
     0.18      4.140     0.3438  59.0000   0.0038    0.0062      1.000      1.000
     0.18      4.590     0.3210  60.0000   0.0119    0.0071      1.000      1.000
     0.18      5.100     0.3547  61.0000   0.0053    0.0071      1.000      1.000
     0.18      5.440     0.3330  62.0000   0.0063    0.0090      1.000      1.000
     0.23      0.720     0.3030  63.0000   0.0058    0.0045      1.000      1.000
     0.23      0.870     0.3204  64.0000   0.0077    0.0035      1.000      1.000
     0.23      1.010     0.3190  65.0000   0.0035    0.0022      1.000      1.000
     0.23      1.290     0.3264  66.0000   0.0046    0.0026      1.000      1.000
     0.23      1.460     0.3322  67.0000   0.0047    0.0023      1.000      1.000
     0.23      1.550     0.3255  68.0000   0.0036    0.0023      1.000      1.000
     0.23      1.730     0.3351  69.0000   0.0054    0.0037      1.000      1.000
     0.23      2.020     0.3309  70.0000   0.0043    0.0023      1.000      1.000
     0.23      2.290     0.3370  71.0000   0.0044    0.0040      1.000      1.000
     0.23      2.500     0.3403  72.0000   0.0051    0.0034      1.000      1.000
     0.23      2.920     0.3343  73.0000   0.0040    0.0037      1.000      1.000
     0.23      3.300     0.3403  74.0000   0.0065    0.0034      1.000      1.000
     0.23      3.620     0.3274  75.0000   0.0092    0.0056      1.000      1.000
     0.23      3.970     0.3314  76.0000   0.0046    0.0050      1.000      1.000
     0.23      4.480     0.3335  77.0000   0.0063    0.0040      1.000      1.000
     0.23      5.150     0.3276  78.0000   0.0075    0.0046      1.000      1.000
     0.23      5.700     0.3224  79.0000   0.0068    0.0058      1.000      1.000
     0.23      6.170     0.3188  80.0000   0.0051    0.0057      1.000      1.000
     0.23      7.310     0.2828  81.0000   0.0221    0.0068      1.000      1.000
     0.28      0.900     0.2998  82.0000   0.0072    0.0033      1.000      1.000
     0.28      1.070     0.3061  83.0000   0.0021    0.0018      1.000      1.000
     0.28      1.350     0.3143  84.0000   0.0057    0.0038      1.000      1.000
     0.28      1.460     0.3131  85.0000   0.0075    0.0031      1.000      1.000
     0.28      1.600     0.3142  86.0000   0.0044    0.0028      1.000      1.000
     0.28      1.790     0.3165  87.0000   0.0044    0.0022      1.000      1.000
     0.28      2.110     0.3163  88.0000   0.0044    0.0029      1.000      1.000
     0.28      2.340     0.3131  89.0000   0.0060    0.0028      1.000      1.000
     0.28      2.530     0.3125  90.0000   0.0063    0.0038      1.000      1.000
     0.28      2.710     0.3073  91.0000   0.0055    0.0028      1.000      1.000
     0.28      2.890     0.3135  92.0000   0.0035    0.0022      1.000      1.000
     0.28      3.090     0.3073  93.0000   0.0092    0.0028      1.000      1.000
     0.28      3.480     0.3038  94.0000   0.0033    0.0033      1.000      1.000
     0.28      3.700     0.3031  95.0000   0.0094    0.0027      1.000      1.000
     0.28      4.300     0.3012  96.0000   0.0045    0.0033      1.000      1.000
     0.28      4.770     0.2991  97.0000   0.0036    0.0039      1.000      1.000
     0.28      5.270     0.3002  98.0000   0.0027    0.0036      1.000      1.000
     0.28      6.040     0.3059  99.0000   0.0052    0.0052      1.000      1.000
     0.28      6.740     0.2955 100.0000   0.0077    0.0053      1.000      1.000
     0.28      7.730     0.2902 101.0000   0.0041    0.0064      1.000      1.000
     0.28      8.220     0.2832 102.0000   0.0156    0.0068      1.000      1.000
     0.35      1.100     0.2677 103.0000   0.0040    0.0027      1.000      1.000
     0.35      1.170     0.2700 104.0000   0.0030    0.0016      1.000      1.000
     0.35      1.390     0.2766 105.0000   0.0036    0.0030      1.000      1.000
     0.35      1.650     0.2808 106.0000   0.0020    0.0017      1.000      1.000
     0.35      1.830     0.2773 107.0000   0.0067    0.0025      1.000      1.000
     0.35      1.980     0.2693 108.0000   0.0030    0.0016      1.000      1.000
     0.35      2.180     0.2695 109.0000   0.0024    0.0014      1.000      1.000
     0.35      2.490     0.2683 110.0000   0.0072    0.0024      1.000      1.000
     0.35      2.790     0.2682 111.0000   0.0056    0.0030      1.000      1.000
     0.35      3.120     0.2655 112.0000   0.0021    0.0016      1.000      1.000
     0.35      3.360     0.2698 113.0000   0.0081    0.0024      1.000      1.000
     0.35      3.740     0.2631 114.0000   0.0029    0.0024      1.000      1.000
     0.35      4.150     0.2655 115.0000   0.0021    0.0024      1.000      1.000
     0.35      5.110     0.2583 116.0000   0.0031    0.0026      1.000      1.000
     0.35      5.660     0.2611 117.0000   0.0042    0.0034      1.000      1.000
     0.35      6.060     0.2496 118.0000   0.0020    0.0023      1.000      1.000
     0.35      6.580     0.2548 119.0000   0.0038    0.0036      1.000      1.000
     0.35      7.370     0.2481 120.0000   0.0022    0.0037      1.000      1.000
     0.35      8.150     0.2406 121.0000   0.0031    0.0036      1.000      1.000
     0.35      9.340     0.2351 122.0000   0.0045    0.0045      1.000      1.000
     0.35      9.990     0.2374 123.0000   0.0040    0.0050      1.000      1.000
     0.35     10.950     0.2474 124.0000   0.0097    0.0059      1.000      1.000
     0.45      1.700     0.2227 125.0000   0.0022    0.0016      1.000      1.000
     0.45      1.870     0.2226 126.0000   0.0071    0.0025      1.000      1.000
     0.45      2.010     0.2091 127.0000   0.0050    0.0019      1.000      1.000
     0.45      2.290     0.2120 128.0000   0.0019    0.0013      1.000      1.000
     0.45      2.440     0.2062 129.0000   0.0025    0.0014      1.000      1.000
     0.45      2.650     0.2052 130.0000   0.0031    0.0019      1.000      1.000
     0.45      3.390     0.2016 131.0000   0.0016    0.0012      1.000      1.000
     0.45      3.750     0.1987 132.0000   0.0026    0.0016      1.000      1.000
     0.45      4.720     0.1936 133.0000   0.0014    0.0017      1.000      1.000
     0.45      5.280     0.1881 134.0000   0.0023    0.0021      1.000      1.000
     0.45      5.680     0.1867 135.0000   0.0022    0.0017      1.000      1.000
     0.45      6.070     0.1830 136.0000   0.0053    0.0024      1.000      1.000
     0.45      6.550     0.1801 137.0000   0.0016    0.0016      1.000      1.000
     0.45      7.090     0.1783 138.0000   0.0014    0.0020      1.000      1.000
     0.45      7.840     0.1804 139.0000   0.0051    0.0029      1.000      1.000
     0.45      8.440     0.1717 140.0000   0.0021    0.0024      1.000      1.000
     0.45      9.440     0.1711 141.0000   0.0014    0.0024      1.000      1.000
     0.45     10.800     0.1679 142.0000   0.0015    0.0030      1.000      1.000
     0.45     11.600     0.1660 143.0000   0.0027    0.0035      1.000      1.000
     0.45     12.580     0.1634 144.0000   0.0021    0.0036      1.000      1.000
     0.45     15.010     0.1568 145.0000   0.0105    0.0105      1.000      1.000
     0.45     16.360     0.1638 146.0000   0.0070    0.0098      1.000      1.000
     0.55      2.470     0.1525 147.0000   0.0012    0.0011      1.000      1.000
     0.55      2.770     0.1477 148.0000   0.0025    0.0012      1.000      1.000
     0.55      3.470     0.1389 149.0000   0.0015    0.0017      1.000      1.000
     0.55      3.740     0.1396 150.0000   0.0042    0.0013      1.000      1.000
     0.55      4.040     0.1321 151.0000   0.0011    0.0011      1.000      1.000
     0.55      4.800     0.1287 152.0000   0.0035    0.0013      1.000      1.000
     0.55      5.320     0.1245 153.0000   0.0022    0.0014      1.000      1.000
     0.55      5.730     0.1217 154.0000   0.0016    0.0013      1.000      1.000
     0.55      6.240     0.1196 155.0000   0.0013    0.0012      1.000      1.000
     0.55      7.450     0.1139 156.0000   0.0008    0.0010      1.000      1.000
     0.55      8.370     0.1120 157.0000   0.0013    0.0015      1.000      1.000
     0.55      9.390     0.1084 158.0000   0.0011    0.0016      1.000      1.000
     0.55     10.600     0.1042 159.0000   0.0009    0.0015      1.000      1.000
     0.55     11.870     0.1022 160.0000   0.0009    0.0017      1.000      1.000
     0.55     12.840     0.1007 161.0000   0.0011    0.0019      1.000      1.000
     0.55     13.690     0.0978 162.0000   0.0012    0.0021      1.000      1.000
     0.55     14.650     0.0973 163.0000   0.0012    0.0020      1.000      1.000
     0.55     15.570     0.0978 164.0000   0.0032    0.0030      1.000      1.000
     0.55     16.710     0.1109 165.0000   0.0169    0.0082      1.000      1.000
     0.55     17.890     0.0856 166.0000   0.0033    0.0047      1.000      1.000
     0.55     19.470     0.0889 167.0000   0.0028    0.0045      1.000      1.000
     0.65      4.290     0.0828 168.0000   0.0008    0.0008      1.000      1.000
     0.65      5.050     0.0806 169.0000   0.0023    0.0011      1.000      1.000
     0.65      5.710     0.0710 170.0000   0.0013    0.0008      1.000      1.000
     0.65      6.290     0.0695 171.0000   0.0007    0.0008      1.000      1.000
     0.65      6.810     0.0673 172.0000   0.0007    0.0008      1.000      1.000
     0.65      7.240     0.0589 173.0000   0.0045    0.0020      1.000      1.000
     0.65      7.890     0.0635 174.0000   0.0005    0.0006      1.000      1.000
     0.65      8.630     0.0613 175.0000   0.0006    0.0006      1.000      1.000
     0.65      9.520     0.0577 176.0000   0.0008    0.0008      1.000      1.000
     0.65     10.600     0.0566 177.0000   0.0005    0.0008      1.000      1.000
     0.65     11.490     0.0541 178.0000   0.0007    0.0010      1.000      1.000
     0.65     13.150     0.0526 179.0000   0.0005    0.0008      1.000      1.000
     0.65     14.460     0.0507 180.0000   0.0008    0.0012      1.000      1.000
     0.65     15.560     0.0493 181.0000   0.0005    0.0011      1.000      1.000
     0.65     16.640     0.0465 182.0000   0.0007    0.0011      1.000      1.000
     0.65     18.320     0.0449 183.0000   0.0013    0.0022      1.000      1.000
     0.65     20.620     0.0422 184.0000   0.0016    0.0022      1.000      1.000
     0.65     22.210     0.0445 185.0000   0.0009    0.0022      1.000      1.000
     0.75      6.050     0.0350 186.0000   0.0008    0.0006      1.000      1.000
     0.75      6.660     0.0338 187.0000   0.0005    0.0004      1.000      1.000
     0.75      7.290     0.0317 188.0000   0.0003    0.0005      1.000      1.000
     0.75      8.040     0.0285 189.0000   0.0005    0.0005      1.000      1.000
     0.75      8.880     0.0280 190.0000   0.0003    0.0004      1.000      1.000
     0.75     10.240     0.0261 191.0000   0.0003    0.0004      1.000      1.000
     0.75     11.590     0.0240 192.0000   0.0003    0.0003      1.000      1.000
     0.75     13.080     0.0223 193.0000   0.0003    0.0004      1.000      1.000
     0.75     14.460     0.0207 194.0000   0.0003    0.0004      1.000      1.000
     0.75     15.710     0.0203 195.0000   0.0006    0.0005      1.000      1.000
     0.75     17.030     0.0186 196.0000   0.0002    0.0005      1.000      1.000
     0.75     18.420     0.0187 197.0000   0.0004    0.0005      1.000      1.000
     0.75     19.920     0.0159 198.0000   0.0006    0.0008      1.000      1.000
     0.75     21.580     0.0164 199.0000   0.0006    0.0010      1.000      1.000
     0.75     24.460     0.0155 200.0000   0.0005    0.0009      1.000      1.000
     0.75     26.690     0.0144 201.0000   0.0005    0.0010      1.000      1.000
     0.85     10.110     0.0085 202.0000   0.0002    0.0005      1.000      1.000
     0.85     11.070     0.0074 203.0000   0.0003    0.0003      1.000      1.000
     0.85     12.180     0.0068 204.0000   0.0002    0.0002      1.000      1.000
     0.85     13.970     0.0062 205.0000   0.0001    0.0002      1.000      1.000
     0.85     15.450     0.0058 206.0000   0.0001    0.0002      1.000      1.000
     0.85     16.610     0.0054 207.0000   0.0002    0.0002      1.000      1.000
     0.85     18.480     0.0048 208.0000   0.0001    0.0002      1.000      1.000
     0.85     19.950     0.0047 209.0000   0.0001    0.0002      1.000      1.000
     0.85     23.390     0.0038 210.0000   0.0001    0.0003      1.000      1.000
     0.85     29.170     0.0028 211.0000   0.0001    0.0002      1.000      1.000
