SLAC R proton (reanalyzed)
Whitlow et al, PL 250B (1990) 193
*
0.0  0 : normalization error, # correlated errors
      x         Q2        R         i        stat      sys      dummy     dummy
   0.10000   0.63000   0.25600   1.00000   0.05900   0.04400   1.00000   1.00000
   0.10000   0.80000   0.21000   2.00000   0.12300   0.08100   1.00000   1.00000
   0.10000   1.00000   0.32600   3.00000   0.04700   0.03000   1.00000   1.00000
   0.10000   1.25000   0.31300   4.00000   0.05800   0.02200   1.00000   1.00000
   0.10000   1.60000   0.35100   5.00000   0.04100   0.02200   1.00000   1.00000
   0.10000   2.00000   0.28500   6.00000   0.03400   0.01800   1.00000   1.00000
   0.10000   2.50000   0.44700   7.00000   0.10100   0.07200   1.00000   1.00000
   0.10000   3.20000   0.43400   8.00000   0.10800   0.05800   1.00000   1.00000
   0.17500   0.80000   0.29100   9.00000   0.09400   0.04500   1.00000   1.00000
   0.17500   1.00000   0.24000  10.00000   0.04100   0.03100   1.00000   1.00000
   0.17500   1.25000   0.46300  11.00000   0.06400   0.03100   1.00000   1.00000
   0.17500   1.60000   0.36400  12.00000   0.05400   0.02800   1.00000   1.00000
   0.17500   2.00000   0.27500  13.00000   0.03800   0.02300   1.00000   1.00000
   0.17500   2.50000   0.23500  14.00000   0.03400   0.01900   1.00000   1.00000
   0.17500   3.20000   0.37400  15.00000   0.07700   0.04300   1.00000   1.00000
   0.17500   4.00000   0.29700  16.00000   0.05500   0.02900   1.00000   1.00000
   0.17500   5.00000   0.43200  17.00000   0.15700   0.05700   1.00000   1.00000
   0.25000   1.00000   0.19600  18.00000   0.09100   0.05400   1.00000   1.00000
   0.25000   1.25000   0.30800  19.00000   0.06200   0.03600   1.00000   1.00000
   0.25000   1.60000   0.24600  20.00000   0.03900   0.02600   1.00000   1.00000
   0.25000   2.00000   0.28100  21.00000   0.04900   0.02500   1.00000   1.00000
   0.25000   2.50000   0.21300  22.00000   0.04600   0.02400   1.00000   1.00000
   0.25000   3.20000   0.21500  23.00000   0.03500   0.02000   1.00000   1.00000
   0.25000   4.00000   0.08500  24.00000   0.06300   0.02300   1.00000   1.00000
   0.25000   5.00000   0.11500  25.00000   0.04100   0.03600   1.00000   1.00000
   0.25000   6.40000   0.44100  26.00000   0.17700   0.05800   1.00000   1.00000
   0.25000   8.00000   0.33700  27.00000   0.23500   0.05700   1.00000   1.00000
   0.32500   1.00000   0.28500  28.00000   0.13300   0.06700   1.00000   1.00000
   0.32500   1.25000   0.56900  29.00000   0.21800   0.10800   1.00000   1.00000
   0.32500   1.60000   0.30000  30.00000   0.07200   0.03600   1.00000   1.00000
   0.32500   2.00000   0.20500  31.00000   0.04900   0.02800   1.00000   1.00000
   0.32500   2.50000   0.21400  32.00000   0.04800   0.02400   1.00000   1.00000
   0.32500   3.20000   0.19300  33.00000   0.05800   0.02900   1.00000   1.00000
   0.32500   4.00000   0.14800  34.00000   0.04200   0.03700   1.00000   1.00000
   0.32500   5.00000   0.12100  35.00000   0.04000   0.02000   1.00000   1.00000
   0.32500   6.40000   0.02600  36.00000   0.04300   0.01600   1.00000   1.00000
   0.32500   8.00000   0.16200  37.00000   0.07300   0.03500   1.00000   1.00000
   0.32500  10.00000   0.34800  38.00000   0.12800   0.03100   1.00000   1.00000
   0.40000   2.00000   0.27600  39.00000   0.08000   0.04100   1.00000   1.00000
   0.40000   2.50000   0.38300  40.00000   0.14100   0.08100   1.00000   1.00000
   0.40000   4.00000   0.09300  41.00000   0.04700   0.03800   1.00000   1.00000
   0.40000   3.20000   0.21200  42.00000   0.04100   0.02900   1.00000   1.00000
   0.40000   4.00000   0.09300  43.00000   0.04700   0.03800   1.00000   1.00000
   0.40000   5.00000   0.03600  44.00000   0.03200   0.04100   1.00000   1.00000
   0.40000   6.40000   0.02400  45.00000   0.03800   0.01300   1.00000   1.00000
   0.40000   8.00000   0.09800  46.00000   0.04300   0.02800   1.00000   1.00000
   0.40000  10.00000   0.10900  47.00000   0.04800   0.03100   1.00000   1.00000
   0.40000  12.50000  -0.11900  48.00000   0.09600   0.14000   1.00000   1.00000
   0.47500   2.00000   0.23900  49.00000   0.16800   0.06900   1.00000   1.00000
   0.47500   2.50000   0.14900  50.00000   0.05900   0.02800   1.00000   1.00000
   0.47500   3.20000   0.14700  51.00000   0.04600   0.02800   1.00000   1.00000
   0.47500   4.00000   0.11400  52.00000   0.10200   0.02800   1.00000   1.00000
   0.47500   5.00000   0.09600  53.00000   0.03300   0.04100   1.00000   1.00000
   0.47500   6.40000   0.12000  54.00000   0.06000   0.01800   1.00000   1.00000
   0.47500   8.00000   0.00500  55.00000   0.06700   0.02700   1.00000   1.00000
   0.47500  10.00000   0.05000  56.00000   0.04100   0.02900   1.00000   1.00000
   0.47500  12.50000   0.13200  57.00000   0.06600   0.06700   1.00000   1.00000
   0.55000   2.50000   0.19200  58.00000   0.17000   0.03100   1.00000   1.00000
   0.55000   4.00000   0.09400  59.00000   0.06100   0.03200   1.00000   1.00000
   0.55000   5.00000   0.03900  60.00000   0.09000   0.04400   1.00000   1.00000
   0.55000   6.40000   0.03600  61.00000   0.03000   0.04200   1.00000   1.00000
   0.55000   8.00000   0.09600  62.00000   0.03700   0.01500   1.00000   1.00000
   0.55000  10.00000   0.05300  63.00000   0.03700   0.03800   1.00000   1.00000
   0.55000  12.50000   0.00400  64.00000   0.04400   0.05800   1.00000   1.00000
   0.55000  16.00000   0.20500  65.00000   0.09100   0.08600   1.00000   1.00000
   0.62500   4.00000   0.64300  66.00000   0.64600   0.25600   1.00000   1.00000
   0.62500   5.00000   0.16100  67.00000   0.25400   0.10200   1.00000   1.00000
   0.62500   6.40000   0.09300  68.00000   0.02700   0.04900   1.00000   1.00000
   0.62500   8.00000   0.05800  69.00000   0.04600   0.01700   1.00000   1.00000
   0.62500  10.00000   0.06800  70.00000   0.03900   0.04400   1.00000   1.00000
   0.62500  12.50000   0.00800  71.00000   0.03400   0.02900   1.00000   1.00000
   0.62500  16.00000  -0.04400  72.00000   0.04200   0.06500   1.00000   1.00000
   0.70000   4.00000   0.16100  73.00000   0.14700   0.04700   1.00000   1.00000
   0.70000   5.00000   0.17800  74.00000   0.17100   0.00900   1.00000   1.00000
   0.70000   6.40000   0.07800  75.00000   0.03100   0.04500   1.00000   1.00000
   0.70000   8.00000   0.12300  76.00000   0.04100   0.04800   1.00000   1.00000
   0.70000  10.00000   0.08700  77.00000   0.06100   0.02700   1.00000   1.00000
   0.70000  12.50000   0.07200  78.00000   0.03800   0.03300   1.00000   1.00000
   0.70000  16.00000   0.05400  79.00000   0.04300   0.04600   1.00000   1.00000
   0.70000  20.00000   0.17500  80.00000   0.11800   0.13300   1.00000   1.00000
   0.77500   6.40000   0.01800  81.00000   0.14000   0.03400   1.00000   1.00000
   0.77500   8.00000   0.07700  82.00000   0.03600   0.04700   1.00000   1.00000
   0.77500  10.00000   0.10900  83.00000   0.07200   0.01800   1.00000   1.00000
   0.77500  12.50000   0.03700  84.00000   0.04400   0.04000   1.00000   1.00000
   0.77500  16.00000   0.15300  85.00000   0.05500   0.04700   1.00000   1.00000
   0.77500  20.00000   0.04700  86.00000   0.06100   0.08000   1.00000   1.00000
   0.86000  10.00000   0.47600  87.00000   0.40600   0.07400   1.00000   1.00000
   0.86000  12.50000   0.26200  88.00000   0.11700   0.05200   1.00000   1.00000
   0.86000  16.00000   0.04100  89.00000   0.09000   0.05100   1.00000   1.00000
   0.86000  20.00000   0.08200  90.00000   0.06400   0.05700   1.00000   1.00000
