D. Whitlow et al
Reanalysed SLAC deuterium data in the BCDMS binning
SLAC-357 (1990) PhD
0.021	: Normalization Uncertainty 
	 x      Q**2         F2         i      stat      sys      dummy      dummy      
      0.07    0.5900     0.2567    1.0000    0.0062   0.0039     1.0000     1.0000
      0.07    0.8100     0.2922    2.0000    0.0056   0.0035     1.0000     1.0000
      0.07    0.9000     0.2981    3.0000    0.0036   0.0039     1.0000     1.0000
      0.07    1.1200     0.3086    4.0000    0.0040   0.0040     1.0000     1.0000
      0.07    1.2700     0.3200    5.0000    0.0051   0.0048     1.0000     1.0000
      0.07    1.5200     0.3288    6.0000    0.0079   0.0092     1.0000     1.0000
      0.07    1.6600     0.3333    7.0000    0.0083   0.0043     1.0000     1.0000
      0.07    2.0100     0.3403    8.0000    0.0112   0.0082     1.0000     1.0000
       0.1    0.5800     0.2678    9.0000    0.0048   0.0038     1.0000     1.0000
       0.1    0.6200     0.2734   10.0000    0.0052   0.0038     1.0000     1.0000
       0.1    0.6600     0.2760   11.0000    0.0030   0.0033     1.0000     1.0000
       0.1    0.7400     0.2839   12.0000    0.0071   0.0037     1.0000     1.0000
       0.1    0.8700     0.2917   13.0000    0.0055   0.0035     1.0000     1.0000
       0.1    1.0000     0.3058   14.0000    0.0031   0.0040     1.0000     1.0000
       0.1    1.0800     0.3046   15.0000    0.0055   0.0031     1.0000     1.0000
       0.1    1.1800     0.3098   16.0000    0.0047   0.0028     1.0000     1.0000
       0.1    1.2900     0.3149   17.0000    0.0057   0.0032     1.0000     1.0000
       0.1    1.4200     0.3196   18.0000    0.0058   0.0032     1.0000     1.0000
       0.1    1.5400     0.3138   19.0000    0.0066   0.0066     1.0000     1.0000
       0.1    1.6600     0.3094   20.0000    0.0096   0.0090     1.0000     1.0000
       0.1    1.8200     0.3243   21.0000    0.0039   0.0039     1.0000     1.0000
       0.1    1.9900     0.3266   22.0000    0.0026   0.0043     1.0000     1.0000
       0.1    2.1400     0.3329   23.0000    0.0077   0.0073     1.0000     1.0000
       0.1    2.3700     0.3249   24.0000    0.0046   0.0072     1.0000     1.0000
       0.1    2.9400     0.3346   25.0000    0.0067   0.0097     1.0000     1.0000
       0.1    3.3400     0.3452   26.0000    0.0124   0.0124     1.0000     1.0000
      0.14    0.6600     0.2797   27.0000    0.0053   0.0036     1.0000     1.0000
      0.14    0.7800     0.2898   28.0000    0.0032   0.0026     1.0000     1.0000
      0.14    0.9300     0.3012   29.0000    0.0042   0.0033     1.0000     1.0000
      0.14    1.1400     0.3029   30.0000    0.0049   0.0030     1.0000     1.0000
      0.14    1.2900     0.3056   31.0000    0.0031   0.0025     1.0000     1.0000
      0.14    1.3700     0.3162   32.0000    0.0054   0.0032     1.0000     1.0000
      0.14    1.6000     0.3141   33.0000    0.0035   0.0022     1.0000     1.0000
      0.14    1.7400     0.3161   34.0000    0.0044   0.0022     1.0000     1.0000
      0.14    2.0100     0.3196   35.0000    0.0035   0.0038     1.0000     1.0000
      0.14    2.1900     0.3134   36.0000    0.0038   0.0028     1.0000     1.0000
      0.14    2.3700     0.3202   37.0000    0.0032   0.0032     1.0000     1.0000
      0.14    2.5800     0.3165   38.0000    0.0044   0.0070     1.0000     1.0000
      0.14    2.8000     0.3283   39.0000    0.0056   0.0072     1.0000     1.0000
      0.14    3.0000     0.3222   40.0000    0.0055   0.0081     1.0000     1.0000
      0.14    3.3100     0.3332   41.0000    0.0060   0.0063     1.0000     1.0000
      0.14    3.7700     0.3201   42.0000    0.0064   0.0070     1.0000     1.0000
      0.14    4.1800     0.3113   43.0000    0.0087   0.0084     1.0000     1.0000
      0.14    5.0000     0.3272   44.0000    0.0023   0.0069     1.0000     1.0000
       0.2    0.6900     0.2841   45.0000    0.0054   0.0040     1.0000     1.0000
       0.2    0.8200     0.2842   46.0000    0.0063   0.0031     1.0000     1.0000
       0.2    0.8900     0.2908   47.0000    0.0035   0.0026     1.0000     1.0000
       0.2    1.0000     0.2938   48.0000    0.0053   0.0035     1.0000     1.0000
       0.2    1.1000     0.2980   49.0000    0.0051   0.0045     1.0000     1.0000
       0.2    1.2400     0.3020   50.0000    0.0054   0.0033     1.0000     1.0000
       0.2    1.4100     0.2958   51.0000    0.0030   0.0024     1.0000     1.0000
       0.2    1.5000     0.3044   52.0000    0.0055   0.0030     1.0000     1.0000
       0.2    1.8700     0.3070   53.0000    0.0034   0.0022     1.0000     1.0000
       0.2    2.5700     0.3067   54.0000    0.0028   0.0034     1.0000     1.0000
       0.2    2.7400     0.3066   55.0000    0.0049   0.0052     1.0000     1.0000
       0.2    3.0100     0.3127   56.0000    0.0084   0.0044     1.0000     1.0000
       0.2    3.2500     0.3125   57.0000    0.0038   0.0063     1.0000     1.0000
       0.2    3.5400     0.3074   58.0000    0.0037   0.0062     1.0000     1.0000
       0.2    4.1700     0.3133   59.0000    0.0038   0.0060     1.0000     1.0000
       0.2    4.5900     0.3016   60.0000    0.0069   0.0069     1.0000     1.0000
       0.2    5.2000     0.3041   61.0000    0.0043   0.0064     1.0000     1.0000
      0.23    0.7200     0.2761   62.0000    0.0053   0.0041     1.0000     1.0000
      0.23    0.8700     0.2760   63.0000    0.0061   0.0030     1.0000     1.0000
      0.23    1.0000     0.2840   64.0000    0.0011   0.0017     1.0000     1.0000
      0.23    1.2900     0.2874   65.0000    0.0035   0.0026     1.0000     1.0000
      0.23    1.5000     0.2899   66.0000    0.0009   0.0015     1.0000     1.0000
      0.23    1.7300     0.2898   67.0000    0.0029   0.0020     1.0000     1.0000
      0.23    2.0100     0.2913   68.0000    0.0023   0.0018     1.0000     1.0000
      0.23    2.2200     0.2863   69.0000    0.0063   0.0043     1.0000     1.0000
      0.23    2.5000     0.2918   70.0000    0.0015   0.0029     1.0000     1.0000
      0.23    2.8200     0.2863   71.0000    0.0034   0.0023     1.0000     1.0000
      0.23    3.0000     0.2880   72.0000    0.0035   0.0046     1.0000     1.0000
      0.23    3.2900     0.2883   73.0000    0.0040   0.0032     1.0000     1.0000
      0.23    3.6200     0.2806   74.0000    0.0059   0.0051     1.0000     1.0000
      0.23    4.0100     0.2822   75.0000    0.0028   0.0042     1.0000     1.0000
      0.23    4.4600     0.2858   76.0000    0.0043   0.0037     1.0000     1.0000
      0.23    5.0000     0.2820   77.0000    0.0011   0.0040     1.0000     1.0000
      0.23    5.3300     0.2859   78.0000    0.0080   0.0069     1.0000     1.0000
      0.23    5.7200     0.2796   79.0000    0.0048   0.0050     1.0000     1.0000
      0.23    6.0900     0.2761   80.0000    0.0083   0.0064     1.0000     1.0000
      0.23    7.3100     0.2703   81.0000    0.0154   0.0065     1.0000     1.0000
      0.28    0.9000     0.2617   82.0000    0.0063   0.0029     1.0000     1.0000
      0.28    1.0700     0.2648   83.0000    0.0019   0.0019     1.0000     1.0000
      0.28    1.3500     0.2677   84.0000    0.0048   0.0029     1.0000     1.0000
      0.28    1.4600     0.2685   85.0000    0.0048   0.0030     1.0000     1.0000
      0.28    1.6000     0.2659   86.0000    0.0037   0.0021     1.0000     1.0000
      0.28    1.9200     0.2637   87.0000    0.0029   0.0021     1.0000     1.0000
      0.28    2.1100     0.2658   88.0000    0.0037   0.0021     1.0000     1.0000
      0.28    2.3500     0.2635   89.0000    0.0040   0.0026     1.0000     1.0000
      0.28    2.5300     0.2646   90.0000    0.0037   0.0034     1.0000     1.0000
      0.28    3.0900     0.2622   91.0000    0.0066   0.0024     1.0000     1.0000
      0.28    3.3200     0.2696   92.0000    0.0073   0.0043     1.0000     1.0000
      0.28    3.5300     0.2548   93.0000    0.0023   0.0028     1.0000     1.0000
      0.28    4.3000     0.2566   94.0000    0.0036   0.0026     1.0000     1.0000
      0.28    4.7600     0.2568   95.0000    0.0026   0.0033     1.0000     1.0000
      0.28    5.2900     0.2513   96.0000    0.0023   0.0033     1.0000     1.0000
      0.28    6.0700     0.2553   97.0000    0.0036   0.0041     1.0000     1.0000
      0.28    6.7500     0.2494   98.0000    0.0042   0.0045     1.0000     1.0000
      0.28    7.5000     0.2506   99.0000    0.0055   0.0050     1.0000     1.0000
      0.28    8.2200     0.2451  100.0000    0.0081   0.0059     1.0000     1.0000
      0.35    1.1400     0.2345  101.0000    0.0021   0.0014     1.0000     1.0000
      0.35    1.3900     0.2333  102.0000    0.0030   0.0023     1.0000     1.0000
      0.35    1.5000     0.2309  103.0000    0.0009   0.0014     1.0000     1.0000
      0.35    1.6600     0.2311  104.0000    0.0016   0.0012     1.0000     1.0000
      0.35    1.8300     0.2262  105.0000    0.0039   0.0023     1.0000     1.0000
      0.35    2.0100     0.2240  106.0000    0.0020   0.0011     1.0000     1.0000
      0.35    2.1800     0.2246  107.0000    0.0018   0.0011     1.0000     1.0000
      0.35    2.5000     0.2219  108.0000    0.0009   0.0011     1.0000     1.0000
      0.35    2.7900     0.2139  109.0000    0.0034   0.0026     1.0000     1.0000
      0.35    3.0800     0.2170  110.0000    0.0017   0.0017     1.0000     1.0000
      0.35    3.3600     0.2141  111.0000    0.0054   0.0019     1.0000     1.0000
      0.35    3.7400     0.2102  112.0000    0.0021   0.0019     1.0000     1.0000
      0.35    4.1600     0.2125  113.0000    0.0015   0.0019     1.0000     1.0000
      0.35    5.0100     0.2081  114.0000    0.0006   0.0019     1.0000     1.0000
      0.35    5.8400     0.2064  115.0000    0.0017   0.0025     1.0000     1.0000
      0.35    6.4100     0.2016  116.0000    0.0016   0.0022     1.0000     1.0000
      0.35    7.3700     0.1991  117.0000    0.0016   0.0032     1.0000     1.0000
      0.35    8.1300     0.1960  118.0000    0.0022   0.0031     1.0000     1.0000
      0.35    9.3100     0.1908  119.0000    0.0031   0.0036     1.0000     1.0000
      0.35   10.0100     0.1942  120.0000    0.0023   0.0033     1.0000     1.0000
      0.35   10.9600     0.1899  121.0000    0.0046   0.0046     1.0000     1.0000
      0.45    1.7000     0.1817  122.0000    0.0018   0.0011     1.0000     1.0000
      0.45    1.8700     0.1685  123.0000    0.0047   0.0019     1.0000     1.0000
      0.45    2.0000     0.1751  124.0000    0.0018   0.0012     1.0000     1.0000
      0.45    2.2900     0.1687  125.0000    0.0012   0.0008     1.0000     1.0000
      0.45    2.4400     0.1642  126.0000    0.0015   0.0013     1.0000     1.0000
      0.45    2.6500     0.1622  127.0000    0.0023   0.0015     1.0000     1.0000
      0.45    3.3600     0.1576  128.0000    0.0013   0.0013     1.0000     1.0000
      0.45    3.8000     0.1567  129.0000    0.0038   0.0014     1.0000     1.0000
      0.45    4.5900     0.1498  130.0000    0.0015   0.0014     1.0000     1.0000
      0.45    4.9700     0.1467  131.0000    0.0010   0.0013     1.0000     1.0000
      0.45    5.3000     0.1451  132.0000    0.0015   0.0015     1.0000     1.0000
      0.45    5.6800     0.1428  133.0000    0.0013   0.0011     1.0000     1.0000
      0.45    6.0700     0.1461  134.0000    0.0028   0.0020     1.0000     1.0000
      0.45    6.5100     0.1413  135.0000    0.0014   0.0016     1.0000     1.0000
      0.45    7.1100     0.1393  136.0000    0.0008   0.0014     1.0000     1.0000
      0.45    7.8400     0.1395  137.0000    0.0027   0.0024     1.0000     1.0000
      0.45    8.4300     0.1338  138.0000    0.0012   0.0017     1.0000     1.0000
      0.45    9.0500     0.1346  139.0000    0.0014   0.0020     1.0000     1.0000
      0.45    9.8300     0.1310  140.0000    0.0009   0.0017     1.0000     1.0000
      0.45   10.6900     0.1292  141.0000    0.0010   0.0023     1.0000     1.0000
      0.45   11.6100     0.1292  142.0000    0.0014   0.0026     1.0000     1.0000
      0.45   12.7500     0.1264  143.0000    0.0015   0.0028     1.0000     1.0000
      0.45   15.0200     0.1326  144.0000    0.0094   0.0090     1.0000     1.0000
      0.45   16.3900     0.1359  145.0000    0.0063   0.0082     1.0000     1.0000
      0.55    2.4900     0.1190  146.0000    0.0005   0.0007     1.0000     1.0000
      0.55    2.7700     0.1157  147.0000    0.0016   0.0010     1.0000     1.0000
      0.55    3.4700     0.1054  148.0000    0.0012   0.0013     1.0000     1.0000
      0.55    3.7400     0.1027  149.0000    0.0021   0.0010     1.0000     1.0000
      0.55    4.0700     0.1007  150.0000    0.0008   0.0008     1.0000     1.0000
      0.55    4.9900     0.0936  151.0000    0.0004   0.0007     1.0000     1.0000
      0.55    5.3300     0.0926  152.0000    0.0015   0.0010     1.0000     1.0000
      0.55    5.7700     0.0914  153.0000    0.0009   0.0010     1.0000     1.0000
      0.55    6.2500     0.0887  154.0000    0.0009   0.0008     1.0000     1.0000
      0.55    7.5000     0.0849  155.0000    0.0004   0.0008     1.0000     1.0000
      0.55    8.3800     0.0818  156.0000    0.0008   0.0011     1.0000     1.0000
      0.55    9.0200     0.0841  157.0000    0.0014   0.0014     1.0000     1.0000
      0.55    9.9100     0.0785  158.0000    0.0004   0.0009     1.0000     1.0000
      0.55   10.7200     0.0776  159.0000    0.0006   0.0012     1.0000     1.0000
      0.55   11.8600     0.0762  160.0000    0.0006   0.0013     1.0000     1.0000
      0.55   12.8800     0.0737  161.0000    0.0007   0.0014     1.0000     1.0000
      0.55   14.1200     0.0721  162.0000    0.0006   0.0015     1.0000     1.0000
      0.55   15.5500     0.0705  163.0000    0.0018   0.0020     1.0000     1.0000
      0.55   16.7100     0.0643  164.0000    0.0071   0.0048     1.0000     1.0000
      0.55   17.8900     0.0718  165.0000    0.0027   0.0040     1.0000     1.0000
      0.55   19.5100     0.0689  166.0000    0.0021   0.0035     1.0000     1.0000
      0.65    4.1500     0.0620  167.0000    0.0015   0.0009     1.0000     1.0000
      0.65    4.4100     0.0598  168.0000    0.0007   0.0006     1.0000     1.0000
      0.65    5.0100     0.0558  169.0000    0.0005   0.0004     1.0000     1.0000
      0.65    5.7200     0.0528  170.0000    0.0007   0.0006     1.0000     1.0000
      0.65    6.2700     0.0502  171.0000    0.0005   0.0005     1.0000     1.0000
      0.65    6.7800     0.0494  172.0000    0.0004   0.0006     1.0000     1.0000
      0.65    7.9800     0.0449  173.0000    0.0004   0.0005     1.0000     1.0000
      0.65    8.6100     0.0435  174.0000    0.0004   0.0004     1.0000     1.0000
      0.65    9.7500     0.0419  175.0000    0.0003   0.0005     1.0000     1.0000
      0.65   10.6000     0.0407  176.0000    0.0003   0.0005     1.0000     1.0000
      0.65   11.5300     0.0387  177.0000    0.0004   0.0007     1.0000     1.0000
      0.65   13.1700     0.0379  178.0000    0.0003   0.0006     1.0000     1.0000
      0.65   14.2000     0.0380  179.0000    0.0007   0.0011     1.0000     1.0000
      0.65   15.2400     0.0353  180.0000    0.0003   0.0006     1.0000     1.0000
      0.65   16.8900     0.0341  181.0000    0.0006   0.0009     1.0000     1.0000
      0.65   18.2800     0.0328  182.0000    0.0009   0.0016     1.0000     1.0000
      0.65   20.6300     0.0344  183.0000    0.0011   0.0018     1.0000     1.0000
      0.65   22.2100     0.0323  184.0000    0.0007   0.0016     1.0000     1.0000
      0.75    5.0000     0.0292  185.0000    0.0002   0.0006     1.0000     1.0000
      0.75    6.0600     0.0264  186.0000    0.0005   0.0004     1.0000     1.0000
      0.75    6.6600     0.0243  187.0000    0.0003   0.0003     1.0000     1.0000
      0.75    7.3000     0.0225  188.0000    0.0003   0.0003     1.0000     1.0000
      0.75    7.9600     0.0216  189.0000    0.0006   0.0005     1.0000     1.0000
      0.75    8.9000     0.0201  190.0000    0.0002   0.0003     1.0000     1.0000
      0.75   10.1900     0.0185  191.0000    0.0002   0.0002     1.0000     1.0000
      0.75   11.5700     0.0169  192.0000    0.0002   0.0002     1.0000     1.0000
      0.75   13.0700     0.0161  193.0000    0.0002   0.0003     1.0000     1.0000
      0.75   14.4700     0.0149  194.0000    0.0002   0.0003     1.0000     1.0000
      0.75   15.7100     0.0146  195.0000    0.0004   0.0003     1.0000     1.0000
      0.75   16.9600     0.0138  196.0000    0.0002   0.0003     1.0000     1.0000
      0.75   18.4200     0.0138  197.0000    0.0002   0.0004     1.0000     1.0000
      0.75   19.9400     0.0133  198.0000    0.0004   0.0007     1.0000     1.0000
      0.75   21.5600     0.0117  199.0000    0.0004   0.0007     1.0000     1.0000
      0.75   24.3700     0.0114  200.0000    0.0004   0.0006     1.0000     1.0000
      0.75   26.7300     0.0112  201.0000    0.0003   0.0007     1.0000     1.0000
      0.85   10.0300     0.0065  202.0000    0.0001   0.0003     1.0000     1.0000
      0.85   11.0800     0.0057  203.0000    0.0002   0.0003     1.0000     1.0000
      0.85   12.1800     0.0053  204.0000    0.0001   0.0002     1.0000     1.0000
      0.85   13.9500     0.0049  205.0000    0.0001   0.0002     1.0000     1.0000
      0.85   15.4500     0.0047  206.0000    0.0001   0.0001     1.0000     1.0000
      0.85   16.6400     0.0041  207.0000    0.0001   0.0001     1.0000     1.0000
      0.85   18.4600     0.0040  208.0000    0.0001   0.0001     1.0000     1.0000
      0.85   19.9900     0.0040  209.0000    0.0001   0.0002     1.0000     1.0000
      0.85   23.4000     0.0032  210.0000    0.0001   0.0003     1.0000     1.0000
      0.85   29.0900     0.0028  211.0000    0.0001   0.0002     1.0000     1.0000
