SLAC d
L.W. Whitlow, Ph.D. Thesis, Stanford University, 1990, SLAC-REPORT-357 (1990)
*
0.017 0 : normalization error, number of correlated errors
   x           Q2        y        sig_r        stat        sys
 2.750E-01 9.050E-01 1.749E-01  2.6027E-01  5.9861E-03  2.3424E-03  1.0   1.0
 2.230E-01 8.690E-01 2.067E-01  2.7345E-01  6.2893E-03  2.7345E-03  1.0   1.0
 1.760E-01 8.240E-01 2.482E-01  2.8100E-01  6.1821E-03  2.8100E-03  1.0   1.0
 1.530E-01 7.940E-01 2.763E-01  2.8371E-01  6.5253E-03  2.8371E-03  1.0   1.0
 1.190E-01 7.370E-01 3.287E-01  2.7963E-01  6.9907E-03  3.3555E-03  1.0   1.0
 9.000E-02 6.660E-01 3.928E-01  2.6656E-01  6.6639E-03  3.1987E-03  1.0   1.0
 6.700E-02 5.860E-01 4.663E-01  2.4708E-01  5.9298E-03  3.2120E-03  1.0   1.0
 4.170E-01 1.685E+00 1.589E-01  1.9746E-01  3.9491E-03  1.5797E-03  1.0   1.0
 3.650E-01 1.647E+00 1.774E-01  2.2508E-01  4.5016E-03  1.8007E-03  1.0   1.0
 3.140E-01 1.601E+00 2.002E-01  2.4720E-01  5.1912E-03  1.9776E-03  1.0   1.0
 2.710E-01 1.552E+00 2.250E-01  2.6619E-01  5.5901E-03  2.1295E-03  1.0   1.0
 2.090E-01 1.455E+00 2.735E-01  2.8935E-01  7.5230E-03  2.3148E-03  1.0   1.0
 1.680E-01 1.363E+00 3.197E-01  3.0099E-01  7.8257E-03  2.4079E-03  1.0   1.0
 1.320E-01 1.256E+00 3.732E-01  2.9920E-01  7.7792E-03  2.3936E-03  1.0   1.0
 1.040E-01 1.141E+00 4.306E-01  2.9023E-01  7.2558E-03  2.3219E-03  1.0   1.0
 8.100E-02 1.019E+00 4.915E-01  2.8880E-01  7.2199E-03  3.1768E-03  1.0   1.0
 5.030E-01 2.377E+00 1.567E-01  1.4069E-01  2.8138E-03  1.5476E-03  1.0   1.0
 4.500E-01 2.334E+00 1.721E-01  1.6657E-01  3.3315E-03  1.6657E-03  1.0   1.0
 3.970E-01 2.282E+00 1.905E-01  1.9635E-01  3.9270E-03  1.9635E-03  1.0   1.0
 3.480E-01 2.222E+00 2.116E-01  2.2182E-01  4.4365E-03  1.9964E-03  1.0   1.0
 2.830E-01 2.119E+00 2.479E-01  2.5175E-01  5.7903E-03  2.2658E-03  1.0   1.0
 2.260E-01 1.995E+00 2.925E-01  2.8721E-01  6.8931E-03  2.2977E-03  1.0   1.0
 1.850E-01 1.872E+00 3.362E-01  3.0129E-01  7.5323E-03  2.4103E-03  1.0   1.0
 1.500E-01 1.738E+00 3.836E-01  3.0551E-01  7.6377E-03  2.4441E-03  1.0   1.0
 1.220E-01 1.594E+00 4.347E-01  3.0653E-01  7.6633E-03  2.1457E-03  1.0   1.0
 9.800E-02 1.440E+00 4.894E-01  3.0728E-01  7.6820E-03  2.4583E-03  1.0   1.0
 7.700E-02 1.275E+00 5.477E-01  2.9842E-01  7.4604E-03  2.6857E-03  1.0   1.0
 6.300E-02 1.136E+00 5.970E-01  2.8461E-01  7.1152E-03  3.1307E-03  1.0   1.0
 5.970E-01 3.501E+00 1.598E-01  8.6259E-02  2.2427E-03  1.7252E-03  1.0   1.0
 5.420E-01 3.445E+00 1.733E-01  1.0885E-01  2.3948E-03  1.8505E-03  1.0   1.0
 4.900E-01 3.383E+00 1.882E-01  1.3616E-01  2.7232E-03  2.0424E-03  1.0   1.0
 4.420E-01 3.314E+00 2.046E-01  1.6086E-01  3.2171E-03  2.2520E-03  1.0   1.0
 3.720E-01 3.191E+00 2.342E-01  2.0033E-01  4.6076E-03  2.6043E-03  1.0   1.0
 3.090E-01 3.047E+00 2.690E-01  2.4145E-01  6.0362E-03  2.8974E-03  1.0   1.0
 2.390E-01 2.819E+00 3.218E-01  2.7551E-01  6.3368E-03  2.7551E-03  1.0   1.0
 1.830E-01 2.569E+00 3.836E-01  2.9773E-01  7.4433E-03  2.6796E-03  1.0   1.0
 1.520E-01 2.382E+00 4.284E-01  3.1440E-01  7.8600E-03  2.5152E-03  1.0   1.0
 1.260E-01 2.188E+00 4.750E-01  3.1204E-01  7.4890E-03  2.1843E-03  1.0   1.0
 1.070E-01 2.017E+00 5.162E-01  3.1349E-01  7.8373E-03  2.1944E-03  1.0   1.0
 9.000E-02 1.845E+00 5.574E-01  3.0603E-01  7.6507E-03  2.1422E-03  1.0   1.0
 7.500E-02 1.658E+00 6.022E-01  3.0694E-01  7.6734E-03  2.4555E-03  1.0   1.0
 3.220E-01 1.105E+00 2.610E-01  2.4240E-01  5.3327E-03  3.1512E-03  1.0   1.0
 2.690E-01 1.052E+00 2.965E-01  2.5860E-01  5.6892E-03  3.3618E-03  1.0   1.0
 2.400E-01 1.016E+00 3.216E-01  2.7209E-01  7.0744E-03  3.8093E-03  1.0   1.0
 1.770E-01 9.120E-01 3.908E-01  2.8155E-01  7.0387E-03  3.9417E-03  1.0   1.0
 1.270E-01 7.910E-01 4.714E-01  2.7783E-01  6.9458E-03  3.8897E-03  1.0   1.0
 8.900E-02 6.570E-01 5.609E-01  2.5751E-01  6.1803E-03  3.8627E-03  1.0   1.0
 4.530E-01 1.870E+00 2.436E-01  1.6532E-01  4.6289E-03  1.8185E-03  1.0   1.0
 3.470E-01 1.741E+00 2.959E-01  2.2506E-01  5.8515E-03  2.4756E-03  1.0   1.0
 2.140E-01 1.469E+00 4.061E-01  2.8038E-01  7.5702E-03  3.6449E-03  1.0   1.0
 1.200E-01 1.115E+00 5.490E-01  2.8110E-01  8.1519E-03  3.9354E-03  1.0   1.0
 5.390E-01 2.762E+00 2.481E-01  1.1695E-01  2.3390E-03  1.0525E-03  1.0   1.0
 4.890E-01 2.693E+00 2.670E-01  1.3954E-01  2.7908E-03  1.1163E-03  1.0   1.0
 4.400E-01 2.616E+00 2.880E-01  1.6736E-01  3.3472E-03  1.3389E-03  1.0   1.0
 3.740E-01 2.489E+00 3.224E-01  2.0564E-01  4.9355E-03  1.6452E-03  1.0   1.0
 2.970E-01 2.297E+00 3.749E-01  2.4544E-01  6.1359E-03  2.6998E-03  1.0   1.0
 2.370E-01 2.098E+00 4.291E-01  2.7644E-01  6.9110E-03  3.0408E-03  1.0   1.0
 1.870E-01 1.880E+00 4.884E-01  2.9029E-01  7.2573E-03  3.4835E-03  1.0   1.0
 1.440E-01 1.644E+00 5.527E-01  2.8957E-01  7.5288E-03  3.7644E-03  1.0   1.0
 1.080E-01 1.388E+00 6.222E-01  2.9135E-01  7.5751E-03  4.0789E-03  1.0   1.0
 7.700E-02 1.114E+00 6.968E-01  2.7174E-01  7.0653E-03  4.3479E-03  1.0   1.0
 6.390E-01 4.149E+00 2.556E-01  6.5267E-02  1.6317E-03  8.4847E-04  1.0   1.0
 5.800E-01 4.044E+00 2.744E-01  8.7492E-02  2.3623E-03  8.7492E-04  1.0   1.0
 5.530E-01 3.991E+00 2.841E-01  9.7866E-02  5.8719E-03  8.8079E-04  1.0   1.0
 4.710E-01 3.804E+00 3.176E-01  1.4317E-01  3.4362E-03  1.1454E-03  1.0   1.0
 3.980E-01 3.594E+00 3.553E-01  1.8359E-01  4.4061E-03  1.2851E-03  1.0   1.0
 3.320E-01 3.357E+00 3.978E-01  2.2057E-01  5.2937E-03  1.7646E-03  1.0   1.0
 2.730E-01 3.092E+00 4.453E-01  2.5592E-01  6.3980E-03  2.0474E-03  1.0   1.0
 2.240E-01 2.819E+00 4.944E-01  2.7891E-01  6.9729E-03  3.0681E-03  1.0   1.0
 1.790E-01 2.509E+00 5.499E-01  2.8755E-01  7.4763E-03  3.4506E-03  1.0   1.0
 1.420E-01 2.189E+00 6.072E-01  2.9880E-01  7.7688E-03  3.8844E-03  1.0   1.0
 1.080E-01 1.834E+00 6.710E-01  2.9878E-01  7.4695E-03  4.1829E-03  1.0   1.0
 8.400E-02 1.542E+00 7.234E-01  2.7777E-01  7.2221E-03  4.4444E-03  1.0   1.0
 6.920E-01 5.180E+00 2.624E-01  4.2330E-02  1.5662E-03  7.1961E-04  1.0   1.0
 6.010E-01 4.981E+00 2.906E-01  7.6312E-02  2.2894E-03  8.3944E-04  1.0   1.0
 5.320E-01 4.800E+00 3.165E-01  1.0319E-01  2.5797E-03  9.2870E-04  1.0   1.0
 4.540E-01 4.553E+00 3.517E-01  1.4845E-01  3.7112E-03  1.0391E-03  1.0   1.0
 3.870E-01 4.294E+00 3.886E-01  1.8599E-01  4.8358E-03  1.3020E-03  1.0   1.0
 3.280E-01 4.014E+00 4.286E-01  2.2794E-01  5.9264E-03  1.5956E-03  1.0   1.0
 2.740E-01 3.699E+00 4.734E-01  2.4857E-01  6.7113E-03  1.9885E-03  1.0   1.0
 2.270E-01 3.373E+00 5.198E-01  2.8305E-01  7.6423E-03  2.2644E-03  1.0   1.0
 1.850E-01 3.013E+00 5.710E-01  2.9444E-01  7.9498E-03  3.2388E-03  1.0   1.0
 1.470E-01 2.631E+00 6.254E-01  2.9684E-01  8.0147E-03  3.5621E-03  1.0   1.0
 1.200E-01 2.305E+00 6.719E-01  2.9563E-01  8.2775E-03  3.8431E-03  1.0   1.0
 9.600E-02 1.968E+00 7.199E-01  2.9073E-01  8.1404E-03  4.6517E-03  1.0   1.0
 7.460E-01 6.879E+00 2.777E-01  2.4770E-02  1.4862E-03  5.9447E-04  1.0   1.0
 6.900E-01 6.729E+00 2.935E-01  3.5776E-02  1.5384E-03  6.4397E-04  1.0   1.0
 6.620E-01 6.647E+00 3.022E-01  3.9721E-02  8.2222E-03  6.3554E-04  1.0   1.0
 5.990E-01 6.441E+00 3.238E-01  6.8801E-02  2.0640E-03  8.2561E-04  1.0   1.0
 5.280E-01 6.174E+00 3.518E-01  9.8023E-02  2.7446E-03  9.8023E-04  1.0   1.0
 4.650E-01 5.894E+00 3.812E-01  1.3423E-01  3.4900E-03  1.0739E-03  1.0   1.0
 4.040E-01 5.569E+00 4.153E-01  1.7273E-01  4.4910E-03  1.2091E-03  1.0   1.0
 3.470E-01 5.215E+00 4.526E-01  2.1029E-01  5.4676E-03  1.4720E-03  1.0   1.0
 2.970E-01 4.845E+00 4.914E-01  2.4234E-01  6.3007E-03  1.6964E-03  1.0   1.0
 2.510E-01 4.446E+00 5.332E-01  2.6418E-01  7.1327E-03  1.8492E-03  1.0   1.0
 2.080E-01 4.003E+00 5.797E-01  2.8735E-01  7.7586E-03  2.2988E-03  1.0   1.0
 1.780E-01 3.649E+00 6.170E-01  2.9301E-01  7.9114E-03  3.2232E-03  1.0   1.0
 1.500E-01 3.265E+00 6.572E-01  3.0551E-01  8.2488E-03  3.6661E-03  1.0   1.0
 1.220E-01 2.851E+00 7.007E-01  3.0559E-01  8.2509E-03  3.9726E-03  1.0   1.0
 9.900E-02 2.438E+00 7.441E-01  2.8798E-01  8.9272E-03  4.6076E-03  1.0   1.0
 7.700E-02 2.009E+00 7.891E-01  2.9170E-01  9.6261E-03  4.6672E-03  1.0   1.0
 7.710E-01 8.088E+00 2.890E-01  1.7131E-02  9.0796E-04  4.7967E-04  1.0   1.0
 7.110E-01 7.897E+00 3.057E-01  2.9891E-02  1.0462E-03  5.9781E-04  1.0   1.0
 6.450E-01 7.656E+00 3.269E-01  4.7972E-02  1.2952E-03  7.1958E-04  1.0   1.0
 5.710E-01 7.348E+00 3.541E-01  7.4248E-02  1.7819E-03  8.9097E-04  1.0   1.0
 5.080E-01 7.037E+00 3.814E-01  1.0468E-01  2.5123E-03  1.0468E-03  1.0   1.0
 4.470E-01 6.691E+00 4.118E-01  1.4001E-01  3.3603E-03  1.1201E-03  1.0   1.0
 3.930E-01 6.328E+00 4.438E-01  1.7115E-01  4.1076E-03  1.1981E-03  1.0   1.0
 3.410E-01 5.931E+00 4.787E-01  2.0816E-01  5.2040E-03  1.4571E-03  1.0   1.0
 2.930E-01 5.498E+00 5.167E-01  2.3208E-01  5.8019E-03  1.6245E-03  1.0   1.0
 2.480E-01 5.032E+00 5.577E-01  2.6104E-01  6.5259E-03  1.8273E-03  1.0   1.0
 2.150E-01 4.634E+00 5.927E-01  2.7972E-01  6.9931E-03  2.2378E-03  1.0   1.0
 1.850E-01 4.219E+00 6.291E-01  3.1456E-01  7.8641E-03  2.5165E-03  1.0   1.0
 1.570E-01 3.804E+00 6.656E-01  2.9237E-01  7.6015E-03  3.2160E-03  1.0   1.0
 1.310E-01 3.355E+00 7.051E-01  3.0629E-01  7.9636E-03  3.6755E-03  1.0   1.0
 1.070E-01 2.888E+00 7.461E-01  3.0175E-01  7.5436E-03  4.5262E-03  1.0   1.0
 8.300E-02 2.386E+00 7.902E-01  2.9174E-01  7.8770E-03  4.6679E-03  1.0   1.0
 3.370E-01 1.171E+00 4.110E-01  2.3093E-01  2.3093E-03  1.6165E-03  1.0   1.0
 2.930E-01 1.102E+00 4.456E-01  2.4695E-01  2.2225E-03  1.7286E-03  1.0   1.0
 2.600E-01 1.043E+00 4.754E-01  2.5784E-01  2.5784E-03  1.8049E-03  1.0   1.0
 2.350E-01 9.940E-01 5.004E-01  2.6723E-01  3.4739E-03  2.1378E-03  1.0   1.0
 1.880E-01 8.840E-01 5.560E-01  2.7047E-01  3.5161E-03  2.1637E-03  1.0   1.0
 1.500E-01 7.730E-01 6.115E-01  2.6687E-01  3.4694E-03  2.4019E-03  1.0   1.0
 1.180E-01 6.630E-01 6.670E-01  2.5221E-01  3.5310E-03  2.5221E-03  1.0   1.0
 5.220E-01 2.515E+00 3.947E-01  1.3099E-01  1.4409E-03  1.0479E-03  1.0   1.0
 4.850E-01 2.443E+00 4.122E-01  1.4155E-01  1.8401E-03  1.1324E-03  1.0   1.0
 4.080E-01 2.266E+00 4.543E-01  1.8173E-01  2.1807E-03  1.2721E-03  1.0   1.0
 3.550E-01 2.121E+00 4.892E-01  2.1226E-01  2.5472E-03  1.4859E-03  1.0   1.0
 2.980E-01 1.941E+00 5.326E-01  2.3723E-01  2.8467E-03  1.4234E-03  1.0   1.0
 2.430E-01 1.732E+00 5.829E-01  2.6630E-01  3.4619E-03  1.8641E-03  1.0   1.0
 2.030E-01 1.553E+00 6.254E-01  2.6559E-01  3.4526E-03  1.8591E-03  1.0   1.0
 1.780E-01 1.428E+00 6.560E-01  2.7082E-01  3.5207E-03  1.8957E-03  1.0   1.0
 1.570E-01 1.312E+00 6.838E-01  2.6822E-01  3.4869E-03  2.1458E-03  1.0   1.0
 1.020E-01 9.580E-01 7.695E-01  2.6328E-01  4.4758E-03  2.6328E-03  1.0   1.0
 7.420E-01 6.115E+00 4.228E-01  2.9442E-02  8.2438E-04  6.1829E-04  1.0   1.0
 6.730E-01 5.862E+00 4.467E-01  4.4047E-02  1.2333E-03  7.4880E-04  1.0   1.0
 6.100E-01 5.605E+00 4.709E-01  6.4923E-02  1.8179E-03  9.7385E-04  1.0   1.0
 5.550E-01 5.352E+00 4.948E-01  8.9069E-02  1.9595E-03  1.1579E-03  1.0   1.0
 4.840E-01 4.986E+00 5.286E-01  1.2256E-01  1.9610E-03  1.3482E-03  1.0   1.0
 4.020E-01 4.501E+00 5.746E-01  1.7327E-01  2.2526E-03  1.5595E-03  1.0   1.0
 3.440E-01 4.103E+00 6.121E-01  2.0423E-01  2.6550E-03  1.6338E-03  1.0   1.0
 3.020E-01 3.780E+00 6.427E-01  2.2730E-01  2.9549E-03  1.5911E-03  1.0   1.0
 2.680E-01 3.501E+00 6.691E-01  2.4408E-01  3.4171E-03  1.7085E-03  1.0   1.0
 2.410E-01 3.254E+00 6.928E-01  2.5667E-01  4.3634E-03  1.5400E-03  1.0   1.0
 2.120E-01 2.973E+00 7.187E-01  2.6633E-01  3.4622E-03  1.5980E-03  1.0   1.0
 1.900E-01 2.740E+00 7.413E-01  2.7264E-01  4.3622E-03  1.6358E-03  1.0   1.0
 1.720E-01 2.546E+00 7.597E-01  2.6301E-01  5.5233E-03  1.8411E-03  1.0   1.0
 1.560E-01 2.362E+00 7.770E-01  2.7207E-01  5.1693E-03  1.9045E-03  1.0   1.0
 1.410E-01 2.178E+00 7.945E-01  2.4702E-01  7.9046E-03  1.9761E-03  1.0   1.0
 1.290E-01 2.036E+00 8.078E-01  2.6543E-01  6.1049E-03  2.1234E-03  1.0   1.0
 1.130E-01 1.827E+00 8.276E-01  2.6716E-01  7.4804E-03  2.4044E-03  1.0   1.0
 9.100E-02 1.526E+00 8.559E-01  2.5913E-01  9.3287E-03  2.5913E-03  1.0   1.0
 5.860E-01 7.263E+00 5.276E-01  6.9252E-02  1.2465E-03  1.1080E-03  1.0   1.0
 4.280E-01 6.075E+00 6.048E-01  1.5445E-01  2.9346E-03  1.6990E-03  1.0   1.0
 3.210E-01 5.061E+00 6.708E-01  2.1243E-01  4.2486E-03  1.6994E-03  1.0   1.0
 2.360E-01 4.070E+00 7.353E-01  2.5588E-01  3.3264E-03  1.5353E-03  1.0   1.0
 2.010E-01 3.615E+00 7.648E-01  2.6466E-01  5.2932E-03  1.5880E-03  1.0   1.0
 1.790E-01 3.302E+00 7.852E-01  2.7406E-01  5.4812E-03  1.6444E-03  1.0   1.0
 1.570E-01 2.982E+00 8.060E-01  2.7371E-01  6.0215E-03  1.9159E-03  1.0   1.0
 1.430E-01 2.762E+00 8.203E-01  2.7906E-01  6.4184E-03  1.9534E-03  1.0   1.0
 1.300E-01 2.542E+00 8.346E-01  2.7666E-01  7.1931E-03  2.2133E-03  1.0   1.0
 1.160E-01 2.316E+00 8.493E-01  2.7099E-01  7.0458E-03  2.1680E-03  1.0   1.0
 1.060E-01 2.144E+00 8.605E-01  2.7109E-01  1.0573E-02  2.4398E-03  1.0   1.0
 9.600E-02 1.971E+00 8.718E-01  2.5706E-01  9.5112E-03  2.3135E-03  1.0   1.0
 8.000E-02 1.665E+00 8.912E-01  2.5182E-01  7.8064E-03  2.5182E-03  1.0   1.0
 7.710E-01 9.147E+00 4.745E-01  1.6320E-02  7.0177E-04  4.0801E-04  1.0   1.0
 6.640E-01 8.494E+00 5.120E-01  3.9245E-02  1.0596E-03  7.8489E-04  1.0   1.0
 5.410E-01 7.607E+00 5.625E-01  8.9853E-02  1.4376E-03  1.3478E-03  1.0   1.0
 4.720E-01 7.026E+00 5.957E-01  1.2448E-01  1.6183E-03  1.6183E-03  1.0   1.0
 4.010E-01 6.359E+00 6.339E-01  1.6718E-01  2.3405E-03  1.8390E-03  1.0   1.0
 3.370E-01 5.674E+00 6.735E-01  2.0242E-01  2.6314E-03  1.8217E-03  1.0   1.0
 2.900E-01 5.118E+00 7.055E-01  2.2865E-01  2.9725E-03  1.8292E-03  1.0   1.0
 2.570E-01 4.696E+00 7.297E-01  2.4628E-01  3.6941E-03  1.7239E-03  1.0   1.0
 2.330E-01 4.370E+00 7.489E-01  2.5910E-01  4.6638E-03  1.5546E-03  1.0   1.0
 2.040E-01 3.938E+00 7.731E-01  2.6061E-01  4.4303E-03  1.5636E-03  1.0   1.0
 1.770E-01 3.526E+00 7.971E-01  2.7307E-01  4.6423E-03  1.6384E-03  1.0   1.0
 1.610E-01 3.267E+00 8.123E-01  2.7557E-01  7.1647E-03  1.9290E-03  1.0   1.0
 1.460E-01 3.021E+00 8.264E-01  2.8019E-01  7.2850E-03  1.9613E-03  1.0   1.0
 1.210E-01 2.572E+00 8.520E-01  2.6590E-01  5.5838E-03  2.1272E-03  1.0   1.0
 1.080E-01 2.334E+00 8.659E-01  2.6058E-01  9.1203E-03  2.3452E-03  1.0   1.0
 9.800E-02 2.146E+00 8.765E-01  2.7631E-01  7.7366E-03  2.4868E-03  1.0   1.0
 8.800E-02 1.960E+00 8.874E-01  2.7814E-01  1.6688E-02  2.5032E-03  1.0   1.0
 7.890E-01 1.336E+01 5.302E-01  1.0950E-02  2.5184E-04  3.2849E-04  1.0   1.0
 7.010E-01 1.253E+01 5.595E-01  2.5004E-02  5.0008E-04  6.0010E-04  1.0   1.0
 6.210E-01 1.169E+01 5.889E-01  4.6928E-02  8.4470E-04  9.8548E-04  1.0   1.0
 5.500E-01 1.086E+01 6.183E-01  7.7414E-02  1.3160E-03  1.3935E-03  1.0   1.0
 4.690E-01 9.809E+00 6.547E-01  1.1488E-01  1.7232E-03  1.7232E-03  1.0   1.0
 4.160E-01 9.060E+00 6.813E-01  1.5003E-01  2.2505E-03  1.9504E-03  1.0   1.0
 3.570E-01 8.144E+00 7.131E-01  1.8049E-01  2.8878E-03  1.9853E-03  1.0   1.0
 3.090E-01 7.322E+00 7.419E-01  2.1707E-01  3.2561E-03  1.9537E-03  1.0   1.0
 2.730E-01 6.682E+00 7.651E-01  2.4010E-01  4.8020E-03  1.9208E-03  1.0   1.0
 2.510E-01 6.264E+00 7.798E-01  2.5482E-01  5.3513E-03  1.7838E-03  1.0   1.0
 2.240E-01 5.718E+00 7.986E-01  2.5820E-01  4.3894E-03  1.8074E-03  1.0   1.0
 1.960E-01 5.138E+00 8.189E-01  2.6777E-01  4.5522E-03  1.6066E-03  1.0   1.0
 1.710E-01 4.594E+00 8.385E-01  2.7273E-01  6.2727E-03  1.6364E-03  1.0   1.0
 1.530E-01 4.176E+00 8.532E-01  2.6881E-01  7.7956E-03  1.8817E-03  1.0   1.0
 1.340E-01 3.718E+00 8.693E-01  2.7517E-01  8.5301E-03  1.9262E-03  1.0   1.0
 1.180E-01 3.341E+00 8.825E-01  2.8385E-01  1.0219E-02  2.2708E-03  1.0   1.0
 1.050E-01 3.012E+00 8.939E-01  2.6789E-01  8.5726E-03  2.1432E-03  1.0   1.0
 8.600E-02 2.506E+00 9.119E-01  2.4835E-01  2.0116E-02  2.2352E-03  1.0   1.0
 4.640E-01 2.009E+00 5.118E-01  1.5633E-01  2.6577E-03  1.2507E-03  1.0   1.0
 3.880E-01 1.826E+00 5.561E-01  1.9341E-01  3.2880E-03  1.5473E-03  1.0   1.0
 3.240E-01 1.644E+00 6.005E-01  2.2469E-01  4.0443E-03  2.0222E-03  1.0   1.0
 2.680E-01 1.461E+00 6.449E-01  2.4738E-01  4.4529E-03  2.2264E-03  1.0   1.0
 2.190E-01 1.278E+00 6.893E-01  2.5950E-01  3.8925E-03  2.5950E-03  1.0   1.0
 1.770E-01 1.096E+00 7.337E-01  2.6215E-01  4.7188E-03  2.8837E-03  1.0   1.0
 1.390E-01 9.130E-01 7.781E-01  2.5772E-01  5.6699E-03  2.8350E-03  1.0   1.0
 5.860E-01 4.080E+00 5.530E-01  8.4471E-02  1.6894E-03  6.7577E-04  1.0   1.0
 5.030E-01 3.740E+00 5.902E-01  1.1922E-01  2.3843E-03  8.3451E-04  1.0   1.0
 4.150E-01 3.323E+00 6.352E-01  1.6483E-01  2.6372E-03  1.1538E-03  1.0   1.0
 3.660E-01 3.060E+00 6.647E-01  1.9030E-01  3.9963E-03  1.3321E-03  1.0   1.0
 3.190E-01 2.788E+00 6.938E-01  2.1242E-01  3.3988E-03  1.6994E-03  1.0   1.0
 2.840E-01 2.570E+00 7.184E-01  2.3610E-01  4.4858E-03  1.8888E-03  1.0   1.0
 2.560E-01 2.380E+00 7.392E-01  2.4640E-01  4.6817E-03  2.2176E-03  1.0   1.0
 2.330E-01 2.218E+00 7.570E-01  2.5101E-01  5.5221E-03  2.2590E-03  1.0   1.0
 2.090E-01 2.040E+00 7.765E-01  2.5936E-01  5.4467E-03  2.5936E-03  1.0   1.0
 1.880E-01 1.878E+00 7.942E-01  2.6456E-01  6.6140E-03  2.6456E-03  1.0   1.0
 1.560E-01 1.618E+00 8.227E-01  2.5778E-01  1.0311E-02  2.8356E-03  1.0   1.0
 1.270E-01 1.360E+00 8.510E-01  2.7676E-01  1.2731E-02  3.0444E-03  1.0   1.0
 7.110E-01 6.623E+00 5.695E-01  3.1237E-02  8.1217E-04  3.7485E-04  1.0   1.0
 6.320E-01 6.183E+00 5.981E-01  5.4932E-02  1.0986E-03  4.9439E-04  1.0   1.0
 5.600E-01 5.742E+00 6.268E-01  8.3413E-02  1.5848E-03  6.6730E-04  1.0   1.0
 4.940E-01 5.299E+00 6.556E-01  1.1684E-01  2.1032E-03  8.1791E-04  1.0   1.0
 4.340E-01 4.857E+00 6.843E-01  1.5115E-01  2.7206E-03  1.0580E-03  1.0   1.0
 3.670E-01 4.315E+00 7.190E-01  1.9139E-01  2.8709E-03  1.3398E-03  1.0   1.0
 3.320E-01 4.011E+00 7.392E-01  1.9723E-01  4.1417E-03  1.3806E-03  1.0   1.0
 3.060E-01 3.777E+00 7.545E-01  2.1071E-01  5.4784E-03  1.6857E-03  1.0   1.0
 2.810E-01 3.535E+00 7.702E-01  2.0990E-01  5.0376E-03  1.6792E-03  1.0   1.0
 2.590E-01 3.319E+00 7.842E-01  2.5179E-01  6.7983E-03  2.0143E-03  1.0   1.0
 2.370E-01 3.095E+00 7.988E-01  2.5407E-01  6.0976E-03  2.2866E-03  1.0   1.0
 1.960E-01 2.650E+00 8.277E-01  2.7747E-01  9.1567E-03  2.7747E-03  1.0   1.0
 1.580E-01 2.211E+00 8.563E-01  2.7238E-01  1.3074E-02  2.7238E-03  1.0   1.0
 7.810E-01 1.085E+01 6.219E-01  1.3754E-02  4.1261E-04  2.2006E-04  1.0   1.0
 7.140E-01 1.025E+01 6.429E-01  2.4440E-02  7.5764E-04  3.1772E-04  1.0   1.0
 6.510E-01 9.646E+00 6.639E-01  4.2231E-02  1.0558E-03  4.6454E-04  1.0   1.0
 5.910E-01 9.043E+00 6.849E-01  6.3431E-02  1.7127E-03  5.7088E-04  1.0   1.0
 5.350E-01 8.440E+00 7.059E-01  8.6284E-02  1.6394E-03  6.9028E-04  1.0   1.0
 4.830E-01 7.837E+00 7.269E-01  1.1549E-01  2.1943E-03  8.0844E-04  1.0   1.0
 4.330E-01 7.234E+00 7.479E-01  1.4504E-01  2.9008E-03  1.0153E-03  1.0   1.0
 3.860E-01 6.631E+00 7.689E-01  1.7100E-01  3.4200E-03  1.1970E-03  1.0   1.0
 3.420E-01 6.029E+00 7.899E-01  2.0246E-01  3.8468E-03  1.4172E-03  1.0   1.0
 2.900E-01 5.281E+00 8.154E-01  2.1709E-01  4.5589E-03  1.5196E-03  1.0   1.0
 2.600E-01 4.823E+00 8.319E-01  2.4481E-01  7.5893E-03  1.9585E-03  1.0   1.0
 2.100E-01 4.027E+00 8.597E-01  2.6531E-01  1.2469E-02  2.3878E-03  1.0   1.0
 8.720E-01 1.598E+01 6.505E-01  3.5201E-03  2.7809E-04  9.5043E-05  1.0   1.0
 8.090E-01 1.522E+01 6.672E-01  6.7002E-03  5.0251E-04  1.2730E-04  1.0   1.0
 7.500E-01 1.446E+01 6.838E-01  1.4579E-02  5.6858E-04  2.1868E-04  1.0   1.0
 6.940E-01 1.370E+01 7.004E-01  2.5786E-02  7.7357E-04  3.3521E-04  1.0   1.0
 6.400E-01 1.294E+01 7.171E-01  3.9824E-02  9.9561E-04  4.3807E-04  1.0   1.0
 5.890E-01 1.218E+01 7.337E-01  5.9470E-02  1.4868E-03  5.9470E-04  1.0   1.0
 5.400E-01 1.141E+01 7.504E-01  8.1747E-02  2.0437E-03  6.5397E-04  1.0   1.0
 4.930E-01 1.065E+01 7.670E-01  9.9618E-02  1.9924E-03  7.9695E-04  1.0   1.0
 4.480E-01 9.893E+00 7.837E-01  1.2994E-01  2.8586E-03  9.0957E-04  1.0   1.0
 4.050E-01 9.132E+00 8.003E-01  1.5505E-01  3.5661E-03  1.0853E-03  1.0   1.0
 3.640E-01 8.371E+00 8.169E-01  1.8067E-01  4.1554E-03  1.2647E-03  1.0   1.0
 3.140E-01 7.407E+00 8.376E-01  2.0484E-01  3.8920E-03  1.4339E-03  1.0   1.0
 2.860E-01 6.849E+00 8.502E-01  2.1899E-01  6.3507E-03  1.5329E-03  1.0   1.0
 2.490E-01 6.088E+00 8.669E-01  2.4033E-01  7.4502E-03  1.9226E-03  1.0   1.0
 2.140E-01 5.327E+00 8.835E-01  2.6270E-01  7.3556E-03  2.3643E-03  1.0   1.0
 8.540E-01 2.008E+01 6.951E-01  3.8263E-03  2.7167E-04  9.1831E-05  1.0   1.0
 7.990E-01 1.916E+01 7.090E-01  7.6722E-03  4.4499E-04  1.4577E-04  1.0   1.0
 7.460E-01 1.825E+01 7.229E-01  1.4314E-02  5.7255E-04  2.2902E-04  1.0   1.0
 6.690E-01 1.684E+01 7.438E-01  2.7840E-02  6.9599E-04  3.6191E-04  1.0   1.0
 5.990E-01 1.550E+01 7.646E-01  5.0222E-02  1.4062E-03  5.0222E-04  1.0   1.0
 5.540E-01 1.459E+01 7.785E-01  6.7008E-02  1.7422E-03  6.0307E-04  1.0   1.0
 5.100E-01 1.368E+01 7.923E-01  8.8203E-02  2.5579E-03  7.0562E-04  1.0   1.0
 4.680E-01 1.276E+01 8.062E-01  1.1322E-01  2.9437E-03  7.9255E-04  1.0   1.0
 4.280E-01 1.186E+01 8.199E-01  1.3647E-01  3.4117E-03  9.5527E-04  1.0   1.0
 3.890E-01 1.096E+01 8.336E-01  1.5836E-01  3.8006E-03  1.1085E-03  1.0   1.0
 3.490E-01 1.002E+01 8.478E-01  1.7375E-01  4.6912E-03  1.2162E-03  1.0   1.0
 3.130E-01 9.133E+00 8.613E-01  1.9728E-01  6.1156E-03  1.3809E-03  1.0   1.0
 2.780E-01 8.220E+00 8.752E-01  2.2753E-01  7.5085E-03  1.5927E-03  1.0   1.0
 2.430E-01 7.306E+00 8.891E-01  2.3894E-01  1.3619E-02  1.9115E-03  1.0   1.0
 5.470E-01 2.772E+00 6.002E-01  1.1250E-01  2.2499E-03  1.0125E-03  1.0   1.0
 4.530E-01 2.464E+00 6.446E-01  1.5173E-01  3.0346E-03  1.3656E-03  1.0   1.0
 3.700E-01 2.156E+00 6.890E-01  1.9568E-01  5.4791E-03  1.9568E-03  1.0   1.0
 2.980E-01 1.848E+00 7.335E-01  2.2688E-01  4.9913E-03  2.4956E-03  1.0   1.0
 2.340E-01 1.540E+00 7.779E-01  2.5471E-01  6.1130E-03  2.8018E-03  1.0   1.0
 6.700E-01 4.471E+00 6.126E-01  5.0356E-02  1.0575E-03  5.0356E-04  1.0   1.0
 5.560E-01 3.974E+00 6.556E-01  9.3689E-02  1.8738E-03  8.4320E-04  1.0   1.0
 4.570E-01 3.477E+00 6.987E-01  1.4564E-01  2.7672E-03  1.3108E-03  1.0   1.0
 3.690E-01 2.980E+00 7.417E-01  1.8809E-01  3.9498E-03  1.8809E-03  1.0   1.0
 2.900E-01 2.484E+00 7.848E-01  2.2690E-01  4.5380E-03  2.4959E-03  1.0   1.0
 2.200E-01 1.987E+00 8.278E-01  2.4314E-01  1.6533E-02  2.6745E-03  1.0   1.0
 7.680E-01 7.443E+00 6.524E-01  1.8746E-02  7.1234E-04  2.4370E-04  1.0   1.0
 6.660E-01 6.767E+00 6.840E-01  4.5154E-02  1.1740E-03  4.5154E-04  1.0   1.0
 5.730E-01 6.090E+00 7.156E-01  7.5238E-02  1.6552E-03  6.7714E-04  1.0   1.0
 4.880E-01 5.413E+00 7.472E-01  1.1348E-01  2.6101E-03  1.0213E-03  1.0   1.0
 4.100E-01 4.739E+00 7.787E-01  1.5872E-01  4.2855E-03  1.4285E-03  1.0   1.0
 3.320E-01 4.006E+00 8.129E-01  2.1465E-01  6.6542E-03  2.1465E-03  1.0   1.0
 7.810E-01 1.028E+01 7.004E-01  1.4034E-02  1.1087E-03  1.8245E-04  1.0   1.0
 6.910E-01 9.421E+00 7.254E-01  2.8292E-02  1.5561E-03  2.8292E-04  1.0   1.0
 6.070E-01 8.565E+00 7.503E-01  4.9752E-02  1.7911E-03  4.4777E-04  1.0   1.0
 5.290E-01 7.708E+00 7.753E-01  9.2629E-02  2.9641E-03  7.4104E-04  1.0   1.0
 4.560E-01 6.852E+00 8.003E-01  1.2429E-01  3.6044E-03  9.9431E-04  1.0   1.0
 3.870E-01 5.995E+00 8.252E-01  1.6657E-01  4.9971E-03  1.4991E-03  1.0   1.0
 3.220E-01 5.139E+00 8.502E-01  2.1579E-01  5.8262E-03  2.1579E-03  1.0   1.0
 8.000E-01 1.392E+01 7.404E-01  9.0434E-03  9.0434E-04  1.3565E-04  1.0   1.0
 7.190E-01 1.285E+01 7.603E-01  2.1796E-02  1.2642E-03  2.3976E-04  1.0   1.0
 6.420E-01 1.178E+01 7.803E-01  3.9779E-02  1.5912E-03  3.5801E-04  1.0   1.0
 5.690E-01 1.071E+01 8.003E-01  6.4838E-02  2.3342E-03  5.1870E-04  1.0   1.0
 5.000E-01 9.635E+00 8.203E-01  9.9501E-02  2.9850E-03  7.9601E-04  1.0   1.0
 4.340E-01 8.565E+00 8.402E-01  1.3690E-01  4.1071E-03  1.0952E-03  1.0   1.0
 3.710E-01 7.494E+00 8.602E-01  1.6786E-01  5.3716E-03  1.5108E-03  1.0   1.0
 7.560E-01 1.669E+01 7.835E-01  1.3694E-02  1.0682E-03  1.7803E-04  1.0   1.0
 6.830E-01 1.541E+01 8.002E-01  2.7219E-02  1.3065E-03  2.7219E-04  1.0   1.0
 6.140E-01 1.412E+01 8.168E-01  4.9636E-02  1.9358E-03  4.4672E-04  1.0   1.0
 5.470E-01 1.284E+01 8.335E-01  7.1097E-02  2.9861E-03  5.6878E-04  1.0   1.0
 4.820E-01 1.155E+01 8.501E-01  1.0703E-01  4.3882E-03  8.5623E-04  1.0   1.0
 4.210E-01 1.027E+01 8.668E-01  1.3268E-01  7.5626E-03  1.0614E-03  1.0   1.0
 4.270E-01 1.738E+00 1.085E-01  1.8907E-01  3.4033E-03  1.8907E-03  1.0   1.0
 3.760E-01 1.713E+00 1.212E-01  2.1418E-01  3.8552E-03  2.1418E-03  1.0   1.0
 3.280E-01 1.683E+00 1.365E-01  2.3910E-01  4.3039E-03  2.3910E-03  1.0   1.0
 2.790E-01 1.643E+00 1.567E-01  2.6166E-01  4.7100E-03  2.8783E-03  1.0   1.0
 2.360E-01 1.598E+00 1.801E-01  2.8282E-01  5.0907E-03  3.1110E-03  1.0   1.0
 1.740E-01 1.500E+00 2.290E-01  3.0171E-01  5.4308E-03  3.3188E-03  1.0   1.0
 1.240E-01 1.376E+00 2.945E-01  3.1042E-01  5.8979E-03  3.1042E-03  1.0   1.0
 1.020E-01 1.292E+00 3.372E-01  3.0836E-01  5.8588E-03  3.0836E-03  1.0   1.0
 8.400E-02 1.203E+00 3.831E-01  3.0835E-01  5.8587E-03  3.0835E-03  1.0   1.0
 6.800E-02 1.107E+00 4.321E-01  2.9654E-01  5.6342E-03  2.9654E-03  1.0   1.0
 3.730E-01 1.404E+00 1.113E-01  2.2117E-01  4.2022E-03  2.2117E-03  1.0   1.0
 3.220E-01 1.379E+00 1.268E-01  2.4668E-01  4.4402E-03  2.4668E-03  1.0   1.0
 2.730E-01 1.348E+00 1.463E-01  2.6782E-01  4.8207E-03  2.9460E-03  1.0   1.0
 2.210E-01 1.303E+00 1.746E-01  2.8536E-01  5.1365E-03  3.1389E-03  1.0   1.0
 1.720E-01 1.240E+00 2.130E-01  2.9985E-01  5.3973E-03  3.2983E-03  1.0   1.0
 1.240E-01 1.147E+00 2.742E-01  3.0357E-01  5.7678E-03  3.0357E-03  1.0   1.0
 1.000E-01 1.077E+00 3.184E-01  2.9890E-01  5.3801E-03  2.9890E-03  1.0   1.0
 8.100E-02 1.002E+00 3.661E-01  2.9426E-01  5.2966E-03  2.9426E-03  1.0   1.0
 6.500E-02 9.210E-01 4.173E-01  2.8614E-01  5.1504E-03  2.8614E-03  1.0   1.0
 3.160E-01 1.102E+00 1.161E-01  2.4820E-01  4.7157E-03  2.7302E-03  1.0   1.0
 2.660E-01 1.078E+00 1.351E-01  2.6894E-01  5.1099E-03  3.2273E-03  1.0   1.0
 2.170E-01 1.046E+00 1.603E-01  2.8234E-01  5.0822E-03  3.3881E-03  1.0   1.0
 1.670E-01 9.970E-01 1.994E-01  2.9467E-01  5.3041E-03  3.2414E-03  1.0   1.0
 1.240E-01 9.340E-01 2.505E-01  3.0003E-01  5.7006E-03  3.3004E-03  1.0   1.0
 9.700E-02 8.740E-01 2.995E-01  2.8678E-01  5.7356E-03  3.1546E-03  1.0   1.0
 7.700E-02 8.110E-01 3.495E-01  2.8600E-01  5.4341E-03  3.1460E-03  1.0   1.0
 2.280E-01 7.160E-01 1.285E-01  2.7389E-01  5.2040E-03  3.5606E-03  1.0   1.0
 1.810E-01 6.920E-01 1.571E-01  2.8283E-01  5.3738E-03  3.6768E-03  1.0   1.0
 1.360E-01 6.580E-01 1.984E-01  2.7776E-01  5.2774E-03  3.3331E-03  1.0   1.0
 1.020E-01 6.170E-01 2.479E-01  2.6999E-01  5.1297E-03  3.5098E-03  1.0   1.0
 8.000E-02 5.790E-01 2.957E-01  2.5992E-01  4.6785E-03  3.3789E-03  1.0   1.0
 7.470E-01 1.177E+01 4.664E-01  1.7698E-02  5.8402E-04  3.3625E-04  1.0   1.0
 7.020E-01 1.143E+01 4.817E-01  2.5918E-02  4.9244E-04  4.4061E-04  1.0   1.0
 6.490E-01 1.099E+01 5.016E-01  4.1331E-02  6.1996E-04  6.1996E-04  1.0   1.0
 6.030E-01 1.059E+01 5.197E-01  5.5008E-02  7.1511E-04  7.7012E-04  1.0   1.0
 5.510E-01 1.010E+01 5.420E-01  7.6705E-02  1.2273E-03  9.9717E-04  1.0   1.0
 4.980E-01 9.542E+00 5.670E-01  1.0279E-01  1.7474E-03  1.3363E-03  1.0   1.0
 4.490E-01 8.984E+00 5.923E-01  1.3164E-01  2.2379E-03  1.5797E-03  1.0   1.0
 4.060E-01 8.457E+00 6.162E-01  1.5280E-01  2.5977E-03  1.8336E-03  1.0   1.0
 3.680E-01 7.942E+00 6.396E-01  1.7960E-01  3.0532E-03  2.1552E-03  1.0   1.0
 3.350E-01 7.469E+00 6.610E-01  2.0279E-01  2.8390E-03  2.4335E-03  1.0   1.0
 3.130E-01 7.144E+00 6.760E-01  2.0965E-01  4.8219E-03  2.5158E-03  1.0   1.0
 7.850E-01 9.047E+00 4.095E-01  1.4589E-02  3.0638E-04  3.3556E-04  1.0   1.0
 7.360E-01 8.807E+00 4.252E-01  2.2365E-02  4.0256E-04  4.2493E-04  1.0   1.0
 6.820E-01 8.520E+00 4.437E-01  3.4500E-02  6.2101E-04  5.5201E-04  1.0   1.0
 6.290E-01 8.214E+00 4.637E-01  5.1179E-02  1.0236E-03  7.6769E-04  1.0   1.0
 5.770E-01 7.884E+00 4.853E-01  7.1868E-02  1.3655E-03  1.0062E-03  1.0   1.0
 5.250E-01 7.521E+00 5.089E-01  9.5499E-02  1.7190E-03  1.2415E-03  1.0   1.0
 4.740E-01 7.128E+00 5.345E-01  1.2222E-01  1.7111E-03  1.4667E-03  1.0   1.0
 4.300E-01 6.761E+00 5.583E-01  1.4703E-01  1.9114E-03  1.7643E-03  1.0   1.0
 3.820E-01 6.317E+00 5.874E-01  1.7642E-01  2.4699E-03  2.1171E-03  1.0   1.0
 3.520E-01 6.018E+00 6.071E-01  1.8793E-01  3.9465E-03  2.2551E-03  1.0   1.0
 7.290E-01 6.553E+00 3.835E-01  2.8550E-02  5.9955E-04  5.4245E-04  1.0   1.0
 6.790E-01 6.374E+00 4.003E-01  4.0719E-02  7.3294E-04  6.5150E-04  1.0   1.0
 6.250E-01 6.160E+00 4.203E-01  5.8966E-02  1.0614E-03  8.2552E-04  1.0   1.0
 5.680E-01 5.911E+00 4.437E-01  8.0317E-02  1.5260E-03  1.0441E-03  1.0   1.0
 5.130E-01 5.640E+00 4.691E-01  1.0887E-01  1.9597E-03  1.4154E-03  1.0   1.0
 4.590E-01 5.348E+00 4.965E-01  1.3632E-01  2.4537E-03  1.6358E-03  1.0   1.0
 4.160E-01 5.084E+00 5.214E-01  1.5971E-01  3.1942E-03  1.9165E-03  1.0   1.0
 3.840E-01 4.877E+00 5.412E-01  1.7954E-01  1.7954E-02  2.1544E-03  1.0   1.0
 6.450E-01 4.355E+00 3.599E-01  6.1188E-02  8.5663E-04  9.1782E-04  1.0   1.0
 5.960E-01 4.229E+00 3.784E-01  7.9062E-02  1.0278E-03  1.0278E-03  1.0   1.0
 5.430E-01 4.080E+00 4.002E-01  9.9156E-02  1.1899E-03  1.2890E-03  1.0   1.0
 5.060E-01 3.963E+00 4.175E-01  1.1868E-01  2.7297E-03  1.4242E-03  1.0   1.0
 8.690E-01 1.865E+01 5.719E-01  3.0578E-03  8.5617E-05  9.4790E-05  1.0   1.0
 8.240E-01 1.809E+01 5.847E-01  5.6687E-03  1.2471E-04  1.3038E-04  1.0   1.0
 7.700E-01 1.737E+01 6.011E-01  1.1161E-02  2.3438E-04  2.1206E-04  1.0   1.0
 7.200E-01 1.667E+01 6.172E-01  1.9048E-02  3.8097E-04  3.0477E-04  1.0   1.0
 6.680E-01 1.591E+01 6.346E-01  2.9671E-02  5.6375E-04  4.4506E-04  1.0   1.0
 6.160E-01 1.511E+01 6.531E-01  4.4443E-02  7.9998E-04  6.2220E-04  1.0   1.0
 5.640E-01 1.424E+01 6.728E-01  6.5064E-02  1.1712E-03  8.4584E-04  1.0   1.0
 5.160E-01 1.340E+01 6.920E-01  8.5695E-02  1.5425E-03  1.1140E-03  1.0   1.0
 4.710E-01 1.257E+01 7.111E-01  1.1170E-01  2.0106E-03  1.3404E-03  1.0   1.0
 4.360E-01 1.189E+01 7.268E-01  1.3031E-01  2.8668E-03  1.5637E-03  1.0   1.0
 4.120E-01 1.141E+01 7.381E-01  1.3086E-01  1.1777E-02  1.5703E-03  1.0   1.0
 8.550E-01 1.591E+01 5.500E-01  4.4519E-03  1.1575E-04  1.2465E-04  1.0   1.0
 8.080E-01 1.541E+01 5.640E-01  7.6777E-03  1.6891E-04  1.6891E-04  1.0   1.0
 7.530E-01 1.480E+01 5.813E-01  1.4147E-02  2.9708E-04  2.5464E-04  1.0   1.0
 7.010E-01 1.419E+01 5.985E-01  2.3406E-02  4.4471E-04  3.7450E-04  1.0   1.0
 6.500E-01 1.355E+01 6.166E-01  3.7229E-02  6.7012E-04  5.2121E-04  1.0   1.0
 5.990E-01 1.288E+01 6.356E-01  5.4434E-02  9.7981E-04  7.0764E-04  1.0   1.0
 5.460E-01 1.213E+01 6.567E-01  7.6217E-02  1.2957E-03  9.9083E-04  1.0   1.0
 4.920E-01 1.130E+01 6.800E-01  1.0376E-01  1.5564E-03  1.2452E-03  1.0   1.0
 4.560E-01 1.074E+01 6.960E-01  1.2156E-01  1.3371E-03  1.4587E-03  1.0   1.0
 4.320E-01 1.034E+01 7.076E-01  1.2798E-01  3.9674E-03  1.5358E-03  1.0   1.0
 8.200E-01 1.189E+01 5.151E-01  8.0160E-03  2.3246E-04  1.9238E-04  1.0   1.0
 7.740E-01 1.154E+01 5.293E-01  1.3156E-02  2.7627E-04  2.4996E-04  1.0   1.0
 7.230E-01 1.112E+01 5.462E-01  2.1036E-02  4.4176E-04  3.5762E-04  1.0   1.0
 6.690E-01 1.065E+01 5.654E-01  3.4418E-02  6.5395E-04  5.1628E-04  1.0   1.0
 6.170E-01 1.016E+01 5.852E-01  5.0363E-02  1.0073E-03  7.0509E-04  1.0   1.0
 5.660E-01 9.651E+00 6.061E-01  7.1387E-02  1.2850E-03  9.2803E-04  1.0   1.0
 5.140E-01 9.101E+00 6.285E-01  9.3372E-02  1.6807E-03  1.2138E-03  1.0   1.0
 4.790E-01 8.703E+00 6.450E-01  1.1361E-01  4.8851E-03  1.3633E-03  1.0   1.0
 7.790E-01 8.810E+00 4.821E-01  1.5782E-02  3.3142E-04  3.1564E-04  1.0   1.0
 7.270E-01 8.515E+00 4.993E-01  2.4786E-02  4.9573E-04  4.2137E-04  1.0   1.0
 6.710E-01 8.175E+00 5.193E-01  3.8414E-02  6.5304E-04  5.7621E-04  1.0   1.0
 6.210E-01 7.845E+00 5.386E-01  5.4109E-02  8.1164E-04  7.5753E-04  1.0   1.0
 5.730E-01 7.503E+00 5.588E-01  7.4400E-02  1.4136E-03  9.6720E-04  1.0   1.0
 5.360E-01 7.229E+00 5.751E-01  9.1026E-02  5.0975E-03  1.1833E-03  1.0   1.0
 8.770E-01 2.043E+01 6.889E-01  2.5252E-03  7.8283E-05  7.0707E-05  1.0   1.0
 8.330E-01 1.970E+01 6.998E-01  4.9579E-03  1.1899E-04  1.0412E-04  1.0   1.0
 7.800E-01 1.881E+01 7.134E-01  9.8523E-03  2.2660E-04  1.7734E-04  1.0   1.0
 7.310E-01 1.795E+01 7.265E-01  1.6050E-02  3.8521E-04  2.5681E-04  1.0   1.0
 6.750E-01 1.693E+01 7.418E-01  2.7679E-02  5.8126E-04  3.8751E-04  1.0   1.0
 6.170E-01 1.583E+01 7.585E-01  4.3168E-02  8.6335E-04  5.6118E-04  1.0   1.0
 5.660E-01 1.481E+01 7.742E-01  6.3363E-02  1.3940E-03  8.2371E-04  1.0   1.0
 5.220E-01 1.391E+01 7.878E-01  8.0654E-02  1.7744E-03  1.0485E-03  1.0   1.0
 4.800E-01 1.302E+01 8.014E-01  1.0822E-01  2.4890E-03  1.2986E-03  1.0   1.0
 4.600E-01 1.258E+01 8.085E-01  1.0562E-01  4.7527E-03  1.2674E-03  1.0   1.0
 8.510E-01 1.570E+01 6.552E-01  4.6251E-03  1.2025E-04  1.1100E-04  1.0   1.0
 8.030E-01 1.511E+01 6.682E-01  8.2747E-03  1.6549E-04  1.5722E-04  1.0   1.0
 7.520E-01 1.446E+01 6.824E-01  1.4135E-02  2.6856E-04  2.4029E-04  1.0   1.0
 6.960E-01 1.370E+01 6.991E-01  2.4267E-02  5.3387E-04  3.6400E-04  1.0   1.0
 6.410E-01 1.293E+01 7.161E-01  3.9235E-02  7.4547E-04  5.4930E-04  1.0   1.0
 5.870E-01 1.213E+01 7.336E-01  5.8778E-02  1.0580E-03  7.6411E-04  1.0   1.0
 5.380E-01 1.137E+01 7.503E-01  7.7990E-02  1.5598E-03  1.0139E-03  1.0   1.0
 4.920E-01 1.062E+01 7.668E-01  1.0373E-01  2.3858E-03  1.2448E-03  1.0   1.0
 8.110E-01 1.108E+01 6.122E-01  8.8928E-03  2.3121E-04  1.7786E-04  1.0   1.0
 7.700E-01 1.072E+01 6.247E-01  1.4038E-02  3.7903E-04  2.3865E-04  1.0   1.0
 7.120E-01 1.021E+01 6.426E-01  2.6256E-02  5.7763E-04  3.9384E-04  1.0   1.0
 6.490E-01 9.608E+00 6.636E-01  4.0476E-02  8.0952E-04  5.6666E-04  1.0   1.0
 5.900E-01 9.007E+00 6.846E-01  6.4417E-02  1.2239E-03  8.3742E-04  1.0   1.0
 5.340E-01 8.404E+00 7.057E-01  8.4623E-02  1.7771E-03  1.1001E-03  1.0   1.0
 7.350E-01 6.725E+00 5.606E-01  2.6410E-02  4.4897E-04  4.2256E-04  1.0   1.0
 6.860E-01 6.470E+00 5.772E-01  3.7590E-02  7.5181E-04  5.2627E-04  1.0   1.0
 6.360E-01 6.187E+00 5.957E-01  5.2321E-02  1.0987E-03  6.8017E-04  1.0   1.0
 5.990E-01 5.970E+00 6.101E-01  6.5561E-02  6.0971E-03  8.5229E-04  1.0   1.0
 8.310E-01 1.795E+01 7.667E-01  5.0587E-03  2.2258E-04  1.0117E-04  1.0   1.0
 7.560E-01 1.667E+01 7.834E-01  1.2232E-02  3.6696E-04  1.9571E-04  1.0   1.0
 6.830E-01 1.538E+01 8.001E-01  2.6545E-02  6.6363E-04  3.7163E-04  1.0   1.0
 6.130E-01 1.410E+01 8.167E-01  4.7973E-02  1.1993E-03  6.2365E-04  1.0   1.0
 5.460E-01 1.282E+01 8.334E-01  7.2825E-02  1.9663E-03  9.4672E-04  1.0   1.0
 8.000E-01 1.388E+01 7.400E-01  8.9057E-03  2.4936E-04  1.6030E-04  1.0   1.0
 7.190E-01 1.281E+01 7.600E-01  2.0716E-02  5.1789E-04  3.1073E-04  1.0   1.0
 6.420E-01 1.175E+01 7.800E-01  3.9646E-02  9.5151E-04  5.5505E-04  1.0   1.0
 5.690E-01 1.068E+01 8.000E-01  6.7875E-02  1.6290E-03  8.8238E-04  1.0   1.0
 7.810E-01 1.025E+01 7.000E-01  1.3335E-02  3.6006E-04  2.2670E-04  1.0   1.0
 6.910E-01 9.398E+00 7.250E-01  3.0373E-02  6.9859E-04  4.2523E-04  1.0   1.0
 6.070E-01 8.543E+00 7.500E-01  5.6799E-02  1.4200E-03  7.3839E-04  1.0   1.0
 5.290E-01 7.689E+00 7.750E-01  8.6978E-02  2.5223E-03  1.0437E-03  1.0   1.0
 8.960E-01 3.020E+01 9.205E-01  1.2169E-03  6.5714E-05  4.9894E-05  1.0   1.0
 8.450E-01 2.861E+01 9.246E-01  2.9316E-03  1.0554E-04  1.1433E-04  1.0   1.0
 7.860E-01 2.673E+01 9.295E-01  7.1686E-03  2.1506E-04  2.8674E-04  1.0   1.0
 7.260E-01 2.484E+01 9.345E-01  1.4655E-02  4.9825E-04  6.4480E-04  1.0   1.0
 6.680E-01 2.297E+01 9.393E-01  2.7595E-02  8.2785E-04  1.3522E-03  1.0   1.0
 6.200E-01 2.140E+01 9.436E-01  4.2501E-02  1.5300E-03  2.4226E-03  1.0   1.0
 5.840E-01 2.025E+01 9.467E-01  4.9031E-02  3.7263E-03  3.1870E-03  1.0   1.0
 8.840E-01 2.404E+01 9.060E-01  1.8172E-03  7.8140E-05  7.4505E-05  1.0   1.0
 8.380E-01 2.292E+01 9.104E-01  3.6849E-03  1.4371E-04  1.4740E-04  1.0   1.0
 7.840E-01 2.156E+01 9.156E-01  7.7538E-03  2.7914E-04  3.1790E-04  1.0   1.0
 7.260E-01 2.009E+01 9.213E-01  1.5991E-02  4.7972E-04  7.1959E-04  1.0   1.0
 6.740E-01 1.876E+01 9.266E-01  2.6193E-02  8.1198E-04  1.3097E-03  1.0   1.0
 6.340E-01 1.771E+01 9.307E-01  3.6392E-02  1.2737E-03  2.0379E-03  1.0   1.0
 5.950E-01 1.671E+01 9.348E-01  4.6034E-02  5.1097E-03  2.9461E-03  1.0   1.0
 8.740E-01 1.939E+01 8.901E-01  2.4159E-03  1.0872E-04  8.6974E-05  1.0   1.0
 8.260E-01 1.845E+01 8.954E-01  5.3508E-03  1.8728E-04  1.7658E-04  1.0   1.0
 7.750E-01 1.741E+01 9.012E-01  9.4182E-03  3.2964E-04  3.0138E-04  1.0   1.0
 7.230E-01 1.635E+01 9.072E-01  1.7870E-02  6.4332E-04  5.7184E-04  1.0   1.0
 6.720E-01 1.530E+01 9.132E-01  2.8562E-02  9.9967E-04  9.7111E-04  1.0   1.0
 6.290E-01 1.440E+01 9.183E-01  4.1628E-02  1.6651E-03  1.4986E-03  1.0   1.0
 5.870E-01 1.352E+01 9.233E-01  5.8233E-02  3.9598E-03  2.4458E-03  1.0   1.0
 5.520E-01 1.278E+01 9.275E-01  7.3478E-02  9.9930E-03  3.7474E-03  1.0   1.0
 8.430E-01 1.428E+01 8.679E-01  5.1772E-03  2.5886E-04  1.7085E-04  1.0   1.0
 7.920E-01 1.353E+01 8.747E-01  9.6581E-03  3.5735E-04  3.0906E-04  1.0   1.0
 7.360E-01 1.268E+01 8.825E-01  1.7469E-02  6.4635E-04  5.4154E-04  1.0   1.0
 6.820E-01 1.185E+01 8.902E-01  2.7194E-02  9.5180E-04  8.4302E-04  1.0   1.0
 6.340E-01 1.110E+01 8.972E-01  4.2081E-02  1.4729E-03  1.3466E-03  1.0   1.0
 5.910E-01 1.041E+01 9.035E-01  5.6328E-02  2.1968E-03  1.9152E-03  1.0   1.0
 5.450E-01 9.688E+00 9.102E-01  7.7765E-02  3.5772E-03  3.0328E-03  1.0   1.0
 5.090E-01 9.093E+00 9.159E-01  1.0502E-01  1.0187E-02  5.2510E-03  1.0   1.0
 7.600E-01 7.598E+00 8.200E-01  1.9092E-02  4.7730E-04  5.9185E-04  1.0   1.0
 7.040E-01 7.136E+00 8.309E-01  2.9847E-02  7.1633E-04  9.2525E-04  1.0   1.0
 6.560E-01 6.722E+00 8.408E-01  4.2895E-02  9.4368E-04  1.3297E-03  1.0   1.0
 6.110E-01 6.335E+00 8.498E-01  6.0669E-02  1.5774E-03  1.8807E-03  1.0   1.0
 5.660E-01 5.930E+00 8.594E-01  8.0806E-02  2.7474E-03  2.5858E-03  1.0   1.0
 5.360E-01 5.660E+00 8.660E-01  1.0532E-01  9.3732E-03  3.5808E-03  1.0   1.0
 7.090E-01 2.368E+01 9.127E-01  1.5948E-02  1.0526E-03  5.4224E-04  1.0   1.0
 6.580E-01 2.211E+01 9.183E-01  2.7744E-02  9.1554E-04  9.4329E-04  1.0   1.0
 6.100E-01 2.063E+01 9.239E-01  4.5316E-02  1.4954E-03  1.6314E-03  1.0   1.0
 5.670E-01 1.929E+01 9.288E-01  6.0662E-02  2.0625E-03  2.3052E-03  1.0   1.0
 5.230E-01 1.789E+01 9.339E-01  8.1137E-02  3.0021E-03  3.4078E-03  1.0   1.0
 4.770E-01 1.639E+01 9.393E-01  1.1287E-01  5.1921E-03  5.5308E-03  1.0   1.0
 4.350E-01 1.502E+01 9.445E-01  1.3473E-01  9.5661E-03  7.9493E-03  1.0   1.0
 7.270E-01 1.951E+01 8.932E-01  1.7007E-02  1.3266E-03  5.7824E-04  1.0   1.0
 6.760E-01 1.826E+01 8.998E-01  2.5081E-02  1.1286E-03  8.5275E-04  1.0   1.0
 6.200E-01 1.689E+01 9.075E-01  4.1026E-02  2.0923E-03  1.4769E-03  1.0   1.0
 5.740E-01 1.574E+01 9.138E-01  5.5955E-02  2.7977E-03  2.1822E-03  1.0   1.0
 5.260E-01 1.452E+01 9.203E-01  8.4158E-02  4.7128E-03  3.6188E-03  1.0   1.0
 4.690E-01 1.307E+01 9.281E-01  9.8172E-02  5.3013E-03  5.1049E-03  1.0   1.0
 4.320E-01 1.210E+01 9.338E-01  1.4077E-01  8.0238E-03  8.7276E-03  1.0   1.0
 4.050E-01 1.139E+01 9.377E-01  1.6441E-01  1.0358E-02  1.1837E-02  1.0   1.0
 3.770E-01 1.066E+01 9.417E-01  1.3045E-01  3.3786E-02  1.1088E-02  1.0   1.0
 7.380E-01 1.635E+01 8.742E-01  1.5642E-02  1.4859E-03  5.0053E-04  1.0   1.0
 6.940E-01 1.549E+01 8.809E-01  2.1467E-02  1.3739E-03  6.6546E-04  1.0   1.0
 6.470E-01 1.456E+01 8.879E-01  3.6512E-02  1.9352E-03  1.1319E-03  1.0   1.0
 5.960E-01 1.353E+01 8.958E-01  4.7260E-02  3.4027E-03  1.4651E-03  1.0   1.0
 5.480E-01 1.254E+01 9.035E-01  6.9680E-02  5.2957E-03  2.1601E-03  1.0   1.0
 5.030E-01 1.161E+01 9.106E-01  9.2777E-02  5.6594E-03  2.9689E-03  1.0   1.0
 4.640E-01 1.078E+01 9.169E-01  1.1482E-01  5.5112E-03  3.9038E-03  1.0   1.0
 4.290E-01 1.003E+01 9.228E-01  1.3199E-01  7.5233E-03  5.1475E-03  1.0   1.0
 4.030E-01 9.464E+00 9.272E-01  1.3580E-01  1.2629E-02  6.3826E-03  1.0   1.0
 7.270E-01 7.504E+00 7.854E-01  2.1418E-02  1.9062E-03  6.6395E-04  1.0   1.0
 6.810E-01 7.119E+00 7.964E-01  3.7361E-02  1.9428E-03  1.1582E-03  1.0   1.0
 6.240E-01 6.640E+00 8.100E-01  5.4796E-02  2.6850E-03  1.6439E-03  1.0   1.0
 5.690E-01 6.155E+00 8.239E-01  7.2139E-02  3.1020E-03  2.1642E-03  1.0   1.0
 5.240E-01 5.747E+00 8.357E-01  9.4776E-02  4.4545E-03  2.8433E-03  1.0   1.0
 4.830E-01 5.366E+00 8.464E-01  1.2021E-01  5.2892E-03  3.6063E-03  1.0   1.0
 4.440E-01 4.997E+00 8.570E-01  1.3390E-01  5.8918E-03  4.1510E-03  1.0   1.0
 4.010E-01 4.575E+00 8.690E-01  1.6349E-01  5.7221E-03  5.2316E-03  1.0   1.0
 3.610E-01 4.176E+00 8.803E-01  1.8127E-01  5.8005E-03  6.5256E-03  1.0   1.0
 3.300E-01 3.861E+00 8.897E-01  1.7198E-01  1.0835E-02  7.7390E-03  1.0   1.0
 4.180E-01 1.680E+00 1.585E-01  1.9771E-01  2.9657E-03  1.7794E-03  1.0   1.0
 3.650E-01 1.642E+00 1.774E-01  2.1958E-01  4.1720E-03  1.9762E-03  1.0   1.0
 3.240E-01 1.606E+00 1.954E-01  2.5434E-01  5.0868E-03  2.2891E-03  1.0   1.0
 2.130E-01 1.457E+00 2.702E-01  2.9404E-01  5.5867E-03  2.6463E-03  1.0   1.0
 1.340E-01 1.256E+00 3.708E-01  3.0513E-01  5.7975E-03  3.6616E-03  1.0   1.0
 8.200E-02 1.019E+00 4.896E-01  2.9459E-01  5.3026E-03  3.5350E-03  1.0   1.0
 6.300E-02 8.870E-01 5.558E-01  2.7850E-01  4.7345E-03  3.3420E-03  1.0   1.0
 5.180E-01 2.376E+00 1.529E-01  1.3741E-01  4.1224E-03  1.6490E-03  1.0   1.0
 4.470E-01 2.320E+00 1.727E-01  1.6571E-01  3.6456E-03  1.6571E-03  1.0   1.0
 4.040E-01 2.278E+00 1.876E-01  2.0105E-01  3.8199E-03  2.0105E-03  1.0   1.0
 3.440E-01 2.206E+00 2.134E-01  2.2783E-01  3.6453E-03  2.2783E-03  1.0   1.0
 2.810E-01 2.105E+00 2.496E-01  2.6511E-01  4.5069E-03  2.3860E-03  1.0   1.0
 2.290E-01 1.993E+00 2.896E-01  2.8377E-01  4.8240E-03  2.5539E-03  1.0   1.0
 1.870E-01 1.869E+00 3.335E-01  2.9953E-01  5.0920E-03  2.6958E-03  1.0   1.0
 1.520E-01 1.736E+00 3.810E-01  3.0620E-01  5.2054E-03  2.4496E-03  1.0   1.0
 1.230E-01 1.592E+00 4.324E-01  3.1044E-01  4.9670E-03  2.4835E-03  1.0   1.0
 7.800E-02 1.272E+00 5.465E-01  3.0375E-01  4.8601E-03  7.8976E-03  1.0   1.0
 5.990E-01 3.500E+00 1.597E-01  8.3488E-02  1.9202E-03  1.5863E-03  1.0   1.0
 5.480E-01 3.449E+00 1.720E-01  1.0694E-01  2.1389E-03  1.7111E-03  1.0   1.0
 4.940E-01 3.385E+00 1.873E-01  1.3426E-01  2.4167E-03  1.8797E-03  1.0   1.0
 4.400E-01 3.310E+00 2.054E-01  1.6164E-01  2.5862E-03  1.9396E-03  1.0   1.0
 3.720E-01 3.189E+00 2.346E-01  2.0655E-01  3.3048E-03  2.4786E-03  1.0   1.0
 3.130E-01 3.055E+00 2.667E-01  2.3681E-01  3.7889E-03  2.6049E-03  1.0   1.0
 2.400E-01 2.819E+00 3.214E-01  2.7268E-01  4.3629E-03  2.7268E-03  1.0   1.0
 1.850E-01 2.576E+00 3.816E-01  2.9690E-01  4.7504E-03  2.6721E-03  1.0   1.0
 1.530E-01 2.391E+00 4.261E-01  3.0683E-01  5.2161E-03  2.7614E-03  1.0   1.0
 1.270E-01 2.193E+00 4.735E-01  3.0696E-01  6.1393E-03  2.4557E-03  1.0   1.0
 1.030E-01 1.983E+00 5.241E-01  3.0205E-01  4.8329E-03  2.1144E-03  1.0   1.0
 8.300E-02 1.759E+00 5.777E-01  3.0008E-01  5.1014E-03  7.8021E-03  1.0   1.0
 6.600E-02 1.523E+00 6.345E-01  3.0192E-01  7.2461E-03  7.8500E-03  1.0   1.0
 7.440E-01 7.309E+00 3.936E-01  2.3238E-02  5.1123E-04  4.4152E-04  1.0   1.0
 7.020E-01 7.140E+00 4.076E-01  3.2770E-02  5.5709E-04  5.5709E-04  1.0   1.0
 6.580E-01 6.951E+00 4.234E-01  4.5745E-02  6.8618E-04  6.8618E-04  1.0   1.0
 6.160E-01 6.757E+00 4.395E-01  5.9540E-02  8.9311E-04  8.3357E-04  1.0   1.0
 5.360E-01 6.341E+00 4.740E-01  9.3121E-02  1.3037E-03  1.1175E-03  1.0   1.0
 4.260E-01 5.648E+00 5.315E-01  1.5242E-01  2.1339E-03  1.8291E-03  1.0   1.0
 3.530E-01 5.090E+00 5.777E-01  2.0049E-01  2.8068E-03  2.4058E-03  1.0   1.0
 2.630E-01 4.252E+00 6.473E-01  2.4850E-01  3.9760E-03  1.9880E-03  1.0   1.0
 1.740E-01 3.198E+00 7.347E-01  2.9387E-01  5.5835E-03  2.3510E-03  1.0   1.0
 8.010E-01 1.011E+01 4.203E-01  1.1485E-02  2.8713E-04  2.6416E-04  1.0   1.0
 7.580E-01 9.877E+00 4.337E-01  1.7568E-02  3.5136E-04  3.1622E-04  1.0   1.0
 6.920E-01 9.482E+00 4.564E-01  3.1191E-02  5.6144E-04  4.9906E-04  1.0   1.0
 6.070E-01 8.912E+00 4.892E-01  5.7234E-02  9.1575E-04  8.0128E-04  1.0   1.0
 5.290E-01 8.314E+00 5.234E-01  9.0216E-02  1.3532E-03  1.0826E-03  1.0   1.0
 4.210E-01 7.332E+00 5.797E-01  1.5104E-01  2.2657E-03  1.8125E-03  1.0   1.0
 3.500E-01 6.558E+00 6.241E-01  1.9579E-01  3.1327E-03  2.3495E-03  1.0   1.0
 2.620E-01 5.416E+00 6.896E-01  2.5033E-01  3.7549E-03  1.7523E-03  1.0   1.0
 1.740E-01 4.018E+00 7.697E-01  2.8347E-01  5.6694E-03  3.1182E-03  1.0   1.0
 8.200E-01 1.391E+01 4.633E-01  7.0749E-03  2.1225E-04  1.7687E-04  1.0   1.0
 7.870E-01 1.364E+01 4.736E-01  1.0479E-02  2.6198E-04  2.0958E-04  1.0   1.0
 7.490E-01 1.332E+01 4.861E-01  1.6024E-02  3.2047E-04  2.7240E-04  1.0   1.0
 6.750E-01 1.264E+01 5.121E-01  3.1752E-02  5.3979E-04  4.1278E-04  1.0   1.0
 5.960E-01 1.184E+01 5.429E-01  5.4531E-02  8.7250E-04  7.0891E-04  1.0   1.0
 5.210E-01 1.098E+01 5.764E-01  8.9324E-02  1.4292E-03  1.0719E-03  1.0   1.0
 4.150E-01 9.576E+00 6.305E-01  1.4958E-01  2.2437E-03  1.7950E-03  1.0   1.0
 5.170E-01 2.496E+00 3.962E-01  1.2890E-01  1.6758E-03  1.1601E-03  1.0   1.0
 4.850E-01 2.434E+00 4.114E-01  1.4409E-01  2.1613E-03  1.2968E-03  1.0   1.0
 4.220E-01 2.292E+00 4.457E-01  1.7833E-01  2.6750E-03  1.6050E-03  1.0   1.0
 3.260E-01 2.028E+00 5.097E-01  2.2532E-01  3.3798E-03  2.0279E-03  1.0   1.0
 2.430E-01 1.727E+00 5.825E-01  2.5860E-01  3.8790E-03  2.3274E-03  1.0   1.0
 1.730E-01 1.395E+00 6.626E-01  2.6368E-01  4.2188E-03  2.3731E-03  1.0   1.0
 7.180E-01 6.030E+00 4.303E-01  3.1646E-02  6.9622E-04  5.0634E-04  1.0   1.0
 6.560E-01 5.791E+00 4.527E-01  4.9799E-02  1.5438E-03  6.9718E-04  1.0   1.0
 6.150E-01 5.623E+00 4.688E-01  6.5107E-02  1.7579E-03  8.4640E-04  1.0   1.0
 5.440E-01 5.303E+00 4.991E-01  9.2370E-02  2.1245E-03  1.2008E-03  1.0   1.0
 4.320E-01 4.693E+00 5.567E-01  1.5236E-01  3.6567E-03  1.2189E-03  1.0   1.0
 3.580E-01 4.208E+00 6.026E-01  1.9990E-01  3.3983E-03  1.5992E-03  1.0   1.0
 2.670E-01 3.488E+00 6.706E-01  2.5348E-01  4.3091E-03  2.0278E-03  1.0   1.0
 1.760E-01 2.598E+00 7.546E-01  2.8384E-01  4.8252E-03  3.4061E-03  1.0   1.0
 7.870E-01 9.203E+00 4.683E-01  1.3362E-02  2.9396E-04  2.8060E-04  1.0   1.0
 7.470E-01 8.979E+00 4.814E-01  2.0075E-02  4.4165E-04  3.6135E-04  1.0   1.0
 6.900E-01 8.633E+00 5.014E-01  3.1997E-02  5.1195E-04  4.7995E-04  1.0   1.0
 6.090E-01 8.098E+00 5.323E-01  5.5629E-02  8.3444E-04  7.2318E-04  1.0   1.0
 5.330E-01 7.521E+00 5.656E-01  9.1692E-02  1.3754E-03  1.1003E-03  1.0   1.0
 4.240E-01 6.571E+00 6.205E-01  1.4946E-01  2.3913E-03  1.7935E-03  1.0   1.0
 3.530E-01 5.836E+00 6.629E-01  1.9727E-01  3.3536E-03  1.5782E-03  1.0   1.0
 2.640E-01 4.773E+00 7.244E-01  2.4622E-01  4.1858E-03  1.9698E-03  1.0   1.0
 1.760E-01 3.500E+00 7.979E-01  2.7764E-01  5.5528E-03  3.3317E-03  1.0   1.0
 8.190E-01 1.241E+01 5.048E-01  7.3956E-03  2.0708E-04  1.7749E-04  1.0   1.0
 7.620E-01 1.195E+01 5.228E-01  1.4522E-02  2.7592E-04  2.7592E-04  1.0   1.0
 6.780E-01 1.124E+01 5.516E-01  3.0956E-02  5.2625E-04  4.6434E-04  1.0   1.0
 5.990E-01 1.047E+01 5.820E-01  5.5837E-02  7.8172E-04  7.2588E-04  1.0   1.0
 5.230E-01 9.656E+00 6.147E-01  8.8628E-02  1.5067E-03  1.0635E-03  1.0   1.0
 4.170E-01 8.349E+00 6.668E-01  1.4970E-01  2.2456E-03  1.7965E-03  1.0   1.0
 3.470E-01 7.355E+00 7.065E-01  1.9402E-01  3.4924E-03  1.5522E-03  1.0   1.0
 2.590E-01 5.941E+00 7.629E-01  2.4645E-01  4.1896E-03  1.9716E-03  1.0   1.0
 1.720E-01 4.290E+00 8.288E-01  2.7365E-01  5.1994E-03  3.2839E-03  1.0   1.0
 8.610E-01 1.706E+01 5.415E-01  3.3104E-03  1.4566E-04  9.9311E-05  1.0   1.0
 8.070E-01 1.646E+01 5.576E-01  7.2944E-03  1.9695E-04  1.6048E-04  1.0   1.0
 7.420E-01 1.571E+01 5.781E-01  1.5615E-02  3.7475E-04  2.6545E-04  1.0   1.0
 6.700E-01 1.478E+01 6.030E-01  3.0150E-02  5.7285E-04  4.5225E-04  1.0   1.0
 5.920E-01 1.369E+01 6.321E-01  5.4553E-02  9.2739E-04  7.0918E-04  1.0   1.0
 5.170E-01 1.255E+01 6.629E-01  8.6738E-02  1.5613E-03  1.0409E-03  1.0   1.0
 4.130E-01 1.074E+01 7.114E-01  1.4928E-01  2.6871E-03  1.7914E-03  1.0   1.0
 3.430E-01 9.391E+00 7.477E-01  1.8895E-01  3.4010E-03  1.5116E-03  1.0   1.0
 2.570E-01 7.502E+00 7.985E-01  2.4671E-01  5.4276E-03  1.9737E-03  1.0   1.0
 1.710E-01 5.350E+00 8.563E-01  2.7947E-01  6.9867E-03  3.3536E-03  1.0   1.0
 8.600E-01 1.910E+01 6.071E-01  3.2834E-03  1.1820E-04  8.8653E-05  1.0   1.0
 8.060E-01 1.835E+01 6.224E-01  6.9232E-03  1.8693E-04  1.3846E-04  1.0   1.0
 7.400E-01 1.740E+01 6.422E-01  1.4578E-02  4.8108E-04  2.4783E-04  1.0   1.0
 7.000E-01 5.000E+00 4.755E-01  3.9708E-02  4.7650E-04  2.7796E-04  1.0   1.0
 3.000E-01 2.000E+00 4.438E-01  2.4280E-01  2.9136E-03  1.2140E-03  1.0   1.0
 4.000E-01 2.000E+00 3.328E-01  1.9911E-01  2.3893E-03  9.9555E-04  1.0   1.0
 5.000E-01 5.000E+00 5.494E-01  1.1467E-01  1.2614E-03  5.7337E-04  1.0   1.0
 2.200E-01 2.000E+00 4.999E-01  2.8264E-01  3.3916E-03  1.4132E-03  1.0   1.0
 3.000E-01 5.000E+00 7.342E-01  2.2278E-01  2.4506E-03  1.1139E-03  1.0   1.0
 1.300E-01 2.000E+00 6.779E-01  2.9440E-01  3.5328E-03  1.4720E-03  1.0   1.0
 4.000E-01 5.000E+00 5.506E-01  1.7109E-01  1.7109E-03  8.5544E-04  1.0   1.0
 5.000E-01 5.000E+00 4.405E-01  1.1607E-01  1.0447E-03  5.8037E-04  1.0   1.0
 6.000E-01 5.000E+00 3.671E-01  7.1955E-02  6.4759E-04  4.3173E-04  1.0   1.0
 7.000E-01 5.000E+00 3.147E-01  4.0543E-02  5.2706E-04  4.0543E-04  1.0   1.0
 8.900E-02 2.000E+00 7.929E-01  2.8521E-01  3.4225E-03  1.4260E-03  1.0   1.0
 3.000E-01 5.000E+00 5.881E-01  2.2915E-01  2.7498E-03  1.1458E-03  1.0   1.0
 7.000E-01 1.000E+01 5.041E-01  2.7505E-02  4.4009E-04  2.2004E-04  1.0   1.0
 8.000E-01 1.000E+01 4.411E-01  1.1136E-02  2.1159E-04  1.4477E-04  1.0   1.0
 2.200E-01 5.000E+00 6.997E-01  2.7328E-01  3.2794E-03  1.3664E-03  1.0   1.0
 5.000E-01 1.000E+01 6.158E-01  9.9942E-02  1.4991E-03  4.9971E-04  1.0   1.0
 6.000E-01 1.000E+01 5.131E-01  5.7107E-02  6.8528E-04  3.4264E-04  1.0   1.0
 4.000E-01 9.999E+00 6.287E-01  1.5708E-01  1.7279E-03  7.8540E-04  1.0   1.0
 6.000E-01 1.500E+01 6.287E-01  5.0157E-02  6.5204E-04  3.0094E-04  1.0   1.0
 1.400E-01 5.000E+00 7.764E-01  2.9758E-01  2.0830E-03  1.4879E-03  1.0   1.0
 3.000E-01 1.000E+01 7.249E-01  2.2276E-01  3.1187E-03  1.1138E-03  1.0   1.0
 2.000E-01 1.000E+00 7.108E-01  2.5711E-01  2.5711E-03  7.7133E-04  1.0   1.0
 2.000E-01 1.000E+00 6.650E-01  2.5834E-01  2.5834E-03  7.7502E-04  1.0   1.0
 2.000E-01 1.000E+00 6.269E-01  2.6541E-01  2.6541E-03  7.9622E-04  1.0   1.0
 2.000E-01 1.000E+00 4.837E-01  2.7847E-01  2.7847E-03  8.3541E-04  1.0   1.0
 2.000E-01 1.000E+00 4.263E-01  2.8509E-01  2.5658E-03  1.1404E-03  1.0   1.0
 2.000E-01 1.500E+00 7.258E-01  2.6870E-01  2.6870E-03  8.0609E-04  1.0   1.0
 2.000E-01 1.500E+00 6.395E-01  2.7051E-01  2.1641E-03  8.1153E-04  1.0   1.0
 2.000E-01 1.500E+00 5.708E-01  2.7872E-01  2.2297E-03  8.3615E-04  1.0   1.0
 2.000E-01 1.500E+00 5.329E-01  2.8394E-01  2.2715E-03  8.5181E-04  1.0   1.0
 2.000E-01 1.500E+00 4.844E-01  2.8798E-01  2.3038E-03  1.1519E-03  1.0   1.0
 2.000E-01 2.500E+00 8.074E-01  2.7297E-01  4.0945E-03  1.0919E-03  1.0   1.0
 2.000E-01 2.500E+00 6.503E-01  2.7939E-01  1.9557E-03  8.3817E-04  1.0   1.0
 2.000E-01 2.500E+00 5.672E-01  2.8300E-01  2.5470E-03  8.4899E-04  1.0   1.0
 2.000E-01 5.000E+00 8.324E-01  2.6422E-01  3.1706E-03  1.3211E-03  1.0   1.0
 2.000E-01 5.000E+00 7.721E-01  2.7046E-01  2.4342E-03  1.0818E-03  1.0   1.0
 2.000E-01 5.001E+00 7.205E-01  2.7397E-01  2.4658E-03  8.2192E-04  1.0   1.0
 2.000E-01 5.000E+00 6.834E-01  2.7896E-01  2.2317E-03  8.3688E-04  1.0   1.0
 3.500E-01 1.500E+00 6.094E-01  2.1223E-01  1.9101E-03  6.3668E-04  1.0   1.0
 3.500E-01 1.500E+00 5.700E-01  2.1457E-01  1.9312E-03  6.4372E-04  1.0   1.0
 3.500E-01 1.500E+00 5.374E-01  2.1540E-01  1.9386E-03  6.4619E-04  1.0   1.0
 3.500E-01 1.500E+00 4.147E-01  2.2463E-01  2.0216E-03  6.7388E-04  1.0   1.0
 3.500E-01 1.500E+00 3.262E-01  2.2804E-01  3.1925E-03  9.1215E-04  1.0   1.0
 3.500E-01 2.500E+00 6.919E-01  2.0543E-01  1.8489E-03  6.1629E-04  1.0   1.0
 3.500E-01 2.500E+00 6.091E-01  2.0746E-01  1.8671E-03  6.2237E-04  1.0   1.0
 3.500E-01 2.500E+00 5.376E-01  2.1045E-01  1.8940E-03  6.3134E-04  1.0   1.0
 3.500E-01 2.500E+00 5.076E-01  2.1399E-01  1.7119E-03  6.4197E-04  1.0   1.0
 3.500E-01 2.500E+00 3.920E-01  2.1541E-01  1.9387E-03  6.4622E-04  1.0   1.0
 3.500E-01 5.000E+00 7.432E-01  1.9545E-01  2.1499E-03  5.8635E-04  1.0   1.0
 3.500E-01 5.000E+00 6.477E-01  1.9789E-01  1.5832E-03  5.9368E-04  1.0   1.0
 3.500E-01 5.000E+00 5.715E-01  2.0213E-01  1.6170E-03  6.0638E-04  1.0   1.0
 3.500E-01 5.000E+00 5.074E-01  2.0225E-01  1.6180E-03  6.0676E-04  1.0   1.0
 5.000E-01 2.500E+00 7.109E-01  1.2690E-01  1.2690E-03  5.0759E-04  1.0   1.0
 5.000E-01 2.501E+00 6.267E-01  1.3080E-01  1.4388E-03  3.9240E-04  1.0   1.0
 5.000E-01 2.500E+00 4.842E-01  1.3520E-01  1.3520E-03  4.0559E-04  1.0   1.0
 5.000E-01 2.500E+00 3.762E-01  1.3893E-01  1.1115E-03  4.1680E-04  1.0   1.0
 5.000E-01 2.500E+00 2.881E-01  1.3791E-01  1.2412E-03  4.1373E-04  1.0   1.0
 5.000E-01 5.001E+00 7.523E-01  1.0997E-01  1.5395E-03  4.3987E-04  1.0   1.0
 5.000E-01 5.001E+00 6.459E-01  1.1267E-01  1.0140E-03  3.3801E-04  1.0   1.0
 5.000E-01 5.001E+00 5.488E-01  1.1509E-01  1.0358E-03  3.4528E-04  1.0   1.0
 5.000E-01 5.000E+00 4.002E-01  1.1525E-01  8.0675E-04  3.4575E-04  1.0   1.0
 5.000E-01 7.500E+00 7.804E-01  1.0159E-01  1.7270E-03  4.0636E-04  1.0   1.0
 5.000E-01 7.500E+00 5.333E-01  1.0704E-01  1.1775E-03  3.2112E-04  1.0   1.0
 5.000E-01 9.999E+00 8.002E-01  9.8992E-02  1.2869E-03  3.9597E-04  1.0   1.0
 5.000E-01 1.000E+01 7.102E-01  9.9364E-02  1.2917E-03  2.9809E-04  1.0   1.0
 5.000E-01 1.000E+01 5.764E-01  1.0043E-01  8.0345E-04  3.0130E-04  1.0   1.0
 4.920E-01 7.220E+00 5.871E-01  1.1252E-01  1.8004E-03  3.3757E-04  1.0   1.0
 4.320E-01 5.680E+00 5.257E-01  1.4838E-01  2.2257E-03  4.4513E-04  1.0   1.0
 4.190E-01 8.391E+00 6.669E-01  1.4826E-01  2.9651E-03  4.4477E-04  1.0   1.0
