SLAC Deuterium target - reduced APV  [M.Dalton, Feb 2017]
kinematics and reduced asymmetry derived from values in
Physics Letters B Volume 84, Issue 4, 16 July 1979, Pages 524-528 
0.05 0 : norm error, # corr errors
    Q2	     x	     y	    Asym	stat err	syst err	dum	dum
  0.92	 0.140	 0.220	   0.656	   0.250	   0.189	0.0	0.0
  1.53	 0.280	 0.150	   0.495	   0.072	   0.061	0.0	0.0
  1.52	 0.260	 0.160	   0.512	   0.095	   0.067	0.0	0.0
  1.33	 0.160	 0.230	   0.350	   0.095	   0.078	0.0	0.0
  1.28	 0.140	 0.250	   0.745	   0.156	   0.089	0.0	0.0
  1.25	 0.130	 0.260	   0.478	   0.111	   0.089	0.0	0.0
  1.16	 0.110	 0.290	   0.578	   0.100	   0.078	0.0	0.0
  1.07	 0.090	 0.330	   0.256	   0.161	   0.122	0.0	0.0
  0.93	 0.070	 0.360	   0.295	   0.167	   0.111	0.0	0.0
  1.96	 0.280	 0.170	   0.389	   0.117	   0.106	0.0	0.0
  1.66	 0.150	 0.260	   0.495	   0.156	   0.122	0.0	0.0
