SLAC p
L.W. Whitlow, Ph.D. Thesis, Stanford University, 1990, SLAC-REPORT-357 (1990)
*
0.021 0 : normalization error, number of correlated errors
   x           Q2        y        sig_r        stat        sys
 2.740E-01 9.040E-01 1.752E-01  2.9779E-01  7.1469E-03  2.9779E-03  1.0   1.0
 2.240E-01 8.700E-01 2.066E-01  3.1823E-01  7.3193E-03  3.1823E-03  1.0   1.0
 1.770E-01 8.240E-01 2.478E-01  3.1984E-01  7.3562E-03  3.1984E-03  1.0   1.0
 1.530E-01 7.940E-01 2.763E-01  3.2310E-01  8.7238E-03  3.2310E-03  1.0   1.0
 1.190E-01 7.370E-01 3.287E-01  3.0626E-01  8.8815E-03  3.6751E-03  1.0   1.0
 9.000E-02 6.660E-01 3.928E-01  2.9239E-01  7.8945E-03  3.5087E-03  1.0   1.0
 6.700E-02 5.860E-01 4.663E-01  2.6708E-01  6.9441E-03  3.4720E-03  1.0   1.0
 4.170E-01 1.685E+00 1.589E-01  2.3856E-01  5.0097E-03  1.9085E-03  1.0   1.0
 3.650E-01 1.647E+00 1.774E-01  2.7289E-01  5.7307E-03  2.1831E-03  1.0   1.0
 3.150E-01 1.601E+00 2.002E-01  2.9347E-01  6.4564E-03  2.3478E-03  1.0   1.0
 2.710E-01 1.552E+00 2.249E-01  3.1110E-01  6.8442E-03  2.7999E-03  1.0   1.0
 2.090E-01 1.455E+00 2.735E-01  3.2676E-01  9.8027E-03  2.9408E-03  1.0   1.0
 1.680E-01 1.363E+00 3.197E-01  3.4002E-01  1.0201E-02  2.7202E-03  1.0   1.0
 1.320E-01 1.256E+00 3.732E-01  3.2048E-01  9.6144E-03  2.5638E-03  1.0   1.0
 1.040E-01 1.141E+00 4.306E-01  3.1623E-01  8.5383E-03  2.8461E-03  1.0   1.0
 8.100E-02 1.019E+00 4.915E-01  3.0646E-01  8.8874E-03  3.3711E-03  1.0   1.0
 5.030E-01 2.377E+00 1.568E-01  1.7754E-01  3.7283E-03  1.9529E-03  1.0   1.0
 4.500E-01 2.334E+00 1.721E-01  2.1039E-01  4.4181E-03  2.1039E-03  1.0   1.0
 3.960E-01 2.281E+00 1.907E-01  2.4912E-01  5.2314E-03  2.4912E-03  1.0   1.0
 3.470E-01 2.221E+00 2.119E-01  2.7271E-01  5.7269E-03  2.7271E-03  1.0   1.0
 2.820E-01 2.116E+00 2.490E-01  3.0966E-01  7.7415E-03  2.7869E-03  1.0   1.0
 2.260E-01 1.995E+00 2.925E-01  3.2980E-01  9.5641E-03  2.9682E-03  1.0   1.0
 1.850E-01 1.872E+00 3.362E-01  3.2842E-01  9.5243E-03  2.6274E-03  1.0   1.0
 1.500E-01 1.738E+00 3.836E-01  3.3929E-01  9.5000E-03  2.7143E-03  1.0   1.0
 1.220E-01 1.594E+00 4.347E-01  3.3255E-01  9.6440E-03  2.6604E-03  1.0   1.0
 9.800E-02 1.440E+00 4.894E-01  3.2579E-01  9.4478E-03  2.6063E-03  1.0   1.0
 7.700E-02 1.275E+00 5.477E-01  3.2140E-01  8.9991E-03  2.8926E-03  1.0   1.0
 6.300E-02 1.136E+00 5.970E-01  2.9769E-01  8.6330E-03  3.2746E-03  1.0   1.0
 5.960E-01 3.500E+00 1.602E-01  1.1571E-01  3.0085E-03  2.1985E-03  1.0   1.0
 5.420E-01 3.446E+00 1.733E-01  1.4244E-01  3.2762E-03  2.4215E-03  1.0   1.0
 4.900E-01 3.383E+00 1.883E-01  1.7776E-01  3.9107E-03  2.6664E-03  1.0   1.0
 4.410E-01 3.313E+00 2.049E-01  2.1378E-01  4.4893E-03  2.9929E-03  1.0   1.0
 3.720E-01 3.191E+00 2.342E-01  2.5211E-01  6.8070E-03  3.2774E-03  1.0   1.0
 3.090E-01 3.047E+00 2.690E-01  2.8985E-01  8.1159E-03  3.4782E-03  1.0   1.0
 2.390E-01 2.818E+00 3.220E-01  3.1906E-01  7.9764E-03  3.5096E-03  1.0   1.0
 1.830E-01 2.569E+00 3.836E-01  3.4022E-01  1.0206E-02  3.0619E-03  1.0   1.0
 1.520E-01 2.382E+00 4.284E-01  3.4854E-01  1.0108E-02  2.7883E-03  1.0   1.0
 1.260E-01 2.188E+00 4.750E-01  3.5093E-01  9.8260E-03  2.8074E-03  1.0   1.0
 1.070E-01 2.017E+00 5.162E-01  3.3719E-01  9.4413E-03  2.3603E-03  1.0   1.0
 9.000E-02 1.845E+00 5.574E-01  3.4000E-01  9.5201E-03  2.7200E-03  1.0   1.0
 7.500E-02 1.658E+00 6.022E-01  3.2665E-01  9.4729E-03  2.6132E-03  1.0   1.0
 3.200E-01 1.104E+00 2.620E-01  2.7272E-01  6.5452E-03  3.5453E-03  1.0   1.0
 2.700E-01 1.053E+00 2.961E-01  2.9614E-01  6.8113E-03  4.1460E-03  1.0   1.0
 2.400E-01 1.016E+00 3.216E-01  3.0391E-01  9.1172E-03  4.2547E-03  1.0   1.0
 1.770E-01 9.120E-01 3.908E-01  3.1543E-01  8.8321E-03  4.7315E-03  1.0   1.0
 1.270E-01 7.910E-01 4.714E-01  3.0242E-01  8.4678E-03  4.2339E-03  1.0   1.0
 8.900E-02 6.570E-01 5.609E-01  2.7361E-01  7.3874E-03  4.1041E-03  1.0   1.0
 4.540E-01 1.871E+00 2.436E-01  2.1834E-01  7.2054E-03  2.4018E-03  1.0   1.0
 3.480E-01 1.741E+00 2.958E-01  2.6718E-01  8.0155E-03  3.2062E-03  1.0   1.0
 2.140E-01 1.469E+00 4.061E-01  3.2823E-01  1.0503E-02  4.2670E-03  1.0   1.0
 1.200E-01 1.115E+00 5.490E-01  3.1573E-01  1.0735E-02  4.7359E-03  1.0   1.0
 5.390E-01 2.762E+00 2.482E-01  1.5117E-01  3.0235E-03  1.3606E-03  1.0   1.0
 4.890E-01 2.693E+00 2.670E-01  1.7972E-01  3.5943E-03  1.4377E-03  1.0   1.0
 4.400E-01 2.616E+00 2.881E-01  2.0900E-01  4.3891E-03  1.6720E-03  1.0   1.0
 3.760E-01 2.494E+00 3.211E-01  2.4816E-01  6.7003E-03  2.2334E-03  1.0   1.0
 2.970E-01 2.297E+00 3.749E-01  2.9585E-01  8.2837E-03  3.2543E-03  1.0   1.0
 2.370E-01 2.098E+00 4.291E-01  3.2374E-01  9.3884E-03  3.8849E-03  1.0   1.0
 1.870E-01 1.880E+00 4.884E-01  3.2787E-01  9.8360E-03  3.9344E-03  1.0   1.0
 1.440E-01 1.644E+00 5.527E-01  3.2288E-01  9.6864E-03  4.1974E-03  1.0   1.0
 1.080E-01 1.388E+00 6.222E-01  3.0391E-01  9.1174E-03  4.2548E-03  1.0   1.0
 7.700E-02 1.114E+00 6.968E-01  2.8662E-01  8.8853E-03  4.5860E-03  1.0   1.0
 6.380E-01 4.148E+00 2.557E-01  9.0243E-02  2.3463E-03  1.1732E-03  1.0   1.0
 5.800E-01 4.045E+00 2.743E-01  1.1487E-01  3.3313E-03  1.1487E-03  1.0   1.0
 5.530E-01 3.991E+00 2.842E-01  1.2433E-01  8.4545E-03  1.1190E-03  1.0   1.0
 4.710E-01 3.804E+00 3.176E-01  1.8089E-01  5.0650E-03  1.4471E-03  1.0   1.0
 3.980E-01 3.594E+00 3.553E-01  2.3143E-01  6.4802E-03  1.8515E-03  1.0   1.0
 3.320E-01 3.357E+00 3.978E-01  2.7545E-01  8.2635E-03  2.2036E-03  1.0   1.0
 2.730E-01 3.092E+00 4.453E-01  2.9949E-01  8.9847E-03  2.6954E-03  1.0   1.0
 2.240E-01 2.819E+00 4.944E-01  3.1838E-01  9.8699E-03  3.5022E-03  1.0   1.0
 1.790E-01 2.509E+00 5.499E-01  3.2178E-01  9.9750E-03  3.8613E-03  1.0   1.0
 1.420E-01 2.189E+00 6.072E-01  3.2294E-01  1.0011E-02  4.1982E-03  1.0   1.0
 1.080E-01 1.834E+00 6.710E-01  3.2930E-01  1.0208E-02  4.6102E-03  1.0   1.0
 8.400E-02 1.542E+00 7.234E-01  2.9892E-01  9.5654E-03  4.7827E-03  1.0   1.0
 6.920E-01 5.180E+00 2.625E-01  6.2354E-02  3.1177E-03  1.0600E-03  1.0   1.0
 6.010E-01 4.982E+00 2.905E-01  1.0350E-01  3.5189E-03  1.1385E-03  1.0   1.0
 5.300E-01 4.796E+00 3.171E-01  1.3903E-01  3.7538E-03  1.2513E-03  1.0   1.0
 4.540E-01 4.553E+00 3.517E-01  1.9351E-01  5.6118E-03  1.5481E-03  1.0   1.0
 3.870E-01 4.294E+00 3.886E-01  2.2733E-01  6.8200E-03  1.5913E-03  1.0   1.0
 3.280E-01 4.014E+00 4.286E-01  2.7480E-01  7.4196E-03  2.1984E-03  1.0   1.0
 2.740E-01 3.699E+00 4.734E-01  2.9528E-01  8.8585E-03  2.3623E-03  1.0   1.0
 2.270E-01 3.373E+00 5.198E-01  3.2031E-01  9.9297E-03  2.8828E-03  1.0   1.0
 1.850E-01 3.013E+00 5.710E-01  3.4703E-01  1.0758E-02  3.8173E-03  1.0   1.0
 1.470E-01 2.631E+00 6.254E-01  3.2708E-01  1.0467E-02  3.9249E-03  1.0   1.0
 1.200E-01 2.305E+00 6.719E-01  3.2357E-01  1.0354E-02  4.2064E-03  1.0   1.0
 9.600E-02 1.968E+00 7.199E-01  3.1389E-01  1.0044E-02  5.0222E-03  1.0   1.0
 7.430E-01 6.873E+00 2.784E-01  3.4961E-02  2.2026E-03  8.3907E-04  1.0   1.0
 6.900E-01 6.729E+00 2.935E-01  5.2897E-02  2.0630E-03  9.5215E-04  1.0   1.0
 6.620E-01 6.647E+00 3.022E-01  5.8732E-02  1.0865E-02  8.8098E-04  1.0   1.0
 5.990E-01 6.441E+00 3.238E-01  9.5200E-02  3.4272E-03  1.1424E-03  1.0   1.0
 5.280E-01 6.174E+00 3.518E-01  1.2868E-01  4.2466E-03  1.1582E-03  1.0   1.0
 4.650E-01 5.894E+00 3.812E-01  1.7768E-01  5.3303E-03  1.4214E-03  1.0   1.0
 4.040E-01 5.569E+00 4.153E-01  2.1460E-01  6.6526E-03  1.5022E-03  1.0   1.0
 3.470E-01 5.215E+00 4.526E-01  2.5001E-01  7.5004E-03  1.7501E-03  1.0   1.0
 2.970E-01 4.845E+00 4.914E-01  2.7930E-01  8.3789E-03  1.9551E-03  1.0   1.0
 2.510E-01 4.446E+00 5.332E-01  3.0339E-01  9.7085E-03  2.4271E-03  1.0   1.0
 2.080E-01 4.003E+00 5.797E-01  3.1821E-01  9.8646E-03  2.5457E-03  1.0   1.0
 1.780E-01 3.649E+00 6.170E-01  3.2549E-01  1.0416E-02  3.5804E-03  1.0   1.0
 1.500E-01 3.265E+00 6.572E-01  3.3066E-01  1.0912E-02  3.9679E-03  1.0   1.0
 1.220E-01 2.851E+00 7.007E-01  3.2542E-01  1.0739E-02  4.2305E-03  1.0   1.0
 9.900E-02 2.438E+00 7.441E-01  3.3703E-01  1.0785E-02  5.3924E-03  1.0   1.0
 7.700E-02 2.009E+00 7.891E-01  3.2619E-01  1.1417E-02  5.2190E-03  1.0   1.0
 7.640E-01 8.067E+00 2.909E-01  2.4517E-02  1.2504E-03  6.6196E-04  1.0   1.0
 7.160E-01 7.914E+00 3.043E-01  3.6719E-02  1.4688E-03  7.7111E-04  1.0   1.0
 6.450E-01 7.656E+00 3.270E-01  6.5784E-02  2.1051E-03  9.8676E-04  1.0   1.0
 5.710E-01 7.348E+00 3.541E-01  1.0200E-01  2.9580E-03  1.2240E-03  1.0   1.0
 5.080E-01 7.037E+00 3.814E-01  1.4114E-01  4.0929E-03  1.2702E-03  1.0   1.0
 4.470E-01 6.691E+00 4.118E-01  1.8212E-01  5.2816E-03  1.4570E-03  1.0   1.0
 3.930E-01 6.328E+00 4.438E-01  2.1618E-01  6.4854E-03  1.7294E-03  1.0   1.0
 3.410E-01 5.931E+00 4.787E-01  2.5632E-01  7.6895E-03  1.7942E-03  1.0   1.0
 2.930E-01 5.498E+00 5.167E-01  2.7962E-01  8.3887E-03  1.9574E-03  1.0   1.0
 2.480E-01 5.032E+00 5.577E-01  3.0543E-01  9.1628E-03  2.4434E-03  1.0   1.0
 2.150E-01 4.634E+00 5.927E-01  3.0496E-01  9.4537E-03  2.4397E-03  1.0   1.0
 1.850E-01 4.219E+00 6.291E-01  3.2806E-01  1.0170E-02  2.9525E-03  1.0   1.0
 1.570E-01 3.804E+00 6.656E-01  3.2751E-01  1.0153E-02  3.6026E-03  1.0   1.0
 1.310E-01 3.355E+00 7.051E-01  3.0860E-01  9.8752E-03  3.7032E-03  1.0   1.0
 1.070E-01 2.888E+00 7.461E-01  3.2736E-01  9.4934E-03  4.9104E-03  1.0   1.0
 8.300E-02 2.386E+00 7.902E-01  3.0784E-01  1.0159E-02  4.9254E-03  1.0   1.0
 3.370E-01 1.171E+00 4.110E-01  2.6548E-01  2.9203E-03  1.3274E-03  1.0   1.0
 2.930E-01 1.103E+00 4.452E-01  2.8527E-01  2.8527E-03  1.4264E-03  1.0   1.0
 2.600E-01 1.043E+00 4.754E-01  2.9765E-01  3.2742E-03  1.7859E-03  1.0   1.0
 2.350E-01 9.940E-01 5.004E-01  2.9959E-01  4.4939E-03  1.7976E-03  1.0   1.0
 1.880E-01 8.840E-01 5.560E-01  3.0415E-01  4.5622E-03  2.1290E-03  1.0   1.0
 1.500E-01 7.730E-01 6.115E-01  2.9011E-01  4.3516E-03  2.0308E-03  1.0   1.0
 1.180E-01 6.630E-01 6.670E-01  2.7828E-01  4.4525E-03  2.2263E-03  1.0   1.0
 5.210E-01 2.514E+00 3.948E-01  1.6202E-01  2.2682E-03  1.1341E-03  1.0   1.0
 4.850E-01 2.443E+00 4.122E-01  1.7898E-01  3.4007E-03  1.0739E-03  1.0   1.0
 4.090E-01 2.269E+00 4.537E-01  2.2481E-01  3.5970E-03  1.1241E-03  1.0   1.0
 3.550E-01 2.121E+00 4.892E-01  2.5826E-01  4.1322E-03  1.2913E-03  1.0   1.0
 3.000E-01 1.946E+00 5.314E-01  2.7815E-01  4.4505E-03  1.1126E-03  1.0   1.0
 2.530E-01 1.772E+00 5.726E-01  3.0460E-01  4.5690E-03  1.5230E-03  1.0   1.0
 2.020E-01 1.545E+00 6.276E-01  3.0025E-01  4.5037E-03  1.5012E-03  1.0   1.0
 1.790E-01 1.430E+00 6.556E-01  2.9522E-01  4.7235E-03  1.7713E-03  1.0   1.0
 1.570E-01 1.313E+00 6.834E-01  3.0120E-01  4.8193E-03  1.8072E-03  1.0   1.0
 1.020E-01 9.580E-01 7.695E-01  2.7633E-01  6.0793E-03  2.2107E-03  1.0   1.0
 6.490E-01 4.297E+00 4.094E-01  8.3216E-02  1.1650E-03  1.0818E-03  1.0   1.0
 6.060E-01 4.175E+00 4.263E-01  9.8453E-02  1.7722E-03  1.0830E-03  1.0   1.0
 5.400E-01 3.967E+00 4.546E-01  1.3460E-01  1.7498E-03  1.3460E-03  1.0   1.0
 4.750E-01 3.733E+00 4.866E-01  1.7727E-01  2.4817E-03  1.4181E-03  1.0   1.0
 4.090E-01 3.465E+00 5.235E-01  2.1590E-01  3.2384E-03  1.5113E-03  1.0   1.0
 3.460E-01 3.163E+00 5.648E-01  2.5586E-01  3.8379E-03  1.5352E-03  1.0   1.0
 2.980E-01 2.899E+00 6.012E-01  2.8550E-01  3.9970E-03  1.4275E-03  1.0   1.0
 2.670E-01 2.712E+00 6.275E-01  2.9035E-01  5.2264E-03  1.1614E-03  1.0   1.0
 2.360E-01 2.499E+00 6.564E-01  3.1056E-01  4.6584E-03  1.2422E-03  1.0   1.0
 2.090E-01 2.308E+00 6.825E-01  3.1365E-01  4.7048E-03  1.2546E-03  1.0   1.0
 1.890E-01 2.149E+00 7.046E-01  3.1513E-01  5.0421E-03  1.5757E-03  1.0   1.0
 1.670E-01 1.966E+00 7.299E-01  3.0298E-01  7.2715E-03  1.5149E-03  1.0   1.0
 1.500E-01 1.823E+00 7.496E-01  3.1032E-01  7.1374E-03  1.8619E-03  1.0   1.0
 1.360E-01 1.690E+00 7.678E-01  2.9733E-01  6.8385E-03  1.7840E-03  1.0   1.0
 9.500E-02 1.268E+00 8.257E-01  2.7374E-01  1.0676E-02  2.1899E-03  1.0   1.0
 7.420E-01 6.115E+00 4.228E-01  3.6929E-02  1.6249E-03  7.3859E-04  1.0   1.0
 6.730E-01 5.862E+00 4.467E-01  5.7669E-02  2.4221E-03  9.2271E-04  1.0   1.0
 6.100E-01 5.605E+00 4.709E-01  8.7167E-02  3.2252E-03  1.2203E-03  1.0   1.0
 5.550E-01 5.352E+00 4.948E-01  1.2044E-01  3.8541E-03  1.4453E-03  1.0   1.0
 4.600E-01 4.857E+00 5.413E-01  1.7945E-01  1.9739E-03  1.7945E-03  1.0   1.0
 4.050E-01 4.522E+00 5.727E-01  2.1670E-01  3.0338E-03  1.7336E-03  1.0   1.0
 3.430E-01 4.098E+00 6.126E-01  2.5541E-01  4.0866E-03  1.5325E-03  1.0   1.0
 3.000E-01 3.768E+00 6.440E-01  2.7155E-01  3.5302E-03  1.3578E-03  1.0   1.0
 2.660E-01 3.485E+00 6.706E-01  2.8800E-01  4.8960E-03  1.4400E-03  1.0   1.0
 2.410E-01 3.254E+00 6.928E-01  3.1175E-01  7.1703E-03  1.2470E-03  1.0   1.0
 2.110E-01 2.962E+00 7.198E-01  3.1111E-01  4.9777E-03  1.2444E-03  1.0   1.0
 1.900E-01 2.740E+00 7.413E-01  3.0924E-01  6.1848E-03  1.2370E-03  1.0   1.0
 1.720E-01 2.546E+00 7.597E-01  2.9468E-01  6.1883E-03  1.4734E-03  1.0   1.0
 1.560E-01 2.362E+00 7.770E-01  3.0732E-01  5.5318E-03  1.5366E-03  1.0   1.0
 1.410E-01 2.178E+00 7.945E-01  2.8430E-01  9.9504E-03  1.7058E-03  1.0   1.0
 1.290E-01 2.036E+00 8.078E-01  2.9435E-01  1.0008E-02  1.7661E-03  1.0   1.0
 1.130E-01 1.827E+00 8.276E-01  2.9737E-01  8.3264E-03  2.0816E-03  1.0   1.0
 9.100E-02 1.526E+00 8.559E-01  2.7897E-01  9.2059E-03  2.2317E-03  1.0   1.0
 5.860E-01 7.263E+00 5.276E-01  9.4625E-02  2.5549E-03  1.4194E-03  1.0   1.0
 4.280E-01 6.075E+00 6.048E-01  1.9147E-01  5.3612E-03  1.9147E-03  1.0   1.0
 3.210E-01 5.061E+00 6.708E-01  2.6292E-01  7.8876E-03  1.8405E-03  1.0   1.0
 2.360E-01 4.070E+00 7.353E-01  3.0648E-01  8.2751E-03  1.2259E-03  1.0   1.0
 2.010E-01 3.615E+00 7.648E-01  3.0432E-01  8.2166E-03  1.2173E-03  1.0   1.0
 1.790E-01 3.302E+00 7.852E-01  3.1424E-01  8.7988E-03  1.2570E-03  1.0   1.0
 1.570E-01 2.982E+00 8.060E-01  3.1639E-01  9.8082E-03  1.5820E-03  1.0   1.0
 1.430E-01 2.762E+00 8.203E-01  3.1467E-01  1.0069E-02  1.5733E-03  1.0   1.0
 1.300E-01 2.542E+00 8.346E-01  3.0341E-01  1.1226E-02  1.8204E-03  1.0   1.0
 1.160E-01 2.316E+00 8.493E-01  2.9521E-01  1.1513E-02  2.0664E-03  1.0   1.0
 1.060E-01 2.144E+00 8.605E-01  2.9961E-01  1.1685E-02  2.0973E-03  1.0   1.0
 9.600E-02 1.971E+00 8.718E-01  2.9011E-01  1.3055E-02  2.3209E-03  1.0   1.0
 8.000E-02 1.669E+00 8.910E-01  2.8397E-01  1.1927E-02  2.5557E-03  1.0   1.0
 7.710E-01 9.147E+00 4.745E-01  2.1378E-02  1.4537E-03  5.3446E-04  1.0   1.0
 6.640E-01 8.494E+00 5.120E-01  5.8653E-02  2.4634E-03  1.1144E-03  1.0   1.0
 5.430E-01 7.619E+00 5.617E-01  1.1343E-01  2.3821E-03  1.7015E-03  1.0   1.0
 4.710E-01 7.021E+00 5.959E-01  1.5890E-01  2.7013E-03  1.9068E-03  1.0   1.0
 4.040E-01 6.382E+00 6.326E-01  2.0862E-01  3.7552E-03  2.0862E-03  1.0   1.0
 3.360E-01 5.660E+00 6.743E-01  2.5729E-01  4.1167E-03  1.8011E-03  1.0   1.0
 2.910E-01 5.125E+00 7.051E-01  2.7990E-01  4.1984E-03  1.6794E-03  1.0   1.0
 2.580E-01 4.699E+00 7.295E-01  2.8487E-01  5.9822E-03  1.4243E-03  1.0   1.0
 2.330E-01 4.370E+00 7.489E-01  3.1643E-01  7.5942E-03  1.2657E-03  1.0   1.0
 2.030E-01 3.919E+00 7.742E-01  3.0696E-01  5.5252E-03  1.2278E-03  1.0   1.0
 1.760E-01 3.509E+00 7.981E-01  3.0215E-01  6.6473E-03  1.2086E-03  1.0   1.0
 1.610E-01 3.267E+00 8.123E-01  2.8939E-01  1.0707E-02  1.4469E-03  1.0   1.0
 1.460E-01 3.021E+00 8.264E-01  3.0131E-01  1.1149E-02  1.5066E-03  1.0   1.0
 1.210E-01 2.573E+00 8.520E-01  2.9446E-01  7.3615E-03  1.7668E-03  1.0   1.0
 1.080E-01 2.334E+00 8.659E-01  2.8660E-01  1.4330E-02  2.0062E-03  1.0   1.0
 9.800E-02 2.153E+00 8.761E-01  3.0302E-01  1.1212E-02  2.4241E-03  1.0   1.0
 8.800E-02 1.960E+00 8.874E-01  2.5539E-01  1.7877E-02  2.0431E-03  1.0   1.0
 7.890E-01 1.336E+01 5.302E-01  1.4738E-02  3.9793E-04  4.4214E-04  1.0   1.0
 7.010E-01 1.253E+01 5.595E-01  3.4345E-02  8.5863E-04  8.2428E-04  1.0   1.0
 6.210E-01 1.169E+01 5.889E-01  6.3552E-02  1.7159E-03  1.2710E-03  1.0   1.0
 5.500E-01 1.086E+01 6.183E-01  9.9238E-02  2.1832E-03  1.6871E-03  1.0   1.0
 4.690E-01 9.816E+00 6.544E-01  1.5269E-01  3.0537E-03  2.1376E-03  1.0   1.0
 4.170E-01 9.069E+00 6.810E-01  1.8636E-01  3.5409E-03  2.2363E-03  1.0   1.0
 3.620E-01 8.220E+00 7.105E-01  2.1739E-01  4.1303E-03  2.1739E-03  1.0   1.0
 3.080E-01 7.302E+00 7.426E-01  2.6256E-01  5.2511E-03  2.1005E-03  1.0   1.0
 2.730E-01 6.682E+00 7.651E-01  2.8484E-01  8.8300E-03  1.7090E-03  1.0   1.0
 2.510E-01 6.264E+00 7.798E-01  3.0413E-01  9.1239E-03  1.5207E-03  1.0   1.0
 2.230E-01 5.701E+00 7.991E-01  2.9733E-01  6.2440E-03  1.1893E-03  1.0   1.0
 1.960E-01 5.139E+00 8.189E-01  3.1702E-01  6.9745E-03  1.2681E-03  1.0   1.0
 1.710E-01 4.594E+00 8.385E-01  2.8884E-01  1.0687E-02  1.1554E-03  1.0   1.0
 1.530E-01 4.176E+00 8.532E-01  3.0372E-01  1.0934E-02  1.5186E-03  1.0   1.0
 1.340E-01 3.718E+00 8.693E-01  3.0920E-01  1.3914E-02  1.5460E-03  1.0   1.0
 1.180E-01 3.341E+00 8.825E-01  2.6325E-01  1.5795E-02  1.5795E-03  1.0   1.0
 1.050E-01 3.002E+00 8.943E-01  2.9001E-01  1.1890E-02  2.0301E-03  1.0   1.0
 8.600E-02 2.506E+00 9.119E-01  2.8982E-01  2.4924E-02  2.3185E-03  1.0   1.0
 4.640E-01 2.009E+00 5.118E-01  1.9107E-01  4.5857E-03  1.1464E-03  1.0   1.0
 3.880E-01 1.826E+00 5.561E-01  2.3894E-01  5.7347E-03  1.6726E-03  1.0   1.0
 3.240E-01 1.644E+00 6.005E-01  2.7491E-01  6.0480E-03  1.9244E-03  1.0   1.0
 2.680E-01 1.461E+00 6.449E-01  2.8755E-01  6.9012E-03  2.3004E-03  1.0   1.0
 2.190E-01 1.278E+00 6.893E-01  2.8678E-01  6.3092E-03  2.5810E-03  1.0   1.0
 1.770E-01 1.096E+00 7.337E-01  3.0784E-01  7.0804E-03  3.0784E-03  1.0   1.0
 1.390E-01 9.130E-01 7.781E-01  2.8632E-01  7.1581E-03  2.8632E-03  1.0   1.0
 5.860E-01 4.080E+00 5.530E-01  1.1002E-01  3.0804E-03  6.6010E-04  1.0   1.0
 5.030E-01 3.740E+00 5.902E-01  1.5992E-01  4.6377E-03  7.9961E-04  1.0   1.0
 4.140E-01 3.315E+00 6.361E-01  2.1075E-01  4.4257E-03  1.0537E-03  1.0   1.0
 3.660E-01 3.060E+00 6.647E-01  2.2581E-01  6.7742E-03  1.3548E-03  1.0   1.0
 3.190E-01 2.788E+00 6.938E-01  2.6271E-01  5.5168E-03  1.5762E-03  1.0   1.0
 2.840E-01 2.570E+00 7.184E-01  2.8120E-01  7.3112E-03  1.9684E-03  1.0   1.0
 2.560E-01 2.380E+00 7.392E-01  2.8897E-01  7.5132E-03  2.0228E-03  1.0   1.0
 2.330E-01 2.218E+00 7.570E-01  2.8795E-01  7.7747E-03  2.3036E-03  1.0   1.0
 2.090E-01 2.040E+00 7.765E-01  2.7747E-01  8.6015E-03  2.2197E-03  1.0   1.0
 1.880E-01 1.878E+00 7.942E-01  3.0963E-01  9.2889E-03  2.7867E-03  1.0   1.0
 1.560E-01 1.618E+00 8.227E-01  2.8704E-01  1.7223E-02  2.8704E-03  1.0   1.0
 1.270E-01 1.360E+00 8.510E-01  2.5707E-01  1.6195E-02  2.5707E-03  1.0   1.0
 7.110E-01 6.623E+00 5.695E-01  4.1504E-02  1.6602E-03  4.1504E-04  1.0   1.0
 6.320E-01 6.183E+00 5.981E-01  7.6533E-02  2.1429E-03  6.1226E-04  1.0   1.0
 5.600E-01 5.742E+00 6.268E-01  1.1052E-01  2.9841E-03  6.6312E-04  1.0   1.0
 4.940E-01 5.299E+00 6.556E-01  1.5087E-01  3.9226E-03  7.5435E-04  1.0   1.0
 4.340E-01 4.857E+00 6.843E-01  1.8815E-01  4.8918E-03  9.4073E-04  1.0   1.0
 3.680E-01 4.321E+00 7.186E-01  2.4100E-01  4.5789E-03  1.2050E-03  1.0   1.0
 3.320E-01 4.011E+00 7.392E-01  2.5094E-01  6.5246E-03  1.5057E-03  1.0   1.0
 3.060E-01 3.777E+00 7.545E-01  2.7602E-01  6.9005E-03  1.6561E-03  1.0   1.0
 2.810E-01 3.535E+00 7.702E-01  2.6376E-01  8.4402E-03  1.5825E-03  1.0   1.0
 2.590E-01 3.319E+00 7.842E-01  2.7879E-01  1.0873E-02  1.9515E-03  1.0   1.0
 2.370E-01 3.095E+00 7.988E-01  2.8861E-01  1.1833E-02  2.0202E-03  1.0   1.0
 1.960E-01 2.650E+00 8.277E-01  2.9513E-01  1.2100E-02  2.3610E-03  1.0   1.0
 1.580E-01 2.211E+00 8.563E-01  3.2539E-01  2.7007E-02  2.9285E-03  1.0   1.0
 7.810E-01 1.085E+01 6.219E-01  1.8779E-02  1.0892E-03  3.0047E-04  1.0   1.0
 7.140E-01 1.025E+01 6.429E-01  3.5220E-02  1.4792E-03  4.2263E-04  1.0   1.0
 6.510E-01 9.646E+00 6.639E-01  5.7167E-02  2.0580E-03  5.1450E-04  1.0   1.0
 5.910E-01 9.043E+00 6.849E-01  8.5620E-02  3.0823E-03  5.9934E-04  1.0   1.0
 5.350E-01 8.440E+00 7.059E-01  1.1933E-01  3.1025E-03  7.1596E-04  1.0   1.0
 4.830E-01 7.837E+00 7.269E-01  1.5147E-01  4.0896E-03  7.5734E-04  1.0   1.0
 4.330E-01 7.234E+00 7.479E-01  1.7828E-01  4.8135E-03  8.9138E-04  1.0   1.0
 3.860E-01 6.631E+00 7.689E-01  2.1744E-01  6.3059E-03  1.0872E-03  1.0   1.0
 3.420E-01 6.029E+00 7.899E-01  2.3895E-01  6.9296E-03  1.1948E-03  1.0   1.0
 2.880E-01 5.249E+00 8.166E-01  2.6121E-01  6.5303E-03  1.5673E-03  1.0   1.0
 2.600E-01 4.823E+00 8.319E-01  2.7637E-01  8.2912E-03  1.6582E-03  1.0   1.0
 2.100E-01 4.027E+00 8.597E-01  3.1947E-01  2.6836E-02  2.5558E-03  1.0   1.0
 8.720E-01 1.598E+01 6.505E-01  3.7576E-03  5.6740E-04  1.1273E-04  1.0   1.0
 8.090E-01 1.522E+01 6.672E-01  8.0294E-03  1.1482E-03  1.6059E-04  1.0   1.0
 7.500E-01 1.446E+01 6.838E-01  2.1719E-02  1.3031E-03  3.2578E-04  1.0   1.0
 6.940E-01 1.370E+01 7.004E-01  3.7272E-02  1.6027E-03  4.4727E-04  1.0   1.0
 6.400E-01 1.294E+01 7.171E-01  5.6838E-02  2.1030E-03  5.6838E-04  1.0   1.0
 5.890E-01 1.218E+01 7.337E-01  7.6631E-02  2.6821E-03  6.1305E-04  1.0   1.0
 5.400E-01 1.141E+01 7.504E-01  1.0898E-01  3.9232E-03  7.6285E-04  1.0   1.0
 4.930E-01 1.065E+01 7.670E-01  1.3166E-01  4.8713E-03  7.8994E-04  1.0   1.0
 4.480E-01 9.893E+00 7.837E-01  1.6057E-01  5.7804E-03  8.0284E-04  1.0   1.0
 4.050E-01 9.132E+00 8.003E-01  1.9345E-01  6.5773E-03  9.6724E-04  1.0   1.0
 3.640E-01 8.371E+00 8.169E-01  2.2152E-01  7.7531E-03  1.1076E-03  1.0   1.0
 3.170E-01 7.480E+00 8.360E-01  2.4435E-01  6.1088E-03  1.2218E-03  1.0   1.0
 2.860E-01 6.849E+00 8.502E-01  2.5910E-01  1.1400E-02  1.5546E-03  1.0   1.0
 2.490E-01 6.088E+00 8.669E-01  2.4647E-01  1.4788E-02  1.4788E-03  1.0   1.0
 2.140E-01 5.327E+00 8.835E-01  2.9897E-01  1.0763E-02  2.0928E-03  1.0   1.0
 8.540E-01 2.008E+01 6.951E-01  4.3519E-03  5.2658E-04  1.1315E-04  1.0   1.0
 7.990E-01 1.916E+01 7.090E-01  1.0722E-02  1.0829E-03  2.0372E-04  1.0   1.0
 7.460E-01 1.825E+01 7.229E-01  1.9885E-02  1.3720E-03  2.9827E-04  1.0   1.0
 6.700E-01 1.686E+01 7.435E-01  3.8679E-02  1.4698E-03  4.6415E-04  1.0   1.0
 5.990E-01 1.550E+01 7.646E-01  7.3383E-02  3.1555E-03  6.6044E-04  1.0   1.0
 5.540E-01 1.459E+01 7.785E-01  9.3093E-02  3.8168E-03  7.4474E-04  1.0   1.0
 5.100E-01 1.368E+01 7.923E-01  1.1604E-01  5.1056E-03  8.1225E-04  1.0   1.0
 4.680E-01 1.276E+01 8.062E-01  1.4666E-01  4.6930E-03  8.7995E-04  1.0   1.0
 4.280E-01 1.186E+01 8.199E-01  1.8368E-01  5.8777E-03  9.1840E-04  1.0   1.0
 3.890E-01 1.096E+01 8.336E-01  2.1290E-01  8.3030E-03  1.0645E-03  1.0   1.0
 3.490E-01 1.002E+01 8.478E-01  2.2616E-01  9.2724E-03  1.1308E-03  1.0   1.0
 3.130E-01 9.133E+00 8.613E-01  2.3677E-01  1.0655E-02  1.1839E-03  1.0   1.0
 2.780E-01 8.220E+00 8.752E-01  2.6315E-01  1.4473E-02  1.5789E-03  1.0   1.0
 2.430E-01 7.306E+00 8.891E-01  2.5236E-01  1.9431E-02  1.5141E-03  1.0   1.0
 5.470E-01 2.772E+00 6.002E-01  1.4164E-01  4.2493E-03  1.1331E-03  1.0   1.0
 4.530E-01 2.464E+00 6.446E-01  1.9935E-01  5.5818E-03  1.5948E-03  1.0   1.0
 3.700E-01 2.156E+00 6.890E-01  2.3037E-01  7.1416E-03  2.0734E-03  1.0   1.0
 2.980E-01 1.848E+00 7.335E-01  2.6584E-01  8.2411E-03  2.6584E-03  1.0   1.0
 2.340E-01 1.540E+00 7.779E-01  2.8394E-01  8.8020E-03  2.8394E-03  1.0   1.0
 6.700E-01 4.471E+00 6.126E-01  7.1814E-02  2.2980E-03  5.7451E-04  1.0   1.0
 5.560E-01 3.974E+00 6.556E-01  1.2141E-01  3.6424E-03  8.4990E-04  1.0   1.0
 4.570E-01 3.477E+00 6.987E-01  1.8193E-01  5.2758E-03  1.4554E-03  1.0   1.0
 3.690E-01 2.980E+00 7.417E-01  2.3602E-01  6.8445E-03  1.8881E-03  1.0   1.0
 2.900E-01 2.484E+00 7.848E-01  2.6849E-01  7.5178E-03  2.4164E-03  1.0   1.0
 2.200E-01 1.987E+00 8.278E-01  2.9350E-01  2.1425E-02  2.9350E-03  1.0   1.0
 7.680E-01 7.443E+00 6.524E-01  2.6153E-02  1.4907E-03  3.1384E-04  1.0   1.0
 6.660E-01 6.767E+00 6.840E-01  5.7522E-02  2.3009E-03  4.6017E-04  1.0   1.0
 5.730E-01 6.090E+00 7.156E-01  1.0400E-01  3.3279E-03  7.2798E-04  1.0   1.0
 4.880E-01 5.413E+00 7.472E-01  1.5342E-01  5.0629E-03  1.0739E-03  1.0   1.0
 4.100E-01 4.739E+00 7.787E-01  2.0398E-01  5.9155E-03  1.6319E-03  1.0   1.0
 3.320E-01 4.006E+00 8.129E-01  2.5254E-01  8.0814E-03  2.0204E-03  1.0   1.0
 7.810E-01 1.028E+01 7.004E-01  1.8203E-02  2.3118E-03  2.3664E-04  1.0   1.0
 6.910E-01 9.421E+00 7.254E-01  3.7823E-02  3.3663E-03  3.4041E-04  1.0   1.0
 6.070E-01 8.565E+00 7.503E-01  7.1313E-02  5.0632E-03  4.9919E-04  1.0   1.0
 5.290E-01 7.708E+00 7.753E-01  1.2569E-01  6.4100E-03  8.7980E-04  1.0   1.0
 4.560E-01 6.852E+00 8.003E-01  1.7302E-01  7.7857E-03  1.2111E-03  1.0   1.0
 3.870E-01 5.995E+00 8.252E-01  2.1843E-01  9.1742E-03  1.5290E-03  1.0   1.0
 3.220E-01 5.139E+00 8.502E-01  2.7029E-01  1.0271E-02  2.1623E-03  1.0   1.0
 8.000E-01 1.392E+01 7.404E-01  8.2673E-03  1.7113E-03  1.2401E-04  1.0   1.0
 7.190E-01 1.285E+01 7.603E-01  2.8864E-02  2.8864E-03  2.8864E-04  1.0   1.0
 6.420E-01 1.178E+01 7.803E-01  5.4722E-02  3.6117E-03  4.3778E-04  1.0   1.0
 5.690E-01 1.071E+01 8.003E-01  9.0411E-02  5.5151E-03  6.3288E-04  1.0   1.0
 5.000E-01 9.635E+00 8.203E-01  1.4194E-01  6.6711E-03  8.5163E-04  1.0   1.0
 4.340E-01 8.565E+00 8.402E-01  1.5868E-01  7.2994E-03  1.1108E-03  1.0   1.0
 3.710E-01 7.494E+00 8.602E-01  2.3402E-01  1.0531E-02  1.6381E-03  1.0   1.0
 7.560E-01 1.669E+01 7.835E-01  1.9678E-02  2.3023E-03  2.3613E-04  1.0   1.0
 6.830E-01 1.541E+01 8.002E-01  3.7507E-02  2.8880E-03  3.3756E-04  1.0   1.0
 6.140E-01 1.412E+01 8.168E-01  6.2196E-02  3.7318E-03  4.3537E-04  1.0   1.0
 5.470E-01 1.284E+01 8.335E-01  1.0233E-01  6.5493E-03  6.1400E-04  1.0   1.0
 4.820E-01 1.155E+01 8.501E-01  1.2829E-01  9.3652E-03  7.6974E-04  1.0   1.0
 4.210E-01 1.027E+01 8.668E-01  1.6269E-01  1.2039E-02  1.1388E-03  1.0   1.0
 4.270E-01 1.738E+00 1.084E-01  2.3190E-01  4.1741E-03  2.5508E-03  1.0   1.0
 3.770E-01 1.714E+00 1.209E-01  2.5773E-01  4.6391E-03  2.8350E-03  1.0   1.0
 3.260E-01 1.681E+00 1.375E-01  2.8823E-01  5.1882E-03  3.4588E-03  1.0   1.0
 2.740E-01 1.638E+00 1.592E-01  3.1393E-01  5.6507E-03  3.7671E-03  1.0   1.0
 2.240E-01 1.582E+00 1.880E-01  3.2831E-01  5.9097E-03  3.9398E-03  1.0   1.0
 1.760E-01 1.504E+00 2.276E-01  3.3809E-01  6.0856E-03  4.0570E-03  1.0   1.0
 1.380E-01 1.415E+00 2.734E-01  3.4038E-01  6.1268E-03  3.7441E-03  1.0   1.0
 1.120E-01 1.331E+00 3.165E-01  3.3319E-01  5.9974E-03  3.6651E-03  1.0   1.0
 9.900E-02 1.279E+00 3.438E-01  3.3007E-01  5.9413E-03  3.6308E-03  1.0   1.0
 8.400E-02 1.203E+00 3.832E-01  3.2612E-01  6.5224E-03  3.5873E-03  1.0   1.0
 6.800E-02 1.107E+00 4.322E-01  3.1830E-01  6.0477E-03  3.5013E-03  1.0   1.0
 3.730E-01 1.404E+00 1.114E-01  2.6086E-01  4.9563E-03  2.8694E-03  1.0   1.0
 3.230E-01 1.380E+00 1.265E-01  2.9333E-01  5.5733E-03  3.5200E-03  1.0   1.0
 2.710E-01 1.347E+00 1.469E-01  3.1393E-01  5.9646E-03  3.7671E-03  1.0   1.0
 2.210E-01 1.303E+00 1.747E-01  3.3128E-01  6.2943E-03  3.9753E-03  1.0   1.0
 1.780E-01 1.249E+00 2.079E-01  3.3379E-01  6.3419E-03  4.0054E-03  1.0   1.0
 1.240E-01 1.147E+00 2.742E-01  3.2511E-01  6.5021E-03  3.5762E-03  1.0   1.0
 1.000E-01 1.077E+00 3.184E-01  3.2567E-01  6.5133E-03  3.5823E-03  1.0   1.0
 8.100E-02 1.002E+00 3.661E-01  3.1429E-01  6.2858E-03  3.4572E-03  1.0   1.0
 6.500E-02 9.210E-01 4.173E-01  3.0483E-01  6.0966E-03  3.3531E-03  1.0   1.0
 3.140E-01 1.101E+00 1.167E-01  2.8492E-01  5.4134E-03  3.4190E-03  1.0   1.0
 2.660E-01 1.078E+00 1.350E-01  3.1238E-01  5.9351E-03  4.0609E-03  1.0   1.0
 2.180E-01 1.047E+00 1.597E-01  3.1983E-01  6.0768E-03  4.1578E-03  1.0   1.0
 1.680E-01 9.980E-01 1.984E-01  3.2800E-01  5.9039E-03  3.9359E-03  1.0   1.0
 1.260E-01 9.370E-01 2.480E-01  3.2460E-01  6.4921E-03  3.8953E-03  1.0   1.0
 9.700E-02 8.740E-01 2.995E-01  3.0981E-01  6.1962E-03  3.7177E-03  1.0   1.0
 7.700E-02 8.110E-01 3.495E-01  2.9623E-01  5.9246E-03  3.5548E-03  1.0   1.0
 2.290E-01 7.170E-01 1.285E-01  3.0114E-01  5.7216E-03  4.2159E-03  1.0   1.0
 1.790E-01 6.920E-01 1.581E-01  3.0945E-01  5.8795E-03  4.3323E-03  1.0   1.0
 1.330E-01 6.550E-01 2.025E-01  3.0402E-01  5.4723E-03  3.9522E-03  1.0   1.0
 1.010E-01 6.170E-01 2.496E-01  2.8937E-01  5.2086E-03  4.0512E-03  1.0   1.0
 8.100E-02 5.810E-01 2.937E-01  2.7646E-01  4.9762E-03  3.8704E-03  1.0   1.0
 7.470E-01 1.177E+01 4.663E-01  2.5276E-02  9.6048E-04  5.0552E-04  1.0   1.0
 7.030E-01 1.144E+01 4.813E-01  3.5695E-02  8.2099E-04  6.4251E-04  1.0   1.0
 6.470E-01 1.098E+01 5.021E-01  5.7452E-02  8.6178E-04  8.6178E-04  1.0   1.0
 6.040E-01 1.059E+01 5.195E-01  7.6174E-02  9.9026E-04  1.0664E-03  1.0   1.0
 5.530E-01 1.011E+01 5.415E-01  1.0268E-01  1.9509E-03  1.4375E-03  1.0   1.0
 4.980E-01 9.537E+00 5.672E-01  1.3433E-01  2.6866E-03  1.7463E-03  1.0   1.0
 4.490E-01 8.989E+00 5.921E-01  1.7385E-01  3.4770E-03  2.2601E-03  1.0   1.0
 4.060E-01 8.453E+00 6.164E-01  2.0222E-01  4.2467E-03  2.6289E-03  1.0   1.0
 3.680E-01 7.950E+00 6.392E-01  2.2788E-01  4.7854E-03  2.9624E-03  1.0   1.0
 3.340E-01 7.465E+00 6.612E-01  2.4605E-01  4.1828E-03  3.1986E-03  1.0   1.0
 3.130E-01 7.144E+00 6.760E-01  2.5820E-01  6.4551E-03  3.3566E-03  1.0   1.0
 7.840E-01 9.045E+00 4.096E-01  2.0919E-02  4.6022E-04  5.0206E-04  1.0   1.0
 7.380E-01 8.817E+00 4.245E-01  3.0470E-02  5.7893E-04  6.0940E-04  1.0   1.0
 6.840E-01 8.530E+00 4.431E-01  4.7906E-02  1.0060E-03  8.1440E-04  1.0   1.0
 6.280E-01 8.207E+00 4.642E-01  6.9847E-02  1.6065E-03  1.0477E-03  1.0   1.0
 5.730E-01 7.857E+00 4.870E-01  9.9457E-02  1.9891E-03  1.3924E-03  1.0   1.0
 5.280E-01 7.544E+00 5.074E-01  1.2163E-01  2.0678E-03  1.5812E-03  1.0   1.0
 4.760E-01 7.145E+00 5.333E-01  1.5837E-01  2.8506E-03  2.0588E-03  1.0   1.0
 4.270E-01 6.737E+00 5.599E-01  1.8673E-01  3.1744E-03  2.4275E-03  1.0   1.0
 3.820E-01 6.321E+00 5.871E-01  2.1282E-01  3.6179E-03  2.7667E-03  1.0   1.0
 3.520E-01 6.017E+00 6.072E-01  2.3874E-01  6.2072E-03  3.1036E-03  1.0   1.0
 7.280E-01 6.551E+00 3.836E-01  4.1096E-02  9.4521E-04  7.8082E-04  1.0   1.0
 6.790E-01 6.373E+00 4.003E-01  5.5033E-02  1.1007E-03  8.8053E-04  1.0   1.0
 6.250E-01 6.162E+00 4.201E-01  8.2213E-02  1.8087E-03  1.2332E-03  1.0   1.0
 5.680E-01 5.911E+00 4.436E-01  1.1151E-01  2.4532E-03  1.5611E-03  1.0   1.0
 5.130E-01 5.643E+00 4.688E-01  1.4011E-01  2.9422E-03  1.8214E-03  1.0   1.0
 4.600E-01 5.352E+00 4.961E-01  1.7412E-01  3.6564E-03  2.2635E-03  1.0   1.0
 4.160E-01 5.084E+00 5.214E-01  2.1038E-01  5.2596E-03  2.7350E-03  1.0   1.0
 3.840E-01 4.877E+00 5.412E-01  2.2503E-01  2.2503E-02  2.9253E-03  1.0   1.0
 6.440E-01 4.354E+00 3.601E-01  8.1593E-02  1.3055E-03  1.2239E-03  1.0   1.0
 5.950E-01 4.228E+00 3.784E-01  1.0508E-01  1.4712E-03  1.4712E-03  1.0   1.0
 5.430E-01 4.079E+00 4.003E-01  1.3433E-01  1.7463E-03  1.7463E-03  1.0   1.0
 5.050E-01 3.959E+00 4.181E-01  1.5399E-01  4.0038E-03  2.0019E-03  1.0   1.0
 8.680E-01 1.864E+01 5.720E-01  3.6862E-03  1.2533E-04  1.2533E-04  1.0   1.0
 8.230E-01 1.807E+01 5.850E-01  7.7973E-03  2.0273E-04  1.9493E-04  1.0   1.0
 7.700E-01 1.737E+01 6.011E-01  1.4602E-02  3.6505E-04  2.9204E-04  1.0   1.0
 7.190E-01 1.667E+01 6.173E-01  2.6368E-02  6.0646E-04  4.4825E-04  1.0   1.0
 6.680E-01 1.591E+01 6.346E-01  4.2111E-02  9.2645E-04  6.3167E-04  1.0   1.0
 6.160E-01 1.511E+01 6.530E-01  6.4057E-02  1.3452E-03  8.9680E-04  1.0   1.0
 5.640E-01 1.424E+01 6.728E-01  8.9955E-02  1.8891E-03  1.2594E-03  1.0   1.0
 5.160E-01 1.340E+01 6.921E-01  1.1635E-01  2.4434E-03  1.5126E-03  1.0   1.0
 4.710E-01 1.257E+01 7.112E-01  1.4782E-01  3.2521E-03  1.9217E-03  1.0   1.0
 4.360E-01 1.190E+01 7.268E-01  1.6452E-01  4.4422E-03  2.1388E-03  1.0   1.0
 4.120E-01 1.141E+01 7.382E-01  2.1307E-01  2.0881E-02  2.7699E-03  1.0   1.0
 8.550E-01 1.591E+01 5.501E-01  5.3670E-03  1.6101E-04  1.7174E-04  1.0   1.0
 8.090E-01 1.542E+01 5.638E-01  1.0182E-02  2.5454E-04  2.4436E-04  1.0   1.0
 7.530E-01 1.480E+01 5.814E-01  1.9677E-02  4.7226E-04  3.7387E-04  1.0   1.0
 7.020E-01 1.420E+01 5.983E-01  3.2392E-02  7.1263E-04  5.1828E-04  1.0   1.0
 6.500E-01 1.355E+01 6.165E-01  4.9731E-02  1.0941E-03  7.4597E-04  1.0   1.0
 5.980E-01 1.287E+01 6.359E-01  7.1081E-02  1.4927E-03  9.9514E-04  1.0   1.0
 5.470E-01 1.214E+01 6.564E-01  1.0126E-01  2.0252E-03  1.3164E-03  1.0   1.0
 4.890E-01 1.127E+01 6.810E-01  1.3607E-01  2.1771E-03  1.7689E-03  1.0   1.0
 4.570E-01 1.074E+01 6.959E-01  1.5704E-01  1.8845E-03  2.0415E-03  1.0   1.0
 4.320E-01 1.034E+01 7.075E-01  1.7686E-01  5.6594E-03  2.2991E-03  1.0   1.0
 8.190E-01 1.188E+01 5.152E-01  1.0260E-02  3.6935E-04  2.5650E-04  1.0   1.0
 7.740E-01 1.154E+01 5.294E-01  1.8426E-02  4.7907E-04  3.6851E-04  1.0   1.0
 7.230E-01 1.112E+01 5.463E-01  3.1084E-02  7.7710E-04  5.2843E-04  1.0   1.0
 6.690E-01 1.065E+01 5.653E-01  4.6863E-02  1.0779E-03  7.0295E-04  1.0   1.0
 6.160E-01 1.016E+01 5.854E-01  7.0338E-02  1.4771E-03  9.8473E-04  1.0   1.0
 5.660E-01 9.651E+00 6.061E-01  9.6619E-02  1.9324E-03  1.3527E-03  1.0   1.0
 5.150E-01 9.106E+00 6.283E-01  1.2927E-01  2.7147E-03  1.6805E-03  1.0   1.0
 4.790E-01 8.695E+00 6.453E-01  1.4164E-01  7.5069E-03  1.8413E-03  1.0   1.0
 7.780E-01 8.805E+00 4.823E-01  2.1482E-02  5.1557E-04  4.5112E-04  1.0   1.0
 7.260E-01 8.510E+00 4.996E-01  3.5422E-02  7.0844E-04  6.0217E-04  1.0   1.0
 6.730E-01 8.187E+00 5.186E-01  5.3619E-02  1.0188E-03  8.0429E-04  1.0   1.0
 6.210E-01 7.843E+00 5.388E-01  7.6732E-02  1.3812E-03  1.0743E-03  1.0   1.0
 5.720E-01 7.501E+00 5.589E-01  9.9480E-02  2.3875E-03  1.3927E-03  1.0   1.0
 5.340E-01 7.215E+00 5.759E-01  1.2888E-01  7.9904E-03  1.6754E-03  1.0   1.0
 8.760E-01 2.041E+01 6.891E-01  2.9557E-03  1.2118E-04  9.1627E-05  1.0   1.0
 8.320E-01 1.970E+01 6.999E-01  6.1123E-03  1.8948E-04  1.4058E-04  1.0   1.0
 7.790E-01 1.880E+01 7.136E-01  1.3038E-02  3.6506E-04  2.4772E-04  1.0   1.0
 7.320E-01 1.796E+01 7.263E-01  2.1910E-02  6.3539E-04  3.7247E-04  1.0   1.0
 6.740E-01 1.691E+01 7.421E-01  3.6756E-02  9.9240E-04  5.5134E-04  1.0   1.0
 6.180E-01 1.585E+01 7.582E-01  6.0292E-02  1.4470E-03  8.4409E-04  1.0   1.0
 5.660E-01 1.481E+01 7.742E-01  8.6064E-02  2.3237E-03  1.1188E-03  1.0   1.0
 5.220E-01 1.391E+01 7.879E-01  1.0704E-01  2.8902E-03  1.3916E-03  1.0   1.0
 4.800E-01 1.301E+01 8.014E-01  1.3987E-01  3.9164E-03  1.8184E-03  1.0   1.0
 4.600E-01 1.258E+01 8.085E-01  1.4639E-01  8.3442E-03  1.9031E-03  1.0   1.0
 8.510E-01 1.570E+01 6.551E-01  5.5651E-03  1.7808E-04  1.4469E-04  1.0   1.0
 8.020E-01 1.510E+01 6.684E-01  1.1296E-02  2.7110E-04  2.3721E-04  1.0   1.0
 7.520E-01 1.445E+01 6.826E-01  1.9306E-02  4.4404E-04  3.2820E-04  1.0   1.0
 6.960E-01 1.369E+01 6.992E-01  3.5040E-02  8.7601E-04  5.2561E-04  1.0   1.0
 6.410E-01 1.293E+01 7.160E-01  5.3506E-02  1.2306E-03  7.4908E-04  1.0   1.0
 5.870E-01 1.213E+01 7.336E-01  7.8504E-02  1.7271E-03  1.0991E-03  1.0   1.0
 5.380E-01 1.137E+01 7.502E-01  1.0646E-01  2.5551E-03  1.3840E-03  1.0   1.0
 4.960E-01 1.068E+01 7.655E-01  1.3652E-01  4.3685E-03  1.7747E-03  1.0   1.0
 8.100E-01 1.107E+01 6.124E-01  1.2148E-02  4.0087E-04  2.5510E-04  1.0   1.0
 7.690E-01 1.072E+01 6.247E-01  2.0159E-02  6.6524E-04  3.6286E-04  1.0   1.0
 7.120E-01 1.020E+01 6.428E-01  3.5662E-02  9.6287E-04  5.7059E-04  1.0   1.0
 6.490E-01 9.603E+00 6.637E-01  5.5987E-02  1.3437E-03  7.8382E-04  1.0   1.0
 5.900E-01 9.005E+00 6.847E-01  8.2964E-02  2.0741E-03  1.1615E-03  1.0   1.0
 5.340E-01 8.407E+00 7.057E-01  1.1430E-01  2.9719E-03  1.4860E-03  1.0   1.0
 7.350E-01 6.726E+00 5.606E-01  3.6784E-02  7.3568E-04  5.8854E-04  1.0   1.0
 6.860E-01 6.467E+00 5.775E-01  5.3034E-02  1.2198E-03  7.9551E-04  1.0   1.0
 6.360E-01 6.189E+00 5.956E-01  7.1886E-02  1.8690E-03  1.0064E-03  1.0   1.0
 5.990E-01 5.970E+00 6.101E-01  8.1651E-02  1.0043E-02  1.1431E-03  1.0   1.0
 8.310E-01 1.795E+01 7.667E-01  6.6429E-03  3.7865E-04  1.4614E-04  1.0   1.0
 7.560E-01 1.667E+01 7.834E-01  1.7515E-02  6.3055E-04  2.9776E-04  1.0   1.0
 6.830E-01 1.538E+01 8.001E-01  3.6228E-02  1.1593E-03  5.4343E-04  1.0   1.0
 6.130E-01 1.410E+01 8.167E-01  6.3974E-02  1.9192E-03  8.9563E-04  1.0   1.0
 5.460E-01 1.282E+01 8.334E-01  1.0101E-01  3.0303E-03  1.3131E-03  1.0   1.0
 8.000E-01 1.388E+01 7.400E-01  1.2461E-02  4.4859E-04  2.3676E-04  1.0   1.0
 7.190E-01 1.281E+01 7.600E-01  2.9007E-02  8.4121E-04  4.6412E-04  1.0   1.0
 6.420E-01 1.175E+01 7.800E-01  5.6823E-02  1.6479E-03  7.9552E-04  1.0   1.0
 5.690E-01 1.068E+01 8.000E-01  8.9145E-02  2.6743E-03  1.1589E-03  1.0   1.0
 7.810E-01 1.025E+01 7.000E-01  1.8290E-02  6.2186E-04  3.2922E-04  1.0   1.0
 6.910E-01 9.398E+00 7.250E-01  4.0417E-02  1.2125E-03  6.0625E-04  1.0   1.0
 6.070E-01 8.543E+00 7.500E-01  8.2681E-02  2.3978E-03  1.1575E-03  1.0   1.0
 5.290E-01 7.689E+00 7.750E-01  1.1482E-01  4.4781E-03  1.4927E-03  1.0   1.0
 9.000E-01 3.031E+01 9.202E-01  7.4961E-04  6.2967E-05  3.2983E-05  1.0   1.0
 8.450E-01 2.860E+01 9.246E-01  3.2137E-03  1.4783E-04  1.2533E-04  1.0   1.0
 7.850E-01 2.669E+01 9.296E-01  8.9669E-03  3.0488E-04  3.5868E-04  1.0   1.0
 7.270E-01 2.485E+01 9.345E-01  1.8882E-02  7.1751E-04  8.1192E-04  1.0   1.0
 6.670E-01 2.293E+01 9.395E-01  3.6779E-02  1.2137E-03  1.8022E-03  1.0   1.0
 6.190E-01 2.139E+01 9.437E-01  5.6893E-02  1.9912E-03  3.2429E-03  1.0   1.0
 5.840E-01 2.023E+01 9.467E-01  7.1841E-02  4.5979E-03  4.5979E-03  1.0   1.0
 8.850E-01 2.407E+01 9.059E-01  1.7804E-03  9.6143E-05  7.4778E-05  1.0   1.0
 8.380E-01 2.290E+01 9.104E-01  4.5341E-03  1.9950E-04  1.7683E-04  1.0   1.0
 7.850E-01 2.158E+01 9.155E-01  1.0389E-02  4.0518E-04  4.1557E-04  1.0   1.0
 7.260E-01 2.008E+01 9.213E-01  2.0370E-02  7.7405E-04  8.9627E-04  1.0   1.0
 6.750E-01 1.877E+01 9.266E-01  3.3521E-02  1.3408E-03  1.6425E-03  1.0   1.0
 6.330E-01 1.769E+01 9.308E-01  5.1713E-02  2.4822E-03  2.8959E-03  1.0   1.0
 5.950E-01 1.671E+01 9.348E-01  8.0483E-02  1.2233E-02  5.1509E-03  1.0   1.0
 8.730E-01 1.938E+01 8.901E-01  2.9177E-03  1.5756E-04  1.0504E-04  1.0   1.0
 8.260E-01 1.844E+01 8.954E-01  6.2690E-03  2.6957E-04  2.0688E-04  1.0   1.0
 7.730E-01 1.738E+01 9.014E-01  1.2555E-02  5.0220E-04  3.8920E-04  1.0   1.0
 7.250E-01 1.639E+01 9.070E-01  2.1175E-02  8.8936E-04  6.5643E-04  1.0   1.0
 6.740E-01 1.535E+01 9.129E-01  3.5469E-02  1.8089E-03  1.1350E-03  1.0   1.0
 6.260E-01 1.435E+01 9.185E-01  6.1364E-02  3.3137E-03  2.1477E-03  1.0   1.0
 5.800E-01 1.338E+01 9.241E-01  7.8620E-02  3.9310E-03  3.3020E-03  1.0   1.0
 5.430E-01 1.257E+01 9.286E-01  1.0566E-01  3.9093E-03  5.5998E-03  1.0   1.0
 5.140E-01 1.195E+01 9.324E-01  1.3426E-01  9.3981E-03  9.2638E-03  1.0   1.0
 8.440E-01 1.429E+01 8.678E-01  5.8255E-03  3.5535E-04  1.9224E-04  1.0   1.0
 7.920E-01 1.353E+01 8.747E-01  1.2962E-02  5.5737E-04  4.0182E-04  1.0   1.0
 7.360E-01 1.268E+01 8.825E-01  2.4648E-02  1.0599E-03  7.3944E-04  1.0   1.0
 6.810E-01 1.184E+01 8.903E-01  3.9909E-02  1.5165E-03  1.1973E-03  1.0   1.0
 6.320E-01 1.108E+01 8.974E-01  5.7770E-02  2.0797E-03  1.7909E-03  1.0   1.0
 5.900E-01 1.041E+01 9.036E-01  7.8326E-02  2.7414E-03  2.5848E-03  1.0   1.0
 5.450E-01 9.682E+00 9.102E-01  1.0334E-01  4.1335E-03  3.9269E-03  1.0   1.0
 5.090E-01 9.094E+00 9.159E-01  1.1968E-01  1.0173E-02  5.9841E-03  1.0   1.0
 7.580E-01 7.587E+00 8.203E-01  2.6902E-02  5.6494E-04  8.0706E-04  1.0   1.0
 7.060E-01 7.150E+00 8.305E-01  4.1873E-02  8.7933E-04  1.2562E-03  1.0   1.0
 6.540E-01 6.710E+00 8.409E-01  6.1713E-02  1.2343E-03  1.8514E-03  1.0   1.0
 6.090E-01 6.317E+00 8.502E-01  8.2685E-02  1.5710E-03  2.4806E-03  1.0   1.0
 5.690E-01 5.963E+00 8.588E-01  1.0949E-01  2.9563E-03  3.3942E-03  1.0   1.0
 5.220E-01 5.534E+00 8.688E-01  1.2403E-01  6.5734E-03  4.2169E-03  1.0   1.0
 4.830E-01 5.173E+00 8.772E-01  1.6046E-01  8.0231E-03  6.2580E-03  1.0   1.0
 4.440E-01 4.796E+00 8.863E-01  2.0912E-01  1.2756E-02  1.1083E-02  1.0   1.0
 4.130E-01 4.503E+00 8.932E-01  2.3710E-01  1.5411E-02  1.7545E-02  1.0   1.0
 3.900E-01 4.277E+00 8.988E-01  1.8675E-01  4.4074E-02  1.9983E-02  1.0   1.0
 7.080E-01 2.366E+01 9.128E-01  2.4664E-02  1.7758E-03  8.1390E-04  1.0   1.0
 6.580E-01 2.212E+01 9.183E-01  3.9685E-02  1.4287E-03  1.3096E-03  1.0   1.0
 6.100E-01 2.062E+01 9.239E-01  5.5394E-02  2.1050E-03  1.9388E-03  1.0   1.0
 5.660E-01 1.925E+01 9.289E-01  7.6489E-02  2.6771E-03  2.9066E-03  1.0   1.0
 5.230E-01 1.789E+01 9.339E-01  9.5766E-02  3.7349E-03  3.9264E-03  1.0   1.0
 4.760E-01 1.636E+01 9.394E-01  1.3820E-01  5.9427E-03  6.6338E-03  1.0   1.0
 4.340E-01 1.501E+01 9.445E-01  1.5827E-01  1.0604E-02  9.1797E-03  1.0   1.0
 7.290E-01 1.954E+01 8.930E-01  1.7569E-02  1.7042E-03  5.7978E-04  1.0   1.0
 6.760E-01 1.826E+01 8.998E-01  3.4981E-02  1.6441E-03  1.1544E-03  1.0   1.0
 6.210E-01 1.691E+01 9.073E-01  5.2491E-02  2.8870E-03  1.8372E-03  1.0   1.0
 5.710E-01 1.567E+01 9.141E-01  7.5895E-02  3.7948E-03  2.8840E-03  1.0   1.0
 5.230E-01 1.446E+01 9.206E-01  1.0396E-01  4.6782E-03  4.3663E-03  1.0   1.0
 4.720E-01 1.314E+01 9.277E-01  1.3081E-01  6.2791E-03  6.6716E-03  1.0   1.0
 4.320E-01 1.210E+01 9.338E-01  1.5661E-01  1.1276E-02  9.5533E-03  1.0   1.0
 4.050E-01 1.139E+01 9.377E-01  1.6774E-01  1.5264E-02  1.1910E-02  1.0   1.0
 3.770E-01 1.066E+01 9.417E-01  1.1662E-01  4.9912E-02  9.9125E-03  1.0   1.0
 7.400E-01 1.639E+01 8.739E-01  2.0607E-02  2.2874E-03  6.3883E-04  1.0   1.0
 6.920E-01 1.544E+01 8.813E-01  3.3859E-02  2.3701E-03  1.0158E-03  1.0   1.0
 6.450E-01 1.452E+01 8.883E-01  4.9948E-02  2.8470E-03  1.4984E-03  1.0   1.0
 5.950E-01 1.350E+01 8.961E-01  6.4775E-02  3.9513E-03  1.8785E-03  1.0   1.0
 5.480E-01 1.254E+01 9.035E-01  9.6662E-02  5.6064E-03  2.8999E-03  1.0   1.0
 5.040E-01 1.162E+01 9.105E-01  1.1961E-01  6.8177E-03  3.7079E-03  1.0   1.0
 4.660E-01 1.082E+01 9.165E-01  1.4135E-01  6.7849E-03  4.6646E-03  1.0   1.0
 4.290E-01 1.002E+01 9.229E-01  1.6321E-01  1.1099E-02  6.2021E-03  1.0   1.0
 4.020E-01 9.444E+00 9.273E-01  1.5977E-01  1.8693E-02  7.3493E-03  1.0   1.0
 7.410E-01 7.619E+00 7.823E-01  3.4462E-02  4.8591E-03  1.0339E-03  1.0   1.0
 6.950E-01 7.241E+00 7.930E-01  4.1299E-02  3.1800E-03  1.1977E-03  1.0   1.0
 6.450E-01 6.819E+00 8.049E-01  5.8435E-02  4.1489E-03  1.6946E-03  1.0   1.0
 5.870E-01 6.316E+00 8.193E-01  9.0146E-02  5.1383E-03  2.6142E-03  1.0   1.0
 5.410E-01 5.906E+00 8.311E-01  1.1381E-01  6.9422E-03  3.3004E-03  1.0   1.0
 5.020E-01 5.545E+00 8.414E-01  1.4143E-01  7.7788E-03  4.1016E-03  1.0   1.0
 4.620E-01 5.168E+00 8.521E-01  1.6142E-01  7.2637E-03  4.6811E-03  1.0   1.0
 4.220E-01 4.784E+00 8.630E-01  2.1113E-01  8.4452E-03  6.3339E-03  1.0   1.0
 3.810E-01 4.374E+00 8.747E-01  2.3323E-01  8.8626E-03  7.4632E-03  1.0   1.0
 3.440E-01 4.003E+00 8.853E-01  2.3815E-01  9.7641E-03  9.2878E-03  1.0   1.0
 3.100E-01 3.645E+00 8.959E-01  3.9905E-01  1.4446E-01  2.2347E-02  1.0   1.0
 4.180E-01 1.680E+00 1.587E-01  2.4225E-01  3.8760E-03  2.1803E-03  1.0   1.0
 3.630E-01 1.640E+00 1.782E-01  2.7618E-01  5.2473E-03  2.7618E-03  1.0   1.0
 3.240E-01 1.606E+00 1.954E-01  3.0765E-01  6.1530E-03  3.0765E-03  1.0   1.0
 2.130E-01 1.457E+00 2.702E-01  3.3332E-01  6.3330E-03  3.3332E-03  1.0   1.0
 1.340E-01 1.256E+00 3.708E-01  3.3892E-01  6.7784E-03  4.4060E-03  1.0   1.0
 8.200E-02 1.019E+00 4.896E-01  3.1448E-01  5.0316E-03  3.7737E-03  1.0   1.0
 6.300E-02 8.870E-01 5.558E-01  2.9559E-01  5.3207E-03  3.5471E-03  1.0   1.0
 5.170E-01 2.375E+00 1.530E-01  1.8494E-01  4.8084E-03  2.2192E-03  1.0   1.0
 4.470E-01 2.320E+00 1.728E-01  2.1127E-01  5.2816E-03  2.3239E-03  1.0   1.0
 4.050E-01 2.279E+00 1.874E-01  2.4730E-01  5.1933E-03  2.7203E-03  1.0   1.0
 3.440E-01 2.206E+00 2.134E-01  2.5658E-01  5.1316E-03  2.5658E-03  1.0   1.0
 2.810E-01 2.105E+00 2.496E-01  3.1086E-01  4.9737E-03  3.1086E-03  1.0   1.0
 2.290E-01 1.993E+00 2.896E-01  3.2830E-01  6.5661E-03  3.2830E-03  1.0   1.0
 1.870E-01 1.869E+00 3.335E-01  3.3722E-01  5.7327E-03  3.0350E-03  1.0   1.0
 1.520E-01 1.736E+00 3.810E-01  3.3909E-01  5.7646E-03  3.0518E-03  1.0   1.0
 1.230E-01 1.592E+00 4.324E-01  3.3686E-01  5.3898E-03  3.0318E-03  1.0   1.0
 7.800E-02 1.272E+00 5.465E-01  3.2531E-01  5.8556E-03  8.4581E-03  1.0   1.0
 5.980E-01 3.499E+00 1.599E-01  1.1463E-01  2.5219E-03  2.0634E-03  1.0   1.0
 5.480E-01 3.450E+00 1.719E-01  1.3812E-01  2.6244E-03  2.2100E-03  1.0   1.0
 4.930E-01 3.384E+00 1.874E-01  1.7668E-01  3.3569E-03  2.4735E-03  1.0   1.0
 4.400E-01 3.310E+00 2.054E-01  2.0821E-01  3.5396E-03  2.7067E-03  1.0   1.0
 3.720E-01 3.189E+00 2.346E-01  2.5322E-01  4.0515E-03  3.0387E-03  1.0   1.0
 3.130E-01 3.055E+00 2.667E-01  2.8316E-01  4.5305E-03  3.3979E-03  1.0   1.0
 2.550E-01 2.877E+00 3.083E-01  3.1500E-01  5.0401E-03  3.4651E-03  1.0   1.0
 1.850E-01 2.576E+00 3.816E-01  3.3218E-01  6.3115E-03  3.3218E-03  1.0   1.0
 1.530E-01 2.391E+00 4.261E-01  3.4808E-01  7.3098E-03  3.1328E-03  1.0   1.0
 1.270E-01 2.193E+00 4.735E-01  3.3743E-01  6.7487E-03  3.0369E-03  1.0   1.0
 1.030E-01 1.983E+00 5.241E-01  3.3178E-01  5.6402E-03  2.6542E-03  1.0   1.0
 8.300E-02 1.759E+00 5.777E-01  3.2132E-01  5.4624E-03  8.3542E-03  1.0   1.0
 6.600E-02 1.523E+00 6.345E-01  3.3284E-01  8.9866E-03  8.6538E-03  1.0   1.0
 7.700E-01 8.193E+00 2.908E-01  2.4154E-02  7.7294E-04  7.0048E-04  1.0   1.0
 7.180E-01 8.025E+00 3.053E-01  3.6712E-02  8.4437E-04  7.7094E-04  1.0   1.0
 6.700E-01 7.851E+00 3.204E-01  5.4783E-02  1.0957E-03  9.3131E-04  1.0   1.0
 6.100E-01 7.614E+00 3.410E-01  8.0264E-02  1.3645E-03  1.1237E-03  1.0   1.0
 5.310E-01 7.245E+00 3.729E-01  1.2447E-01  1.7426E-03  1.3692E-03  1.0   1.0
 4.220E-01 6.606E+00 4.282E-01  1.9167E-01  2.8751E-03  1.7250E-03  1.0   1.0
 3.500E-01 6.071E+00 4.746E-01  2.4534E-01  3.6801E-03  2.2080E-03  1.0   1.0
 2.610E-01 5.223E+00 5.479E-01  2.9200E-01  4.3800E-03  7.5920E-03  1.0   1.0
 1.730E-01 4.084E+00 6.465E-01  3.2651E-01  4.8977E-03  8.4893E-03  1.0   1.0
 7.510E-01 7.334E+00 3.915E-01  3.0841E-02  5.8597E-04  6.1681E-04  1.0   1.0
 7.040E-01 7.148E+00 4.069E-01  4.4975E-02  7.1959E-04  7.6457E-04  1.0   1.0
 6.600E-01 6.960E+00 4.226E-01  6.2813E-02  1.0050E-03  9.4219E-04  1.0   1.0
 6.160E-01 6.757E+00 4.395E-01  8.1198E-02  1.2992E-03  1.1368E-03  1.0   1.0
 5.360E-01 6.341E+00 4.740E-01  1.2313E-01  1.8469E-03  1.6007E-03  1.0   1.0
 4.260E-01 5.648E+00 5.315E-01  1.9698E-01  2.7578E-03  2.3638E-03  1.0   1.0
 3.530E-01 5.090E+00 5.777E-01  2.4602E-01  3.4443E-03  2.9522E-03  1.0   1.0
 2.630E-01 4.252E+00 6.473E-01  2.9030E-01  4.6449E-03  2.6127E-03  1.0   1.0
 1.740E-01 3.198E+00 7.347E-01  3.3903E-01  7.4587E-03  3.0513E-03  1.0   1.0
 8.020E-01 1.012E+01 4.201E-01  1.5254E-02  4.1186E-04  3.8135E-04  1.0   1.0
 7.600E-01 9.883E+00 4.334E-01  2.4185E-02  5.3207E-04  4.5952E-04  1.0   1.0
 6.900E-01 9.468E+00 4.573E-01  4.3463E-02  8.2579E-04  7.3887E-04  1.0   1.0
 6.070E-01 8.912E+00 4.892E-01  7.8050E-02  1.2488E-03  1.0927E-03  1.0   1.0
 5.290E-01 8.314E+00 5.234E-01  1.2177E-01  1.9484E-03  1.5831E-03  1.0   1.0
 4.210E-01 7.332E+00 5.797E-01  1.9294E-01  3.0871E-03  2.3153E-03  1.0   1.0
 3.500E-01 6.558E+00 6.241E-01  2.4646E-01  4.4363E-03  2.9575E-03  1.0   1.0
 2.620E-01 5.416E+00 6.896E-01  2.9358E-01  4.9908E-03  2.3486E-03  1.0   1.0
 1.740E-01 4.018E+00 7.697E-01  3.1455E-01  5.9765E-03  3.7747E-03  1.0   1.0
 8.200E-01 1.391E+01 4.633E-01  9.5804E-03  2.9699E-04  2.5867E-04  1.0   1.0
 7.870E-01 1.364E+01 4.736E-01  1.4779E-02  3.6948E-04  3.2514E-04  1.0   1.0
 7.490E-01 1.332E+01 4.861E-01  2.2233E-02  4.4465E-04  4.0019E-04  1.0   1.0
 6.750E-01 1.264E+01 5.121E-01  4.4049E-02  7.9288E-04  5.7264E-04  1.0   1.0
 5.960E-01 1.184E+01 5.429E-01  7.6856E-02  1.3834E-03  1.0760E-03  1.0   1.0
 5.210E-01 1.098E+01 5.764E-01  1.1913E-01  2.0252E-03  1.5487E-03  1.0   1.0
 4.150E-01 9.576E+00 6.305E-01  1.9213E-01  3.0740E-03  2.3055E-03  1.0   1.0
 2.220E-01 6.182E+00 7.614E-01  3.0493E-01  5.1839E-03  2.4395E-03  1.0   1.0
 1.720E-01 5.056E+00 8.049E-01  3.2334E-01  6.4667E-03  3.8800E-03  1.0   1.0
 5.170E-01 2.497E+00 3.962E-01  1.6174E-01  2.2643E-03  1.4557E-03  1.0   1.0
 4.850E-01 2.434E+00 4.114E-01  1.7837E-01  3.0323E-03  1.6053E-03  1.0   1.0
 4.210E-01 2.292E+00 4.457E-01  2.2258E-01  3.5613E-03  2.0032E-03  1.0   1.0
 3.260E-01 2.028E+00 5.095E-01  2.7212E-01  3.8097E-03  2.4491E-03  1.0   1.0
 2.430E-01 1.727E+00 5.825E-01  3.0657E-01  4.9051E-03  3.0657E-03  1.0   1.0
 1.730E-01 1.395E+00 6.626E-01  2.9026E-01  5.2247E-03  2.9026E-03  1.0   1.0
 7.180E-01 6.029E+00 4.304E-01  4.3236E-02  1.0809E-03  7.3501E-04  1.0   1.0
 6.530E-01 5.782E+00 4.536E-01  6.7570E-02  2.3650E-03  1.0136E-03  1.0   1.0
 6.150E-01 5.624E+00 4.688E-01  8.7638E-02  2.7168E-03  1.2269E-03  1.0   1.0
 5.440E-01 5.303E+00 4.991E-01  1.2401E-01  2.7282E-03  1.6121E-03  1.0   1.0
 4.320E-01 4.693E+00 5.567E-01  1.9657E-01  4.5211E-03  1.7691E-03  1.0   1.0
 3.580E-01 4.208E+00 6.026E-01  2.5211E-01  4.7901E-03  2.2690E-03  1.0   1.0
 2.670E-01 3.488E+00 6.706E-01  2.9159E-01  5.2487E-03  2.6243E-03  1.0   1.0
 1.760E-01 2.598E+00 7.546E-01  3.1166E-01  7.1682E-03  3.7399E-03  1.0   1.0
 7.860E-01 9.198E+00 4.686E-01  1.8532E-02  4.4476E-04  4.0770E-04  1.0   1.0
 7.470E-01 8.978E+00 4.814E-01  2.7641E-02  6.9103E-04  4.9754E-04  1.0   1.0
 6.900E-01 8.633E+00 5.014E-01  4.4643E-02  8.0357E-04  7.1429E-04  1.0   1.0
 6.090E-01 8.098E+00 5.323E-01  7.8733E-02  1.4959E-03  1.1023E-03  1.0   1.0
 5.330E-01 7.521E+00 5.656E-01  1.2030E-01  1.9248E-03  1.5639E-03  1.0   1.0
 4.240E-01 6.571E+00 6.205E-01  1.9181E-01  3.2607E-03  2.4935E-03  1.0   1.0
 3.530E-01 5.836E+00 6.629E-01  2.4089E-01  4.3359E-03  2.1680E-03  1.0   1.0
 2.640E-01 4.773E+00 7.244E-01  2.8977E-01  5.7953E-03  2.6079E-03  1.0   1.0
 1.760E-01 3.500E+00 7.979E-01  3.1637E-01  7.5929E-03  3.7964E-03  1.0   1.0
 8.180E-01 1.240E+01 5.049E-01  1.0314E-02  2.9910E-04  2.6815E-04  1.0   1.0
 7.630E-01 1.196E+01 5.224E-01  2.0455E-02  4.0910E-04  4.0910E-04  1.0   1.0
 6.780E-01 1.124E+01 5.516E-01  4.3266E-02  8.2206E-04  6.4899E-04  1.0   1.0
 5.990E-01 1.047E+01 5.820E-01  7.7021E-02  1.3094E-03  1.0783E-03  1.0   1.0
 5.230E-01 9.656E+00 6.147E-01  1.1873E-01  2.1371E-03  1.5435E-03  1.0   1.0
 4.170E-01 8.349E+00 6.668E-01  1.8770E-01  3.1909E-03  2.2524E-03  1.0   1.0
 3.470E-01 7.355E+00 7.065E-01  2.4205E-01  4.3569E-03  2.1784E-03  1.0   1.0
 2.590E-01 5.941E+00 7.629E-01  2.9140E-01  5.8281E-03  2.6226E-03  1.0   1.0
 1.720E-01 4.290E+00 8.288E-01  3.0341E-01  7.2818E-03  3.6409E-03  1.0   1.0
 8.600E-01 1.705E+01 5.419E-01  4.3946E-03  2.4171E-04  1.4502E-04  1.0   1.0
 8.070E-01 1.646E+01 5.576E-01  1.0104E-02  3.2333E-04  2.4250E-04  1.0   1.0
 7.420E-01 1.571E+01 5.781E-01  2.1743E-02  5.8706E-04  3.9137E-04  1.0   1.0
 6.700E-01 1.478E+01 6.030E-01  4.2504E-02  9.3509E-04  6.3756E-04  1.0   1.0
 5.920E-01 1.369E+01 6.321E-01  7.4471E-02  1.4894E-03  9.6812E-04  1.0   1.0
 5.170E-01 1.255E+01 6.629E-01  1.1815E-01  2.3631E-03  1.5360E-03  1.0   1.0
 4.130E-01 1.074E+01 7.114E-01  1.9410E-01  4.2702E-03  2.3292E-03  1.0   1.0
 3.430E-01 9.391E+00 7.477E-01  2.3117E-01  4.6235E-03  1.8494E-03  1.0   1.0
 2.570E-01 7.502E+00 7.985E-01  2.8490E-01  6.5528E-03  2.5641E-03  1.0   1.0
 1.710E-01 5.350E+00 8.563E-01  3.1439E-01  7.5454E-03  3.7727E-03  1.0   1.0
 8.660E-01 1.918E+01 6.055E-01  3.3637E-03  1.5473E-04  1.0764E-04  1.0   1.0
 8.090E-01 1.840E+01 6.214E-01  8.4857E-03  2.2911E-04  1.8669E-04  1.0   1.0
 7.400E-01 1.740E+01 6.422E-01  2.0167E-02  5.0417E-04  3.4284E-04  1.0   1.0
 6.680E-01 1.626E+01 6.655E-01  4.0297E-02  9.2684E-04  6.0446E-04  1.0   1.0
 5.910E-01 1.496E+01 6.923E-01  7.1993E-02  1.5119E-03  9.3591E-04  1.0   1.0
 5.160E-01 1.361E+01 7.202E-01  1.1825E-01  2.3650E-03  1.5372E-03  1.0   1.0
 4.120E-01 1.152E+01 7.632E-01  1.8249E-01  3.2848E-03  1.6424E-03  1.0   1.0
 3.430E-01 9.980E+00 7.948E-01  2.3048E-01  4.1486E-03  2.0743E-03  1.0   1.0
 2.570E-01 7.880E+00 8.379E-01  2.7890E-01  5.2990E-03  2.5101E-03  1.0   1.0
 1.710E-01 5.548E+00 8.859E-01  2.8558E-01  8.5673E-03  3.7125E-03  1.0   1.0
