ZEUS F2c electron measurements : hep-ex/9908012; Euro. Phys. J. C 12, 35 (2000) 
Average <F2c/F2> =
*** 1.6% normalization uncertainty
0.016  0  : normalization uncertainty
     x          q2      F2c    dummy  staterr  syserr Kf-msbar Kf-DIS
 0.000050      1.8    0.107    0.0    0.017    0.016      1.0      1.0
 0.000130      1.8    0.054    0.0    0.011    0.009      1.0      1.0
 0.000500      1.8    0.034    0.0    0.006    0.004      1.0      1.0
 0.000130      4.0    0.195    0.0    0.024    0.023      1.0      1.0
 0.000300      4.0    0.088    0.0    0.013    0.012      1.0      1.0
 0.001200      4.0    0.058    0.0    0.009    0.010      1.0      1.0
 0.000300      7.0    0.176    0.0    0.027    0.024      1.0      1.0
 0.001200      7.0    0.095    0.0    0.015    0.013      1.0      1.0
 0.000300     11.0    0.314    0.0    0.048    0.029      1.0      1.0
 0.000800     11.0    0.211    0.0    0.030    0.043      1.0      1.0
 0.002000     11.0    0.123    0.0    0.020    0.008      1.0      1.0
 0.000500     18.0    0.320    0.0    0.050    0.070      1.0      1.0
 0.001200     18.0    0.248    0.0    0.032    0.036      1.0      1.0
 0.004000     18.0    0.136    0.0    0.021    0.024      1.0      1.0
 0.000800     30.0    0.395    0.0    0.052    0.044      1.0      1.0
 0.002000     30.0    0.181    0.0    0.024    0.023      1.0      1.0
 0.008000     30.0    0.121    0.0    0.021    0.015      1.0      1.0
 0.002000     60.0    0.361    0.0    0.077    0.062      1.0      1.0
 0.008000     60.0    0.168    0.0    0.027    0.021      1.0      1.0
 0.004000    130.0    0.272    0.0    0.053    0.052      1.0      1.0
 0.020000    130.0    0.109    0.0    0.017    0.016      1.0      1.0
