Zeus 1994 F2 DESY 96-076 (from Durham database)  cteq5m kfac
Measurement of the F2 structure function in deep-inelastic e+p
scattering using 1994 data from the ZEUS detector at HERA
0.02   : Normalization Uncertainty
     x          q2       F2    dummy  staterr  syserr Kf-msbar Kf-DIS
 0.000063      3.5    0.875    0.0    0.052    0.092      1.0      1.0
 0.000100      3.5    0.939    0.0    0.040    0.068      1.0      1.0
 1.000E-04 4.500E+00 1.030E+00 0.000E+00 2.800E-02 5.700E-02 1.045E+00 1.000E+00
 1.000E-04 6.500E+00 1.221E+00 0.000E+00 3.600E-02 8.700E-02 1.025E+00 1.000E+00
 1.600E-04 4.500E+00 1.038E+00 0.000E+00 2.800E-02 3.600E-02 1.040E+00 1.000E+00
 1.600E-04 6.500E+00 1.138E+00 0.000E+00 2.100E-02 4.200E-02 1.022E+00 1.000E+00
 1.600E-04 8.500E+00 1.337E+00 0.000E+00 3.700E-02 7.100E-02 1.013E+00 1.000E+00
 1.600E-04 1.000E+01 1.359E+00 0.000E+00 7.500E-02 9.600E-02 1.008E+00 1.000E+00
 2.500E-04 4.500E+00 9.320E-01 0.000E+00 2.900E-02 3.200E-02 1.034E+00 1.000E+00
 2.500E-04 6.500E+00 1.038E+00 0.000E+00 1.800E-02 2.400E-02 1.018E+00 1.000E+00
 2.500E-04 8.500E+00 1.151E+00 0.000E+00 2.400E-02 3.000E-02 1.009E+00 1.000E+00
 2.500E-04 1.000E+01 1.231E+00 0.000E+00 3.200E-02 4.300E-02 1.004E+00 1.000E+00
 2.500E-04 1.200E+01 1.300E+00 0.000E+00 4.200E-02 5.800E-02 1.000E+00 1.000E+00
 2.500E-04 1.500E+01 1.559E+00 0.000E+00 6.500E-02 9.900E-02 9.958E-01 1.000E+00
 4.000E-04 6.500E+00 9.510E-01 0.000E+00 1.900E-02 2.900E-02 1.012E+00 1.000E+00
 4.000E-04 8.500E+00 9.930E-01 0.000E+00 2.100E-02 2.400E-02 1.004E+00 1.000E+00
 4.000E-04 1.000E+01 1.136E+00 0.000E+00 2.600E-02 2.600E-02 9.993E-01 1.000E+00
 4.000E-04 1.200E+01 1.128E+00 0.000E+00 3.100E-02 3.000E-02 9.951E-01 1.000E+00
 4.000E-04 1.500E+01 1.338E+00 0.000E+00 3.500E-02 4.000E-02 9.908E-01 1.000E+00
 4.000E-04 1.800E+01 1.438E+00 0.000E+00 4.100E-02 4.800E-02 9.880E-01 1.000E+00
 4.000E-04 2.200E+01 1.507E+00 0.000E+00 5.800E-02 9.800E-02 9.851E-01 1.000E+00
 6.300E-04 6.500E+00 8.410E-01 0.000E+00 1.800E-02 2.100E-02 1.003E+00 1.000E+00
 6.300E-04 8.500E+00 9.200E-01 0.000E+00 1.900E-02 1.900E-02 9.949E-01 1.000E+00
 6.300E-04 1.000E+01 9.680E-01 0.000E+00 2.200E-02 2.600E-02 9.909E-01 1.000E+00
 6.300E-04 1.200E+01 1.102E+00 0.000E+00 2.700E-02 2.800E-02 9.870E-01 1.000E+00
 6.300E-04 1.500E+01 1.092E+00 0.000E+00 2.700E-02 2.900E-02 9.829E-01 1.000E+00
 6.300E-04 1.800E+01 1.166E+00 0.000E+00 3.100E-02 3.700E-02 9.804E-01 1.000E+00
 6.300E-04 2.200E+01 1.324E+00 0.000E+00 3.700E-02 4.200E-02 9.772E-01 1.000E+00
 6.300E-04 2.700E+01 1.460E+00 0.000E+00 4.100E-02 3.700E-02 9.748E-01 1.000E+00
 6.300E-04 3.500E+01 1.565E+00 0.000E+00 7.300E-02 5.600E-02 9.725E-01 1.000E+00
 1.000E-03 6.500E+00 7.760E-01 0.000E+00 1.700E-02 3.200E-02 9.986E-01 1.000E+00
 1.000E-03 8.500E+00 8.310E-01 0.000E+00 1.800E-02 2.800E-02 9.905E-01 1.000E+00
 1.000E-03 1.000E+01 8.570E-01 0.000E+00 2.100E-02 2.400E-02 9.867E-01 1.000E+00
 1.000E-03 1.200E+01 9.030E-01 0.000E+00 2.300E-02 3.000E-02 9.830E-01 1.000E+00
 1.000E-03 1.500E+01 9.920E-01 0.000E+00 2.500E-02 3.500E-02 9.795E-01 1.000E+00
 1.000E-03 1.800E+01 1.015E+00 0.000E+00 2.800E-02 3.100E-02 9.771E-01 1.000E+00
 1.000E-03 2.200E+01 1.081E+00 0.000E+00 2.800E-02 3.000E-02 9.736E-01 1.000E+00
 1.000E-03 2.700E+01 1.194E+00 0.000E+00 3.200E-02 2.600E-02 9.716E-01 1.000E+00
 1.000E-03 3.500E+01 1.370E+00 0.000E+00 4.400E-02 2.800E-02 9.697E-01 1.000E+00
 1.000E-03 4.500E+01 1.441E+00 0.000E+00 5.300E-02 5.400E-02 9.681E-01 1.000E+00
 1.000E-03 6.000E+01 1.553E+00 0.000E+00 7.300E-02 6.700E-02 9.670E-01 1.000E+00
 1.600E-03 6.500E+00 7.530E-01 0.000E+00 1.900E-02 2.700E-02 9.941E-01 1.000E+00
 1.600E-03 8.500E+00 7.040E-01 0.000E+00 1.700E-02 1.900E-02 9.866E-01 1.000E+00
 1.600E-03 1.000E+01 7.920E-01 0.000E+00 2.100E-02 2.100E-02 9.830E-01 1.000E+00
 1.600E-03 1.200E+01 7.890E-01 0.000E+00 2.300E-02 2.500E-02 9.795E-01 1.000E+00
 1.600E-03 1.500E+01 9.080E-01 0.000E+00 2.400E-02 2.300E-02 9.759E-01 1.000E+00
 1.600E-03 1.800E+01 9.320E-01 0.000E+00 2.600E-02 2.200E-02 9.739E-01 1.000E+00
 1.600E-03 2.200E+01 9.300E-01 0.000E+00 2.600E-02 3.200E-02 9.702E-01 1.000E+00
 1.600E-03 2.700E+01 1.140E+00 0.000E+00 3.300E-02 3.600E-02 9.688E-01 1.000E+00
 1.600E-03 3.500E+01 1.149E+00 0.000E+00 3.800E-02 2.600E-02 9.670E-01 1.000E+00
 1.600E-03 4.500E+01 1.178E+00 0.000E+00 4.500E-02 4.000E-02 9.657E-01 1.000E+00
 1.600E-03 6.000E+01 1.339E+00 0.000E+00 5.000E-02 3.200E-02 9.649E-01 1.000E+00
 1.600E-03 7.000E+01 1.318E+00 0.000E+00 6.200E-02 5.400E-02 9.644E-01 1.000E+00
 1.600E-03 9.000E+01 1.363E+00 0.000E+00 1.010E-01 8.200E-02 9.640E-01 1.000E+00
 2.500E-03 6.500E+00 6.450E-01 0.000E+00 1.200E-02 2.800E-02 9.871E-01 1.000E+00
 2.500E-03 1.000E+01 7.150E-01 0.000E+00 1.800E-02 3.100E-02 9.778E-01 1.000E+00
 2.500E-03 1.200E+01 7.460E-01 0.000E+00 2.100E-02 2.700E-02 9.747E-01 1.000E+00
 2.500E-03 1.500E+01 7.930E-01 0.000E+00 2.100E-02 2.500E-02 9.720E-01 1.000E+00
 2.500E-03 1.800E+01 8.790E-01 0.000E+00 2.400E-02 2.200E-02 9.701E-01 1.000E+00
 2.500E-03 2.200E+01 9.060E-01 0.000E+00 2.500E-02 2.300E-02 9.661E-01 1.000E+00
 2.500E-03 2.700E+01 9.280E-01 0.000E+00 2.800E-02 2.200E-02 9.647E-01 1.000E+00
 2.500E-03 3.500E+01 1.018E+00 0.000E+00 3.200E-02 3.600E-02 9.633E-01 1.000E+00
 2.500E-03 4.500E+01 1.071E+00 0.000E+00 3.700E-02 2.100E-02 9.623E-01 1.000E+00
 2.500E-03 6.000E+01 1.100E+00 0.000E+00 4.000E-02 3.200E-02 9.647E-01 1.000E+00
 2.500E-03 7.000E+01 1.228E+00 0.000E+00 4.900E-02 4.800E-02 9.643E-01 1.000E+00
 2.500E-03 9.000E+01 1.275E+00 0.000E+00 6.300E-02 4.100E-02 9.636E-01 1.000E+00
 2.500E-03 1.200E+02 1.467E+00 0.000E+00 9.300E-02 3.400E-02 9.632E-01 1.000E+00
 2.500E-03 1.500E+02 1.275E+00 0.000E+00 1.300E-01 4.400E-02 9.630E-01 1.000E+00
 4.000E-03 6.500E+00 6.290E-01 0.000E+00 9.000E-03 2.300E-02 9.808E-01 1.000E+00
 4.000E-03 2.200E+01 7.490E-01 0.000E+00 2.200E-02 3.600E-02 9.647E-01 1.000E+00
 4.000E-03 2.700E+01 7.650E-01 0.000E+00 2.400E-02 2.700E-02 9.641E-01 1.000E+00
 4.000E-03 3.500E+01 8.870E-01 0.000E+00 3.000E-02 2.400E-02 9.628E-01 1.000E+00
 4.000E-03 4.500E+01 8.940E-01 0.000E+00 3.400E-02 2.600E-02 9.619E-01 1.000E+00
 4.000E-03 6.000E+01 1.012E+00 0.000E+00 3.900E-02 3.200E-02 9.612E-01 1.000E+00
 4.000E-03 7.000E+01 9.170E-01 0.000E+00 3.900E-02 2.800E-02 9.610E-01 1.000E+00
 4.000E-03 9.000E+01 1.068E+00 0.000E+00 5.400E-02 3.800E-02 9.607E-01 1.000E+00
 4.000E-03 1.200E+02 1.176E+00 0.000E+00 7.300E-02 2.700E-02 9.606E-01 1.000E+00
 4.000E-03 1.500E+02 1.013E+00 0.000E+00 7.000E-02 2.300E-02 9.606E-01 1.000E+00
 4.000E-03 2.000E+02 1.035E+00 0.000E+00 9.600E-02 2.400E-02 9.607E-01 1.000E+00
 4.000E-03 2.500E+02 1.353E+00 0.000E+00 2.190E-01 4.700E-02 9.609E-01 1.000E+00
 6.300E-03 1.000E+01 5.930E-01 0.000E+00 8.000E-03 2.100E-02 9.647E-01 1.000E+00
 6.300E-03 1.500E+01 6.620E-01 0.000E+00 1.400E-02 2.200E-02 9.606E-01 1.000E+00
 6.300E-03 1.800E+01 6.290E-01 0.000E+00 1.300E-02 2.000E-02 9.603E-01 1.000E+00
 6.300E-03 2.200E+01 7.010E-01 0.000E+00 2.100E-02 2.600E-02 9.561E-01 1.000E+00
 6.300E-03 2.700E+01 6.740E-01 0.000E+00 2.100E-02 2.000E-02 9.555E-01 1.000E+00
 6.300E-03 3.500E+01 7.490E-01 0.000E+00 2.700E-02 2.600E-02 9.550E-01 1.000E+00
 6.300E-03 4.500E+01 8.040E-01 0.000E+00 3.100E-02 4.500E-02 9.543E-01 1.000E+00
 6.300E-03 6.000E+01 8.900E-01 0.000E+00 3.500E-02 3.200E-02 9.541E-01 1.000E+00
 6.300E-03 7.000E+01 8.870E-01 0.000E+00 4.000E-02 3.200E-02 9.542E-01 1.000E+00
 6.300E-03 9.000E+01 9.740E-01 0.000E+00 4.900E-02 2.800E-02 9.545E-01 1.000E+00
 6.300E-03 1.200E+02 1.112E+00 0.000E+00 6.600E-02 3.200E-02 9.549E-01 1.000E+00
 6.300E-03 1.500E+02 9.910E-01 0.000E+00 6.300E-02 2.800E-02 9.553E-01 1.000E+00
 6.300E-03 2.000E+02 1.041E+00 0.000E+00 8.400E-02 2.400E-02 9.559E-01 1.000E+00
 6.300E-03 2.500E+02 1.176E+00 0.000E+00 1.160E-01 2.700E-02 9.564E-01 1.000E+00
 6.300E-03 3.500E+02 1.107E+00 0.000E+00 1.270E-01 3.800E-02 9.571E-01 1.000E+00
 6.300E-03 4.500E+02 1.722E+00 0.000E+00 3.480E-01 7.400E-02 9.574E-01 1.000E+00
 1.000E-02 2.200E+01 6.010E-01 0.000E+00 1.300E-02 2.400E-02 9.457E-01 1.000E+00
 1.000E-02 3.500E+01 6.810E-01 0.000E+00 2.500E-02 2.400E-02 9.473E-01 1.000E+00
 1.000E-02 4.500E+01 7.450E-01 0.000E+00 2.900E-02 3.700E-02 9.476E-01 1.000E+00
 1.000E-02 6.000E+01 6.720E-01 0.000E+00 2.800E-02 1.900E-02 9.481E-01 1.000E+00
 1.000E-02 7.000E+01 7.740E-01 0.000E+00 3.500E-02 3.600E-02 9.485E-01 1.000E+00
 1.000E-02 9.000E+01 8.450E-01 0.000E+00 4.300E-02 3.500E-02 9.491E-01 1.000E+00
 1.000E-02 1.200E+02 8.360E-01 0.000E+00 5.100E-02 2.000E-02 9.499E-01 1.000E+00
 1.000E-02 1.500E+02 8.350E-01 0.000E+00 5.600E-02 2.000E-02 9.511E-01 1.000E+00
 1.000E-02 2.000E+02 8.320E-01 0.000E+00 6.700E-02 2.400E-02 9.520E-01 1.000E+00
 1.000E-02 2.500E+02 9.160E-01 0.000E+00 8.500E-02 2.600E-02 9.526E-01 1.000E+00
 1.000E-02 3.500E+02 8.140E-01 0.000E+00 8.600E-02 1.900E-02 9.530E-01 1.000E+00
 1.000E-02 4.500E+02 9.290E-01 0.000E+00 1.280E-01 3.200E-02 9.538E-01 1.000E+00
 1.000E-02 6.500E+02 1.067E+00 0.000E+00 1.630E-01 4.600E-02 9.549E-01 1.000E+00
 1.000E-02 8.000E+02 8.900E-01 0.000E+00 2.410E-01 3.800E-02 9.556E-01 1.000E+00
 1.600E-02 6.500E+00 4.950E-01 0.000E+00 8.000E-03 3.000E-02 9.481E-01 1.000E+00
 1.600E-02 1.000E+01 5.170E-01 0.000E+00 7.000E-03 1.100E-02 9.453E-01 1.000E+00
 1.600E-02 1.500E+01 5.530E-01 0.000E+00 7.000E-03 1.400E-02 9.448E-01 1.000E+00
 1.600E-02 3.500E+01 6.040E-01 0.000E+00 1.700E-02 1.900E-02 9.433E-01 1.000E+00
 1.600E-02 6.000E+01 6.140E-01 0.000E+00 2.900E-02 3.800E-02 9.450E-01 1.000E+00
 1.600E-02 7.000E+01 6.970E-01 0.000E+00 3.700E-02 3.000E-02 9.456E-01 1.000E+00
 1.600E-02 9.000E+01 6.190E-01 0.000E+00 3.700E-02 4.500E-02 9.466E-01 1.000E+00
 1.600E-02 1.200E+02 6.100E-01 0.000E+00 4.300E-02 2.700E-02 9.478E-01 1.000E+00
 1.600E-02 1.500E+02 6.850E-01 0.000E+00 5.000E-02 1.700E-02 9.487E-01 1.000E+00
 1.600E-02 2.000E+02 7.200E-01 0.000E+00 6.200E-02 1.800E-02 9.492E-01 1.000E+00
 1.600E-02 2.500E+02 6.990E-01 0.000E+00 7.400E-02 1.700E-02 9.506E-01 1.000E+00
 1.600E-02 3.500E+02 6.610E-01 0.000E+00 7.600E-02 1.900E-02 9.520E-01 1.000E+00
 1.600E-02 4.500E+02 8.640E-01 0.000E+00 1.250E-01 3.300E-02 9.532E-01 1.000E+00
 1.600E-02 6.500E+02 8.970E-01 0.000E+00 1.420E-01 3.000E-02 9.546E-01 1.000E+00
 1.600E-02 8.000E+02 8.190E-01 0.000E+00 1.690E-01 2.800E-02 9.554E-01 1.000E+00
 1.600E-02 1.200E+03 6.340E-01 0.000E+00 1.350E-01 2.700E-02 9.568E-01 1.000E+00
 2.500E-02 2.200E+01 4.900E-01 0.000E+00 7.000E-03 1.100E-02 9.355E-01 1.000E+00
 2.500E-02 3.500E+01 5.700E-01 0.000E+00 1.200E-02 1.600E-02 9.384E-01 1.000E+00
 2.500E-02 6.000E+01 6.270E-01 0.000E+00 2.000E-02 1.500E-02 9.415E-01 1.000E+00
 2.500E-02 7.000E+01 6.070E-01 0.000E+00 2.100E-02 2.200E-02 9.424E-01 1.000E+00
 2.500E-02 9.000E+01 5.560E-01 0.000E+00 3.300E-02 2.900E-02 9.439E-01 1.000E+00
 2.500E-02 1.200E+02 6.530E-01 0.000E+00 4.500E-02 1.900E-02 9.454E-01 1.000E+00
 2.500E-02 1.500E+02 7.190E-01 0.000E+00 5.400E-02 3.200E-02 9.466E-01 1.000E+00
 2.500E-02 2.000E+02 6.310E-01 0.000E+00 6.000E-02 2.800E-02 9.481E-01 1.000E+00
 2.500E-02 2.500E+02 5.440E-01 0.000E+00 6.100E-02 1.300E-02 9.493E-01 1.000E+00
 2.500E-02 3.500E+02 4.460E-01 0.000E+00 5.500E-02 1.100E-02 9.510E-01 1.000E+00
 2.500E-02 4.500E+02 6.880E-01 0.000E+00 9.500E-02 2.600E-02 9.522E-01 1.000E+00
 2.500E-02 6.500E+02 7.280E-01 0.000E+00 1.090E-01 2.800E-02 9.539E-01 1.000E+00
 2.500E-02 8.000E+02 6.570E-01 0.000E+00 1.220E-01 2.200E-02 9.548E-01 1.000E+00
 2.500E-02 1.200E+03 6.410E-01 0.000E+00 1.280E-01 2.200E-02 9.565E-01 1.000E+00
 2.500E-02 1.500E+03 6.010E-01 0.000E+00 1.050E-01 2.600E-02 9.574E-01 1.000E+00
 4.000E-02 6.500E+00 4.030E-01 0.000E+00 1.900E-02 1.110E-01 9.223E-01 1.000E+00
 4.000E-02 9.000E+01 5.260E-01 0.000E+00 3.100E-02 3.400E-02 9.396E-01 1.000E+00
 4.000E-02 1.200E+02 5.190E-01 0.000E+00 3.600E-02 1.500E-02 9.418E-01 1.000E+00
 4.000E-02 1.500E+02 5.220E-01 0.000E+00 3.900E-02 1.500E-02 9.433E-01 1.000E+00
 4.000E-02 2.000E+02 5.410E-01 0.000E+00 5.000E-02 1.500E-02 9.453E-01 1.000E+00
 4.000E-02 2.500E+02 5.830E-01 0.000E+00 6.300E-02 2.600E-02 9.468E-01 1.000E+00
 4.000E-02 3.500E+02 6.720E-01 0.000E+00 8.900E-02 3.000E-02 9.488E-01 1.000E+00
 4.000E-02 4.500E+02 4.350E-01 0.000E+00 7.500E-02 1.500E-02 9.503E-01 1.000E+00
 4.000E-02 6.500E+02 4.710E-01 0.000E+00 1.020E-01 1.800E-02 9.523E-01 1.000E+00
 4.000E-02 8.000E+02 5.120E-01 0.000E+00 1.150E-01 1.900E-02 9.534E-01 1.000E+00
 4.000E-02 1.200E+03 5.770E-01 0.000E+00 1.320E-01 2.000E-02 9.554E-01 1.000E+00
 4.000E-02 2.000E+03 6.820E-01 0.000E+00 1.690E-01 2.300E-02 9.578E-01 1.000E+00
 8.000E-02 1.000E+01 3.950E-01 0.000E+00 1.000E-02 7.900E-02 9.121E-01 1.000E+00
 8.000E-02 1.500E+01 3.700E-01 0.000E+00 8.000E-03 5.100E-02 9.189E-01 1.000E+00
 8.000E-02 2.200E+01 3.380E-01 0.000E+00 9.000E-03 5.900E-02 9.207E-01 1.000E+00
 8.000E-02 3.500E+01 4.610E-01 0.000E+00 1.300E-02 5.200E-02 9.273E-01 1.000E+00
 8.000E-02 6.000E+01 5.210E-01 0.000E+00 1.900E-02 4.300E-02 9.336E-01 1.000E+00
 8.000E-02 7.000E+01 4.840E-01 0.000E+00 1.800E-02 2.800E-02 9.352E-01 1.000E+00
 8.000E-02 9.000E+01 4.530E-01 0.000E+00 1.900E-02 2.800E-02 9.378E-01 1.000E+00
 8.000E-02 1.200E+02 4.510E-01 0.000E+00 2.200E-02 1.900E-02 9.405E-01 1.000E+00
 8.000E-02 1.500E+02 4.200E-01 0.000E+00 2.200E-02 1.100E-02 9.425E-01 1.000E+00
 8.000E-02 2.000E+02 4.100E-01 0.000E+00 2.700E-02 1.100E-02 9.449E-01 1.000E+00
 8.000E-02 2.500E+02 4.350E-01 0.000E+00 3.400E-02 1.300E-02 9.466E-01 1.000E+00
 8.000E-02 3.500E+02 4.140E-01 0.000E+00 3.700E-02 1.200E-02 9.491E-01 1.000E+00
 8.000E-02 4.500E+02 4.550E-01 0.000E+00 4.800E-02 2.400E-02 9.508E-01 1.000E+00
 8.000E-02 6.500E+02 4.450E-01 0.000E+00 5.600E-02 2.200E-02 9.532E-01 1.000E+00
 8.000E-02 8.000E+02 2.930E-01 0.000E+00 4.800E-02 1.000E-02 9.545E-01 1.000E+00
 8.000E-02 1.200E+03 3.160E-01 0.000E+00 5.200E-02 1.100E-02 9.568E-01 1.000E+00
 8.000E-02 1.500E+03 5.930E-01 0.000E+00 1.190E-01 2.200E-02 9.580E-01 1.000E+00
 8.000E-02 2.000E+03 3.510E-01 0.000E+00 9.900E-02 1.300E-02 9.594E-01 1.000E+00
 8.000E-02 3.000E+03 2.270E-01 0.000E+00 6.700E-02 8.000E-03 9.613E-01 1.000E+00
 8.000E-02 5.000E+03 5.580E-01 0.000E+00 2.090E-01 2.400E-02 9.635E-01 1.000E+00
 2.000E-01 9.000E+01 2.550E-01 0.000E+00 2.900E-02 5.800E-02 9.605E-01 1.000E+00
 2.000E-01 1.200E+02 2.070E-01 0.000E+00 2.200E-02 5.200E-02 9.632E-01 1.000E+00
 2.000E-01 1.500E+02 2.880E-01 0.000E+00 2.600E-02 3.900E-02 9.651E-01 1.000E+00
 2.000E-01 2.000E+02 2.710E-01 0.000E+00 2.500E-02 1.100E-02 9.672E-01 1.000E+00
 2.000E-01 2.500E+02 2.670E-01 0.000E+00 2.700E-02 1.100E-02 9.688E-01 1.000E+00
 2.000E-01 3.500E+02 2.620E-01 0.000E+00 2.900E-02 7.000E-03 9.711E-01 1.000E+00
 2.000E-01 4.500E+02 3.480E-01 0.000E+00 4.300E-02 1.300E-02 9.726E-01 1.000E+00
 2.000E-01 6.500E+02 3.440E-01 0.000E+00 4.600E-02 1.300E-02 9.747E-01 1.000E+00
 2.000E-01 8.000E+02 2.270E-01 0.000E+00 4.100E-02 9.000E-03 9.758E-01 1.000E+00
 2.000E-01 1.200E+03 3.040E-01 0.000E+00 5.700E-02 1.500E-02 9.778E-01 1.000E+00
 2.000E-01 1.500E+03 2.120E-01 0.000E+00 4.800E-02 1.100E-02 9.788E-01 1.000E+00
 2.000E-01 2.000E+03 4.010E-01 0.000E+00 1.100E-01 1.400E-02 9.800E-01 1.000E+00
 2.000E-01 3.000E+03 4.580E-01 0.000E+00 1.270E-01 1.600E-02 9.816E-01 1.000E+00
 2.000E-01 5.000E+03 1.940E-01 0.000E+00 5.600E-02 7.000E-03 9.834E-01 1.000E+00
 5.100E-01 1.200E+03 5.500E-02 0.000E+00 2.000E-02 3.000E-03 1.097E+00 1.000E+00
