ZEUS 96/97 data
5/17/01 from Jim Whitmore [whitmore@mail.desy.de]
*  DESY 01-???
0.015   10 : normalization_error, #_of_correlated_sys.err
     x         Q^2        F2        Dummy  StatErr    TotSysErr  UncorSErr  SysD1  SysD2  SysD3  SysD4  SysD5  SysD6  SysD7  SysD8  SysD9 SysD10
  6.300E-05  2.700E+00  8.691E-01   1.000  1.521E-02  4.050E-02  1.738E-02   1.85  -0.08   0.00   0.19   0.13   0.21   1.42   1.87   2.94   0.29
  6.300E-05  3.500E+00  1.177E+00   1.000  3.225E-02  1.497E-01  4.614E-02   2.57   0.60   0.00   0.82  -0.13   0.40   2.57   4.32  10.65   0.07
  1.020E-04  3.500E+00  9.785E-01   1.000  1.967E-02  3.484E-02  1.957E-02   1.72   0.34   0.00   0.75   0.15   0.13   0.84   0.82   1.89   0.08
  1.020E-04  4.500E+00  1.189E+00   1.000  2.391E-02  6.946E-02  1.499E-02   2.05  -0.41   0.00   0.26  -0.07   0.18   1.66   1.93   4.64  -0.14
  1.020E-04  6.500E+00  1.392E+00   1.000  3.298E-02  1.424E-01  1.378E-02   2.49   0.31   0.00   0.25  -0.25   0.45   2.48   2.42   9.23   0.21
  1.610E-04  2.700E+00  7.443E-01   1.000  7.816E-03  1.779E-02  1.355E-02   1.40   0.29   0.00  -0.23   0.10   0.20  -0.31   0.08   0.37  -0.15
  1.610E-04  3.500E+00  8.915E-01   1.000  1.747E-02  2.211E-02  1.721E-02   1.41   0.06   0.00   0.32  -0.15   0.26   0.27   0.12   0.36   0.02
  1.610E-04  4.500E+00  1.013E+00   1.000  2.026E-02  2.199E-02  7.497E-03   1.55   0.64   0.00   0.32   0.12   0.17   0.34   0.75   0.73  -0.05
  1.610E-04  6.500E+00  1.213E+00   1.000  1.844E-02  4.392E-02  5.338E-03   1.81  -0.03   0.00   0.61   0.07   0.14   0.65   0.95   2.82   0.03
  1.610E-04  8.500E+00  1.323E+00   1.000  3.267E-02  1.316E-01  2.222E-02   2.39   0.64   0.00  -0.96   0.16   0.36   1.79   1.83   9.07  -0.04
  1.610E-04  1.000E+01  1.400E+00   1.000  5.952E-02  1.790E-01  1.975E-02   2.72  -0.74   0.00  -0.56  -0.15   0.50   3.08   1.27  11.90   0.12
  2.530E-04  3.500E+00  8.328E-01   1.000  1.557E-02  1.990E-02  1.457E-02   1.28  -0.45   0.00  -0.48   0.09   0.39  -0.56  -0.22   0.19  -0.17
  2.530E-04  4.500E+00  9.291E-01   1.000  1.830E-02  2.453E-02  1.756E-02   1.34  -0.03   0.00  -0.49   0.11   0.16  -0.34   1.11   0.06   0.05
  2.530E-04  6.500E+00  1.094E+00   1.000  1.631E-02  2.058E-02  5.253E-03   1.46   0.40   0.00   0.49   0.08   0.34   0.32   0.45   0.58  -0.03
  2.530E-04  8.500E+00  1.223E+00   1.000  1.956E-02  3.240E-02  1.100E-02   1.64   0.56   0.00   0.59  -0.08   0.21   0.39   0.24   1.61   0.20
  2.530E-04  1.000E+01  1.291E+00   1.000  2.685E-02  5.783E-02  1.717E-02   1.89   0.27   0.00  -0.30  -0.19  -0.10   0.66  -0.07   3.76   0.05
  2.530E-04  1.200E+01  1.410E+00   1.000  3.680E-02  1.053E-01  1.354E-02   2.21   1.26   0.00  -0.95   0.22   0.29   0.98   0.54   6.78   0.24
  2.530E-04  1.500E+01  1.559E+00   1.000  4.584E-02  1.183E-01  2.277E-02   2.34   0.67   0.00   0.53   0.16   0.21   2.01   0.69   6.68  -0.15
  4.000E-04  2.700E+00  6.500E-01   1.000  7.020E-03  2.561E-02  2.346E-02   1.20   0.34   0.00  -0.27   0.13   0.36  -0.44   0.72   0.09  -0.04
  4.000E-04  3.500E+00  7.883E-01   1.000  1.506E-02  2.089E-02  1.640E-02   1.19  -0.28   0.00  -0.38  -0.27   0.33  -0.46   0.77   0.00   0.31
  4.000E-04  4.500E+00  8.842E-01   1.000  1.945E-02  2.157E-02  1.689E-02   1.22  -0.35   0.00  -0.37  -0.09  -0.19  -0.59   0.27   0.01  -0.32
  4.000E-04  6.500E+00  9.773E-01   1.000  1.495E-02  1.710E-02  8.307E-03   1.29  -0.14   0.00  -0.37  -0.07   0.29  -0.61  -0.20   0.15  -0.04
  4.000E-04  8.500E+00  1.078E+00   1.000  1.768E-02  2.134E-02  9.917E-03   1.38   0.59   0.00  -0.44   0.08   0.18  -0.36   0.10   0.63  -0.18
  4.000E-04  1.000E+01  1.115E+00   1.000  2.130E-02  2.598E-02  1.249E-02   1.48   0.80   0.00  -0.22   0.11   0.29  -0.48   0.17   0.95  -0.02
  4.000E-04  1.200E+01  1.217E+00   1.000  2.800E-02  3.311E-02  1.059E-02   1.61   0.59   0.00   0.22  -0.16  -0.06   0.13   0.26   1.87  -0.01
  4.000E-04  1.500E+01  1.303E+00   1.000  2.957E-02  4.860E-02  1.967E-02   1.78   0.44   0.00  -0.33  -0.16   0.26   0.13   0.76   2.73  -0.01
  5.000E-04  1.800E+01  1.325E+00   1.000  2.570E-02  5.484E-02  9.007E-03   1.94   0.42   0.00  -0.49   0.11   0.26   0.39   0.22   3.49   0.09
  5.000E-04  2.200E+01  1.425E+00   1.000  3.634E-02  5.629E-02  1.739E-02   1.99   0.47   0.00  -1.02   0.13   0.23   0.59   0.66   2.83  -0.01
  5.000E-04  2.700E+01  1.620E+00   1.000  5.379E-02  6.497E-02  2.382E-02   2.12   0.69   0.00   0.11   0.19   0.22   1.29   0.95   2.49   0.30
  6.320E-04  2.700E+00  6.069E-01   1.000  9.347E-03  2.634E-02  2.039E-02   1.13   0.34   0.00  -0.48   0.55  -0.20   0.06   2.35   0.05  -0.12
  6.320E-04  3.500E+00  7.007E-01   1.000  1.317E-02  2.074E-02  1.731E-02   1.14   0.20   0.00   0.41   0.34   0.27  -0.07   0.97   0.02   0.12
  6.320E-04  4.500E+00  8.036E-01   1.000  1.752E-02  1.631E-02  1.085E-02   1.15  -0.43   0.00  -0.15   0.19   0.35  -0.22   0.69   0.04   0.24
  6.320E-04  6.500E+00  9.004E-01   1.000  1.423E-02  2.773E-02  2.467E-02   1.19  -0.24   0.00  -0.21   0.21   0.30  -0.45   0.35   0.04   0.00
  6.320E-04  8.500E+00  9.765E-01   1.000  1.592E-02  2.695E-02  1.855E-02   1.23   1.41   0.00   0.25  -0.09   0.39  -0.30  -0.17   0.14   0.34
  6.320E-04  1.000E+01  1.021E+00   1.000  1.807E-02  1.970E-02  1.215E-02   1.28   0.37   0.00  -0.12  -0.16   0.35  -0.56  -0.06   0.18  -0.10
  6.320E-04  1.200E+01  1.078E+00   1.000  2.209E-02  2.457E-02  1.714E-02   1.34   0.32   0.00  -0.10  -0.19   0.20  -0.56   0.49   0.32   0.15
  6.320E-04  1.500E+01  1.151E+00   1.000  2.279E-02  2.509E-02  1.013E-02   1.43   1.03   0.00  -0.19  -0.07   0.27  -0.16   0.33   0.76  -0.21
  8.000E-04  1.800E+01  1.169E+00   1.000  2.607E-02  2.771E-02  1.041E-02   1.43   1.40   0.00  -0.11  -0.07   0.28  -0.57   0.06   0.53   0.30
  8.000E-04  2.200E+01  1.287E+00   1.000  2.831E-02  2.484E-02  8.364E-03   1.54  -0.12   0.00   0.27  -0.09   0.35  -0.10   0.25   0.63  -0.49
  8.000E-04  2.700E+01  1.325E+00   1.000  3.247E-02  2.876E-02  1.100E-02   1.69   0.40   0.00   0.10   0.10   0.27   0.21   0.36   0.86  -0.04
  8.000E-04  3.500E+01  1.467E+00   1.000  2.170E-02  4.238E-02  9.679E-03   1.89   0.36   0.01  -0.95  -0.02   0.04   0.32   1.05   1.44  -0.01
  8.000E-04  4.500E+01  1.604E+00   1.000  2.903E-02  5.757E-02  2.325E-02   2.05   0.42  -0.03   0.32  -0.09   0.26   1.65   0.14   1.87   0.04
  1.020E-03  6.500E+00  8.285E-01   1.000  1.301E-02  1.748E-02  1.292E-02   1.13   0.29   0.00  -0.26   0.31   0.23   0.05   0.64   0.04  -0.05
  1.020E-03  8.500E+00  8.766E-01   1.000  1.420E-02  1.385E-02  6.838E-03   1.15  -0.43   0.00  -0.41  -0.15   0.16  -0.32   0.02   0.10  -0.23
  1.020E-03  1.000E+01  9.354E-01   1.000  1.712E-02  1.759E-02  1.225E-02   1.17   0.24   0.00  -0.36  -0.16   0.19  -0.36  -0.20   0.01  -0.03
  1.020E-03  1.200E+01  9.852E-01   1.000  1.931E-02  1.901E-02  1.074E-02   1.20   0.75   0.00  -0.22   0.15   0.41  -0.47   0.26   0.04  -0.11
  1.020E-03  1.500E+01  1.059E+00   1.000  2.002E-02  1.981E-02  1.133E-02   1.25   0.29   0.00  -0.23  -0.29   0.33  -0.59   0.25   0.15   0.14
  1.300E-03  1.800E+01  1.041E+00   1.000  2.104E-02  2.312E-02  1.531E-02   1.24   0.82   0.00  -0.35  -0.08   0.37  -0.39   0.32   0.09   0.14
  1.300E-03  2.200E+01  1.071E+00   1.000  2.421E-02  2.442E-02  1.500E-02   1.30   0.99   0.00  -0.15  -0.17   0.39  -0.55   0.01   0.18   0.12
  1.300E-03  2.700E+01  1.190E+00   1.000  2.702E-02  3.166E-02  2.178E-02   1.38   1.14   0.00  -0.20   0.07   0.24  -0.61   0.14   0.21  -0.03
  1.300E-03  3.500E+01  1.241E+00   1.000  1.688E-02  2.222E-02  4.097E-03   1.49   0.47   0.00  -0.28  -0.07   0.43  -0.46   0.28   0.29   0.05
  1.300E-03  4.500E+01  1.327E+00   1.000  1.778E-02  2.800E-02  4.512E-03   1.62   0.46   0.00  -0.73   0.03   0.34  -0.78   0.17   0.45  -0.01
  1.300E-03  6.000E+01  1.450E+00   1.000  1.900E-02  3.161E-02  7.976E-03   1.80   0.53  -0.11  -0.44   0.12   0.14  -0.06   0.42   0.72  -0.02
  1.300E-03  7.000E+01  1.531E+00   1.000  2.710E-02  3.399E-02  9.185E-03   1.94   0.25  -0.27  -0.45   0.15   0.14   0.30  -0.27   0.54   0.02
  1.610E-03  6.500E+00  7.401E-01   1.000  1.310E-02  1.880E-02  1.458E-02   1.10  -0.66   0.00  -0.38  -0.49  -0.31  -0.08   0.40   0.05   0.56
  1.610E-03  8.500E+00  8.131E-01   1.000  1.455E-02  1.333E-02  7.968E-03   1.10   0.27   0.00  -0.08   0.30   0.05  -0.09   0.48   0.06  -0.31
  1.610E-03  1.000E+01  8.518E-01   1.000  1.806E-02  1.738E-02  1.031E-02   1.11   1.14   0.00   0.25  -0.27   0.15   0.09   0.01   0.04  -0.11
  1.610E-03  1.200E+01  8.995E-01   1.000  1.997E-02  1.439E-02  6.117E-03   1.13   0.83   0.00  -0.24   0.13   0.17  -0.14   0.10   0.08   0.10
  1.610E-03  1.500E+01  9.451E-01   1.000  2.060E-02  1.503E-02  6.994E-03   1.15   0.62   0.00  -0.46   0.09   0.04  -0.15   0.08   0.05  -0.10
  2.000E-03  2.700E+00  4.775E-01   1.000  4.345E-03  2.005E-02  1.308E-02   1.09   0.14   0.00  -0.20   0.48  -0.15  -0.05   0.80   0.01   2.82
  2.000E-03  3.500E+00  5.536E-01   1.000  4.761E-03  1.390E-02  7.585E-03   1.09  -0.06   0.00  -0.30   0.50  -0.06   0.02   0.84   0.02   1.47
  2.100E-03  1.800E+01  9.300E-01   1.000  2.120E-02  1.497E-02  8.091E-03   1.15   0.16   0.00   0.02  -0.17  -0.18  -0.18   0.44   0.04  -0.46
  2.100E-03  2.200E+01  1.003E+00   1.000  2.728E-02  1.965E-02  7.721E-03   1.19   0.83   0.00  -0.96   0.19  -0.30  -0.20   0.30   0.04  -0.05
  2.100E-03  2.700E+01  1.098E+00   1.000  3.096E-02  1.888E-02  1.065E-02   1.23   0.53   0.00   0.22  -0.15   0.31  -0.15   0.00   0.08  -0.02
  2.100E-03  3.500E+01  1.113E+00   1.000  1.814E-02  1.814E-02  4.785E-03   1.29   0.55   0.00  -0.47  -0.15   0.32  -0.36   0.14   0.03  -0.07
  2.100E-03  4.500E+01  1.139E+00   1.000  1.936E-02  1.891E-02  4.442E-03   1.37   0.49   0.00  -0.20   0.09   0.56  -0.27  -0.12   0.15   0.09
  2.100E-03  6.000E+01  1.230E+00   1.000  1.832E-02  2.226E-02  5.657E-03   1.48   0.38   0.00  -0.23  -0.16   0.35  -0.45   0.42   0.36  -0.14
  2.100E-03  7.000E+01  1.262E+00   1.000  2.183E-02  2.423E-02  4.164E-03   1.63   0.40  -0.10   0.32   0.05   0.42  -0.32   0.36   0.48   0.08
  2.100E-03  9.000E+01  1.277E+00   1.000  2.528E-02  2.771E-02  4.469E-03   1.81   0.20  -0.38  -0.83  -0.03   0.36  -0.23   0.23   0.47   0.03
  2.100E-03  1.200E+02  1.404E+00   1.000  3.131E-02  3.454E-02  1.081E-02   1.97  -0.03   0.62  -0.87   0.15   0.14   0.28  -0.56   0.03  -0.06
  2.530E-03  6.500E+00  6.663E-01   1.000  8.262E-03  1.239E-02  7.595E-03   1.08   0.20   0.00   0.30   0.56   0.03   0.03   0.59   0.00   0.47
  2.530E-03  1.000E+01  7.611E-01   1.000  1.553E-02  1.796E-02  1.347E-02   1.08   0.86   0.00  -0.17   0.37  -0.19  -0.09   0.43   0.04  -0.36
  2.530E-03  1.200E+01  7.935E-01   1.000  1.674E-02  1.508E-02  8.015E-03   1.08   0.59   0.00   0.35   0.26  -0.14   0.00   0.08   0.01   0.92
  2.530E-03  1.500E+01  8.366E-01   1.000  1.774E-02  1.380E-02  7.864E-03   1.10   0.56   0.00  -0.34   0.35  -0.09  -0.07   0.11   0.01  -0.25
  3.200E-03  1.800E+01  8.512E-01   1.000  2.077E-02  1.566E-02  8.597E-03   1.10   0.86   0.00  -0.51   0.21   0.17   0.05   0.23   0.08   0.19
  3.200E-03  2.200E+01  9.054E-01   1.000  2.309E-02  1.575E-02  1.068E-02   1.12   0.25   0.00   0.07  -0.41   0.11  -0.13   0.26   0.07   0.08
  3.200E-03  2.700E+01  9.023E-01   1.000  2.472E-02  1.931E-02  1.381E-02   1.15   0.77   0.00   0.08   0.18  -0.24  -0.04   0.48   0.05   0.00
  3.200E-03  3.500E+01  9.628E-01   1.000  1.598E-02  1.579E-02  7.125E-03   1.19   0.59   0.00   0.35   0.07   0.11  -0.14  -0.39   0.01  -0.23
  3.200E-03  4.500E+01  1.001E+00   1.000  1.521E-02  1.551E-02  5.204E-03   1.24   0.61   0.00  -0.23   0.20   0.12  -0.23  -0.04   0.01  -0.24
  3.200E-03  6.000E+01  1.079E+00   1.000  1.608E-02  1.630E-02  4.317E-03   1.31   0.35   0.00   0.16  -0.07   0.36  -0.27  -0.17   0.08  -0.14
  3.200E-03  7.000E+01  1.094E+00   1.000  1.826E-02  1.772E-02  5.031E-03   1.40   0.48  -0.02  -0.20  -0.13   0.30  -0.27   0.00   0.06  -0.05
  3.200E-03  9.000E+01  1.182E+00   1.000  2.186E-02  2.032E-02  2.599E-03   1.52   0.43  -0.35   0.26   0.08   0.41  -0.20  -0.06   0.05   0.06
  3.200E-03  1.200E+02  1.198E+00   1.000  2.313E-02  2.457E-02  8.749E-03   1.67   0.30   0.05  -0.69  -0.04   0.31  -0.41   0.02   0.10  -0.03
  3.200E-03  1.500E+02  1.238E+00   1.000  2.638E-02  2.799E-02  7.183E-03   1.87   0.03   0.36  -0.88  -0.08   0.10   0.31  -0.53   0.07   0.00
  3.200E-03  2.000E+02  1.248E+00   1.000  4.754E-02  4.055E-02  2.495E-02   2.02   0.00   0.76  -1.22   0.23   0.31   0.37  -0.35   0.07   0.03
  5.000E-03  6.500E+00  5.758E-01   1.000  5.412E-03  2.384E-02  4.894E-03   1.06   0.18   0.00  -0.31   0.40  -0.01   0.08   0.04   0.00   3.87
  5.000E-03  1.000E+01  6.244E-01   1.000  6.993E-03  1.817E-02  4.808E-03   1.06   0.76   0.00  -0.17   0.61  -0.14   0.03   0.14   0.01   2.40
  5.000E-03  1.500E+01  7.059E-01   1.000  1.073E-02  1.031E-02  5.436E-03   1.06   0.27   0.00  -0.10   0.54  -0.06   0.02   0.16   0.01   0.09
  5.000E-03  1.800E+01  7.393E-01   1.000  1.264E-02  1.272E-02  4.806E-03   1.06   0.94   0.00  -0.19   0.41  -0.16   0.03  -0.06   0.01   0.55
  5.000E-03  2.200E+01  7.710E-01   1.000  1.827E-02  1.303E-02  6.862E-03   1.08   0.40   0.00  -0.28   0.30  -0.23  -0.08   0.23   0.01  -0.68
  5.000E-03  2.700E+01  8.040E-01   1.000  2.050E-02  1.994E-02  1.230E-02   1.10   0.97   0.00  -1.09   0.20  -0.52  -0.07   0.30   0.00  -0.22
  5.000E-03  3.500E+01  8.647E-01   1.000  1.340E-02  1.271E-02  3.026E-03   1.12   0.63   0.00  -0.56   0.18   0.07   0.10  -0.14   0.02  -0.07
  5.000E-03  4.500E+01  9.102E-01   1.000  1.292E-02  1.183E-02  3.914E-03   1.15   0.24   0.00  -0.18   0.15   0.06  -0.17  -0.16   0.01   0.12
  5.000E-03  6.000E+01  9.017E-01   1.000  1.226E-02  1.326E-02  4.418E-03   1.19   0.41   0.00   0.36   0.19   0.32  -0.07   0.18   0.01   0.12
  5.000E-03  7.000E+01  9.862E-01   1.000  1.529E-02  1.479E-02  4.241E-03   1.25   0.54   0.00  -0.29   0.16   0.20  -0.09  -0.16   0.01   0.20
  5.000E-03  9.000E+01  1.032E+00   1.000  1.734E-02  1.745E-02  5.781E-03   1.32   0.15  -0.06  -0.74  -0.09   0.13  -0.17  -0.27   0.00  -0.30
  5.000E-03  1.200E+02  1.045E+00   1.000  1.798E-02  1.892E-02  5.226E-03   1.41   0.54  -0.71   0.09  -0.16   0.37  -0.22  -0.16   0.08   0.04
  5.000E-03  1.500E+02  1.049E+00   1.000  1.983E-02  1.910E-02  5.037E-03   1.53   0.11   0.41  -0.23   0.10   0.49  -0.32  -0.35   0.00  -0.14
  5.000E-03  2.000E+02  1.087E+00   1.000  2.458E-02  2.273E-02  4.676E-03   1.70   0.00   0.61  -0.79  -0.07   0.38  -0.33  -0.01   0.00   0.19
  5.000E-03  2.500E+02  1.105E+00   1.000  3.349E-02  3.161E-02  1.426E-02   1.88   0.00   0.58  -1.57   0.06   0.35  -0.20   0.05   0.00   0.04
  5.000E-03  3.500E+02  1.196E+00   1.000  5.227E-02  4.151E-02  3.230E-02   2.00   0.00  -0.16  -0.60  -0.24   0.34   0.40  -0.02   0.00  -0.25
  8.000E-03  3.500E+00  4.720E-01   1.000  4.862E-03  2.983E-02  7.599E-03   1.06  -0.16   0.00  -0.53   0.72  -0.14  -0.08  -0.18   0.00   5.95
  8.000E-03  2.200E+01  6.563E-01   1.000  1.595E-02  1.142E-02  6.104E-03   1.06   0.37   0.00  -0.69   0.51  -0.26   0.04   0.32   0.00   0.11
  8.000E-03  2.700E+01  7.313E-01   1.000  1.923E-02  1.945E-02  9.873E-03   1.06   1.21   0.00  -0.40   0.72  -0.23   0.09   0.09   0.00   1.38
  8.000E-03  3.500E+01  7.270E-01   1.000  1.149E-02  1.301E-02  5.235E-03   1.08   0.74   0.00  -0.42   0.48  -0.43  -0.04   0.06   0.00  -0.60
  8.000E-03  4.500E+01  7.774E-01   1.000  1.120E-02  1.158E-02  3.421E-03   1.09   0.54   0.00  -0.46  -0.40  -0.28  -0.10   0.27   0.00   0.14
  8.000E-03  6.000E+01  8.094E-01   1.000  1.149E-02  1.255E-02  5.342E-03   1.11   0.47   0.00  -0.58   0.25  -0.27   0.06   0.19   0.00   0.07
  8.000E-03  7.000E+01  8.154E-01   1.000  1.321E-02  1.125E-02  3.914E-03   1.14   0.18   0.00  -0.41   0.22   0.12  -0.06  -0.18   0.00  -0.27
  8.000E-03  9.000E+01  8.972E-01   1.000  1.570E-02  1.337E-02  2.064E-03   1.18   0.68  -0.01  -0.44  -0.17  -0.12  -0.25   0.03   0.01   0.11
  8.000E-03  1.200E+02  9.097E-01   1.000  1.610E-02  1.292E-02  3.821E-03   1.23   0.42  -0.31  -0.15   0.11  -0.02  -0.09  -0.10   0.00   0.04
  8.000E-03  1.500E+02  8.900E-01   1.000  1.647E-02  1.424E-02  5.874E-03   1.30   0.30  -0.30  -0.39   0.05  -0.23   0.09  -0.20   0.00   0.00
  8.000E-03  2.000E+02  9.049E-01   1.000  2.018E-02  1.602E-02  5.158E-03   1.39   0.06   0.53   0.63   0.07   0.38  -0.19   0.06   0.00   0.01
  8.000E-03  2.500E+02  9.369E-01   1.000  2.417E-02  1.621E-02  4.872E-03   1.51   0.00   0.48  -0.20  -0.09   0.36  -0.15  -0.11   0.00   0.03
  8.000E-03  3.500E+02  1.011E+00   1.000  2.883E-02  2.104E-02  4.349E-03   1.65   0.00   0.17  -0.76  -0.14   0.78   0.12  -0.37   0.04  -0.21
  8.000E-03  4.500E+02  9.952E-01   1.000  3.493E-02  2.418E-02  1.433E-02   1.82   0.00  -0.20  -0.11  -0.10   0.58  -0.08  -0.12   0.27  -0.10
  8.000E-03  6.500E+02  1.023E+00   1.000  4.746E-02  3.273E-02  1.861E-02   1.94   0.00   0.21  -1.55  -0.11   0.05   0.46  -0.71   0.00  -0.03
  1.300E-02  2.200E+01  5.813E-01   1.000  1.133E-02  3.255E-02  1.064E-02   1.04   0.90   0.00  -0.29   0.41   0.07  -0.06   0.02   0.00   5.09
  1.300E-02  2.700E+01  6.335E-01   1.000  1.286E-02  1.825E-02  8.806E-03   1.05   0.58   0.00  -0.41   0.29   0.05   0.10  -0.12   0.00   2.16
  1.300E-02  3.500E+01  6.463E-01   1.000  1.208E-02  1.441E-02  5.816E-03   1.05   0.54   0.00  -0.31   0.86  -0.10  -0.11   0.01   0.00   1.37
  1.300E-02  4.500E+01  6.609E-01   1.000  1.130E-02  1.143E-02  5.486E-03   1.06   0.17   0.00  -0.85   0.58  -0.24  -0.06  -0.13   0.00  -0.12
  1.300E-02  6.000E+01  6.888E-01   1.000  1.171E-02  1.309E-02  5.786E-03   1.07   0.68   0.00  -0.58   0.73  -0.29   0.12   0.20   0.00  -0.55
  1.300E-02  7.000E+01  7.080E-01   1.000  1.345E-02  1.168E-02  3.611E-03   1.08   0.27   0.00  -0.58   0.78  -0.34  -0.05   0.15   0.00  -0.38
  1.300E-02  9.000E+01  7.488E-01   1.000  1.542E-02  1.205E-02  7.263E-03   1.10   0.38   0.01  -0.24   0.33  -0.28  -0.10   0.19   0.00   0.05
  1.300E-02  1.200E+02  7.597E-01   1.000  1.519E-02  1.330E-02  4.103E-03   1.13   0.29   0.04  -1.09   0.23  -0.17  -0.07  -0.09   0.00   0.38
  1.300E-02  1.500E+02  8.051E-01   1.000  1.723E-02  1.578E-02  3.623E-03   1.16   0.45  -0.98  -0.96   0.18  -0.22  -0.08  -0.25   0.00  -0.27
  1.300E-02  2.000E+02  7.952E-01   1.000  1.750E-02  1.177E-02  1.909E-03   1.20   0.06   0.32  -0.50   0.23  -0.49   0.02  -0.13   0.00  -0.21
  1.300E-02  2.500E+02  8.235E-01   1.000  2.215E-02  1.515E-02  7.576E-03   1.26   0.02   0.40   0.49   0.28   0.53   0.07  -0.13   0.00   0.42
  1.300E-02  3.500E+02  8.295E-01   1.000  2.381E-02  1.377E-02  4.479E-03   1.34   0.00   0.65  -0.33  -0.12   0.07  -0.13  -0.29   0.00   0.05
  1.300E-02  4.500E+02  8.642E-01   1.000  2.567E-02  1.435E-02  4.926E-03   1.42   0.00   0.41  -0.38   0.15   0.26  -0.12  -0.07   0.00   0.07
  1.300E-02  6.500E+02  8.504E-01   1.000  2.815E-02  1.599E-02  6.038E-03   1.52   0.00   0.41  -0.35  -0.14   0.55  -0.20  -0.21   0.08   0.12
  1.300E-02  8.000E+02  8.872E-01   1.000  3.966E-02  2.085E-02  9.049E-03   1.70   0.00   0.33  -1.03  -0.04   0.38  -0.18  -0.36   0.00  -0.38
  1.400E-02  1.200E+03  9.595E-01   1.000  5.287E-02  2.783E-02  1.008E-02   1.74   0.00   0.19  -1.96   0.09   0.46   0.29  -0.28   0.00  -0.02
  2.100E-02  6.500E+00  4.869E-01   1.000  5.599E-03  4.226E-02  9.203E-03   1.05  -0.25   0.00  -0.75   0.78  -0.42  -0.03  -0.49   0.00   8.31
  2.100E-02  1.000E+01  5.026E-01   1.000  5.328E-03  3.438E-02  6.383E-03   1.04   0.69   0.00  -0.69   0.87  -0.17   0.06  -0.22   0.00   6.50
  2.100E-02  1.500E+01  5.193E-01   1.000  5.349E-03  3.578E-02  5.401E-03   1.04   0.66   0.00  -0.59   0.49  -0.15   0.08  -0.19   0.00   6.65
  2.100E-02  3.500E+01  5.548E-01   1.000  9.875E-03  1.548E-02  5.825E-03   1.05   0.99   0.00  -0.53  -0.28  -0.18   0.24  -0.18   0.00   2.03
  2.100E-02  4.500E+01  5.872E-01   1.000  9.866E-03  1.251E-02  2.055E-03   1.05   0.38   0.00  -0.62   0.27   0.04   0.09  -0.35   0.00   1.61
  2.100E-02  6.000E+01  5.982E-01   1.000  9.690E-03  1.424E-02  6.759E-03   1.05   0.63   0.00  -0.69   0.21  -0.10   0.11  -0.02   0.00   1.53
  2.100E-02  7.000E+01  6.204E-01   1.000  1.104E-02  1.011E-02  4.157E-03   1.05   0.38   0.00  -0.57   0.59  -0.22   0.07   0.04   0.00   0.47
  2.100E-02  9.000E+01  6.214E-01   1.000  1.187E-02  1.181E-02  3.728E-03   1.06   0.39  -0.01  -0.33   0.92  -0.27   0.19   0.06   0.00  -0.96
  2.100E-02  1.200E+02  6.638E-01   1.000  1.241E-02  1.175E-02  4.713E-03   1.07   0.38  -0.08  -0.16   1.00  -0.43   0.11  -0.20   0.00  -0.25
  2.100E-02  1.500E+02  6.604E-01   1.000  1.301E-02  1.248E-02  4.160E-03   1.09   0.49  -0.68  -0.41   0.72  -0.42   0.08   0.03   0.00   0.66
  2.100E-02  2.000E+02  6.589E-01   1.000  1.799E-02  1.166E-02  4.612E-03   1.10  -0.13   0.67   0.53   0.42  -0.70  -0.09  -0.10   0.00   0.07
  2.100E-02  2.500E+02  6.441E-01   1.000  2.267E-02  1.153E-02  4.058E-03   1.12   0.03  -0.37  -0.82  -0.31  -0.33  -0.15  -0.02   0.00  -0.72
  2.100E-02  3.500E+02  6.801E-01   1.000  2.442E-02  1.313E-02  7.685E-03   1.18   0.00   0.83  -0.41   0.22  -0.35  -0.14   0.05   0.00  -0.01
  2.100E-02  4.500E+02  7.039E-01   1.000  2.506E-02  1.119E-02  5.631E-03   1.20   0.00   0.23   0.55   0.12   0.16   0.07   0.07   0.00   0.20
  2.100E-02  6.500E+02  7.278E-01   1.000  2.773E-02  1.237E-02  6.405E-03   1.21   0.00   0.41  -0.55   0.19   0.35  -0.05   0.12   0.00  -0.06
  2.100E-02  8.000E+02  6.745E-01   1.000  5.059E-02  1.079E-02  3.845E-03   1.26   0.00   0.10   0.58  -0.11   0.36  -0.17   0.11   0.00  -0.35
  2.100E-02  1.200E+03  7.067E-01   1.000  3.611E-02  1.272E-02  5.371E-03   1.35   0.00   0.19  -0.61  -0.08   0.55  -0.11   0.33   0.00   0.02
  2.100E-02  1.500E+03  7.096E-01   1.000  5.634E-02  4.364E-02  4.137E-02   1.47   0.00   0.32   1.05  -0.01   0.32  -0.38   0.21   0.00  -0.48
  3.200E-02  2.200E+01  5.118E-01   1.000  9.315E-03  3.532E-02  8.240E-03   1.04   0.90   0.00  -0.69   1.40  -0.32   0.08  -0.27   0.00   6.37
  3.200E-02  3.500E+01  4.958E-01   1.000  5.503E-03  3.758E-02  4.859E-03   1.04   0.85   0.00  -1.16   0.90  -0.24   0.07  -0.22   0.00   7.24
  3.200E-02  6.000E+01  5.364E-01   1.000  1.057E-02  1.770E-02  6.759E-03   1.04   0.49   0.00  -0.61   0.69   0.03   0.21  -0.16   0.00   2.66
  3.200E-02  7.000E+01  5.565E-01   1.000  1.174E-02  1.547E-02  5.120E-03   1.04   0.28   0.00  -0.26  -0.19   0.32  -0.06  -0.22   0.00   2.34
  3.200E-02  9.000E+01  5.348E-01   1.000  1.225E-02  1.540E-02  6.578E-03   1.05   0.57   0.01  -0.29   0.48   0.19   0.04  -0.15   0.01   2.24
  3.200E-02  1.200E+02  5.788E-01   1.000  1.331E-02  1.268E-02  5.094E-03   1.04   0.38  -0.05  -0.48   0.12   0.12   0.40  -0.13   0.00  -1.53
  3.200E-02  1.500E+02  5.733E-01   1.000  1.364E-02  9.746E-03  4.300E-03   1.05   0.30  -0.71  -0.04   0.66  -0.17  -0.11  -0.26   0.00   0.28
  3.200E-02  2.000E+02  5.696E-01   1.000  1.601E-02  1.099E-02  2.962E-03   1.05  -0.05   0.34  -0.77   0.75  -0.48   0.17  -0.02   0.00   0.91
  3.200E-02  2.500E+02  6.121E-01   1.000  2.075E-02  1.414E-02  6.304E-03   1.06   0.12   0.86  -0.74   0.91  -0.96  -0.03   0.06   0.00  -0.30
  3.200E-02  3.500E+02  6.390E-01   1.000  2.275E-02  1.297E-02  5.367E-03   1.08   0.00   0.56   0.48   0.84  -0.81   0.14  -0.22   0.00  -0.52
  3.200E-02  4.500E+02  5.788E-01   1.000  2.460E-02  1.059E-02  1.447E-03   1.10   0.00   0.68  -0.70   0.72  -0.61  -0.10   0.00   0.00  -0.49
  3.200E-02  6.500E+02  6.041E-01   1.000  2.423E-02  1.130E-02  5.437E-03   1.08   0.00   0.29  -0.36   0.22  -0.10   0.12   0.10   0.00   1.10
  3.200E-02  8.000E+02  6.499E-01   1.000  3.217E-02  9.358E-03  3.834E-03   1.07   0.00   0.52  -0.40  -0.06  -0.28   0.03  -0.10   0.00  -0.22
  3.200E-02  1.200E+03  5.709E-01   1.000  2.854E-02  1.113E-02  8.563E-03   1.07   0.00   0.27   0.52   0.17   0.07   0.07   0.16   0.00  -0.08
  3.200E-02  1.500E+03  5.542E-01   1.000  5.720E-02  1.103E-02  6.983E-03   1.09   0.00   0.24  -0.17   0.19   0.54   0.02   0.32   0.00  -0.80
  3.200E-02  2.000E+03  6.170E-01   1.000  5.109E-02  2.110E-02  1.882E-02   1.13   0.00   0.37  -0.38  -0.06   0.52  -0.15  -0.41   0.00   0.60
  5.000E-02  6.000E+01  5.116E-01   1.000  7.878E-03  3.479E-02  9.976E-03   1.03  -0.04   0.00  -0.83   0.92  -0.35  -0.10  -0.12   0.00   6.30
  5.000E-02  7.000E+01  5.003E-01   1.000  8.155E-03  3.122E-02  4.503E-03   1.04   0.35   0.00  -0.68   0.51  -0.23   0.19  -0.08   0.00   6.01
  5.000E-02  9.000E+01  4.839E-01   1.000  1.021E-02  3.049E-02  4.501E-03   1.04   0.19   0.00   0.19   0.09   0.18   0.06  -0.20   0.00   6.13
  5.000E-02  1.200E+02  4.720E-01   1.000  9.818E-03  2.421E-02  3.635E-03   1.04   0.67  -0.05   0.12  -0.27  -0.25   0.14  -0.10   0.00   4.90
  5.000E-02  1.500E+02  5.148E-01   1.000  1.138E-02  1.210E-02  6.795E-03   1.04   0.58  -0.52  -0.45  -0.36   0.19   0.19  -0.09   0.00   1.29
  5.000E-02  2.000E+02  5.078E-01   1.000  1.407E-02  1.234E-02  2.488E-03   1.03   0.34  -0.26  -0.56  -0.42  -0.25  -0.17  -0.13   0.00   1.95
  5.000E-02  2.500E+02  5.164E-01   1.000  1.632E-02  9.089E-03  5.784E-03   1.04   0.08   0.53   0.34   0.43  -0.10   0.14  -0.18   0.00  -0.34
  5.000E-02  3.500E+02  5.258E-01   1.000  1.777E-02  1.010E-02  2.944E-03   1.04   0.00   0.81  -0.80   0.29  -0.47  -0.12  -0.09   0.00   0.82
  5.000E-02  4.500E+02  5.107E-01   1.000  1.757E-02  7.865E-03  2.707E-03   1.04   0.00   0.34  -0.38   0.64  -0.50   0.10  -0.26   0.00   0.02
  5.000E-02  6.500E+02  4.746E-01   1.000  2.031E-02  1.011E-02  4.746E-03   1.03   0.00   0.44  -0.45   1.06  -0.95  -0.06  -0.02   0.00  -0.24
  5.000E-02  8.000E+02  4.512E-01   1.000  2.261E-02  1.029E-02  6.002E-03   1.02   0.00   0.28   0.33   1.13  -0.76   0.03   0.04   0.00   0.56
  5.000E-02  1.200E+03  4.925E-01   1.000  2.285E-02  7.831E-03  5.024E-03   1.02   0.00   0.38  -0.19   0.44  -0.17  -0.16  -0.05   0.00  -0.22
  5.000E-02  1.500E+03  5.227E-01   1.000  3.031E-02  9.251E-03  6.011E-03   1.01   0.00   0.28  -0.41  -0.22  -0.22  -0.10  -0.36   0.00   0.55
  5.000E-02  2.000E+03  4.871E-01   1.000  3.604E-02  9.839E-03  7.014E-03   1.01   0.00   0.28  -0.83   0.06   0.02   0.07  -0.21   0.00  -0.41
  5.000E-02  3.000E+03  5.783E-01   1.000  5.014E-02  1.238E-02  9.137E-03   1.01   0.00   0.12   0.86  -0.09   0.43  -0.17   0.21   0.00  -0.06
  8.000E-02  9.000E+01  4.353E-01   1.000  8.531E-03  1.232E-02  3.917E-03   1.03   0.24  -0.01  -0.58   0.75  -0.14   0.14  -0.04   0.00   2.26
  8.000E-02  1.200E+02  4.365E-01   1.000  8.424E-03  2.043E-02  2.881E-03   1.03   0.41   0.01  -0.93   0.58  -0.18   0.03  -0.09   0.00   4.36
  8.000E-02  1.500E+02  4.308E-01   1.000  8.660E-03  2.154E-02  4.352E-03   1.03   0.52  -0.52  -0.45   0.61   0.08   0.07  -0.07   0.00   4.66
  8.000E-02  2.000E+02  4.334E-01   1.000  1.062E-02  1.183E-02  2.167E-03   1.03  -0.27  -0.74   0.13   0.45   0.37   0.28  -0.10   0.00   2.26
  8.000E-02  2.500E+02  4.446E-01   1.000  1.232E-02  2.272E-02  1.378E-03   1.03   0.09   0.97  -0.62  -0.23   0.17  -0.26  -0.07   0.00   4.85
  8.000E-02  3.500E+02  4.411E-01   1.000  1.398E-02  1.151E-02  2.823E-03   1.03   0.00   0.52  -0.72  -0.48  -0.17   0.04  -0.08   0.00   2.08
  8.000E-02  4.500E+02  4.385E-01   1.000  1.588E-02  9.955E-03  4.999E-03   1.03   0.00   0.54  -0.53  -0.69  -0.13  -0.05  -0.06   0.00   1.31
  8.000E-02  6.500E+02  4.546E-01   1.000  1.769E-02  7.047E-03  3.455E-03   1.02   0.00  -0.29  -0.38  -0.31   0.12   0.17  -0.06   0.00   0.63
  8.000E-02  8.000E+02  4.189E-01   1.000  2.421E-02  1.081E-02  4.315E-03   1.02   0.00   0.86  -1.36   0.62  -0.43  -0.07   0.04   0.00   1.19
  8.000E-02  1.200E+03  4.339E-01   1.000  2.282E-02  6.508E-03  1.779E-03   1.01   0.00  -0.12  -0.29   0.74  -0.57   0.17  -0.22   0.00  -0.08
  8.000E-02  1.500E+03  4.775E-01   1.000  2.707E-02  1.261E-02  4.918E-03   1.01   0.00   0.49  -0.60   0.76  -1.01  -0.07   0.10   0.00  -1.64
  8.000E-02  2.000E+03  4.481E-01   1.000  3.181E-02  9.051E-03  4.929E-03   1.01   0.00   0.33  -0.30   0.76  -0.62   0.09  -0.11   0.00   0.81
  8.000E-02  3.000E+03  4.525E-01   1.000  3.860E-02  9.774E-03  3.756E-03   1.01   0.00   0.25  -0.38  -0.11  -0.32  -0.03  -0.18   0.00  -1.61
  8.000E-02  5.000E+03  4.220E-01   1.000  3.811E-02  1.131E-02  9.073E-03   1.03   0.00   0.18  -0.90   0.04   0.53   0.02   0.07   0.61  -0.03
  1.300E-01  4.500E+02  3.645E-01   1.000  1.381E-02  8.420E-03  3.609E-03   1.02   0.00   0.85  -0.25   0.19   0.16   0.11   0.00   0.00   1.57
  1.300E-01  6.500E+02  3.558E-01   1.000  1.505E-02  1.128E-02  4.803E-03   1.02   0.00   0.34  -0.78   0.35   0.16   0.11  -0.01   0.00   2.51
  1.300E-01  8.000E+02  3.687E-01   1.000  1.921E-02  9.180E-03  2.950E-03   1.01   0.00   0.56  -0.67  -0.51   0.03  -0.05   0.02   0.00  -1.87
  1.300E-01  1.200E+03  3.345E-01   1.000  1.940E-02  1.050E-02  1.907E-03   1.01   0.00   0.32  -0.59   0.49   0.07  -0.14  -0.01   0.00   2.80
  1.300E-01  1.500E+03  3.002E-01   1.000  3.530E-02  5.734E-03  3.722E-03   1.01   0.00   0.18   0.07  -0.07  -0.25   0.15   0.05   0.00   0.99
  1.300E-01  2.000E+03  3.402E-01   1.000  2.838E-02  1.327E-02  6.567E-03   1.01   0.00   0.29  -0.56   0.37  -0.43  -0.07  -0.03   0.00  -3.12
  1.300E-01  3.000E+03  3.288E-01   1.000  4.563E-02  1.460E-02  4.603E-03   1.01   0.00   0.34   0.61   1.31  -0.96  -0.07  -0.04   0.00   3.69
  1.300E-01  5.000E+03  3.023E-01   1.000  3.522E-02  6.167E-03  2.328E-03   1.01   0.00   0.36   1.25   0.62  -0.59  -0.03   0.00   0.00   0.32
  1.300E-01  8.000E+03  2.932E-01   1.000  4.260E-02  1.243E-02  1.184E-02   1.01   0.00   0.32  -0.71  -0.10  -0.14   0.03   0.04   0.00   0.00
  1.800E-01  9.000E+01  3.395E-01   1.000  1.042E-02  1.806E-02  1.032E-02   1.03   0.66   0.00  -3.11   1.55  -1.35  -0.66   0.02   0.00  -1.79
  1.800E-01  1.200E+02  3.281E-01   1.000  8.990E-03  2.887E-02  1.060E-02   1.02   0.64  -0.05  -2.24  -1.32  -0.90  -0.57   0.03   0.00  -7.59
  1.800E-01  1.500E+02  3.262E-01   1.000  8.743E-03  2.098E-02  7.503E-03   1.02   0.53  -0.55  -2.50  -1.33  -0.98  -0.37   0.00   0.00  -5.03
  1.800E-01  2.000E+02  3.394E-01   1.000  9.773E-03  1.252E-02  2.070E-03   1.02   0.30  -0.06  -2.43  -1.23  -0.92  -0.27   0.00   0.00  -1.94
  1.800E-01  2.500E+02  3.403E-01   1.000  1.092E-02  1.916E-02  3.778E-03   1.02   0.06   0.50  -0.97   1.28  -0.18   0.27  -0.02   0.00  -5.15
  1.800E-01  3.500E+02  3.276E-01   1.000  1.163E-02  5.241E-03  1.179E-03   1.02   0.00   0.23  -0.81   0.65  -0.33   0.26   0.00   0.00  -0.29
  1.800E-01  1.500E+03  3.114E-01   1.000  2.280E-02  1.850E-02  3.644E-03   1.01   0.00   0.25  -0.93   0.60   0.32  -0.10   0.00   0.00   5.61
  1.800E-01  2.000E+03  2.804E-01   1.000  2.543E-02  7.207E-03  5.103E-03   1.01   0.00   0.38  -1.18  -0.66   0.11  -0.10   0.00   0.00  -0.54
  1.800E-01  3.000E+03  2.431E-01   1.000  2.842E-02  9.165E-03  3.379E-03   1.01   0.00   0.31  -1.02  -0.53  -0.10   0.06   0.00   0.00  -3.14
  1.800E-01  5.000E+03  2.879E-01   1.000  3.259E-02  1.509E-02  6.967E-03   1.01   0.00   0.14  -0.69   0.31  -0.48   0.06   0.00   0.00   4.45
  1.800E-01  8.000E+03  3.108E-01   1.000  4.779E-02  1.756E-02  1.131E-02   1.01   0.00   0.33  -0.46   1.01  -0.77  -0.07   0.00   0.00   3.96
  1.800E-01  1.200E+04  3.302E-01   1.000  6.633E-02  1.222E-02  1.030E-02   1.01   0.00   0.16  -1.67   0.20   0.26   0.05   0.02   0.00   0.12
  2.500E-01  4.500E+02  2.630E-01   1.000  1.191E-02  2.023E-02  4.366E-03   1.02   0.00   0.86  -2.45  -0.81  -0.74  -0.32   0.00   0.00  -6.88
  2.500E-01  6.500E+02  2.488E-01   1.000  1.199E-02  8.458E-03  4.179E-03   1.02   0.00   0.73  -1.83  -0.43  -0.55  -0.07   0.00   0.00   1.82
  2.500E-01  8.000E+02  2.594E-01   1.000  1.520E-02  4.798E-03  1.012E-03   1.01   0.00  -0.11  -0.54   0.35  -0.21   0.17   0.00   0.00   1.31
  2.500E-01  1.200E+03  2.529E-01   1.000  1.368E-02  5.134E-03  2.630E-03   1.01   0.00   0.50  -1.29  -0.34  -0.10   0.07   0.00   0.00   0.05
  2.500E-01  1.500E+03  2.684E-01   1.000  2.322E-02  8.053E-03  5.825E-03   1.01   0.00   0.15  -1.71  -0.54  -0.12   0.09   0.00   0.00   0.00
  2.500E-01  2.000E+03  2.318E-01   1.000  2.402E-02  1.222E-02  5.355E-03   1.01   0.00   0.35  -0.89  -0.44  -0.20   0.08   0.00   0.00   4.50
  2.500E-01  3.000E+03  1.922E-01   1.000  3.412E-02  8.150E-03  4.248E-03   1.01   0.00  -0.24  -1.25  -0.50  -0.12  -0.22   0.65   0.00  -3.12
  2.500E-01  5.000E+03  2.261E-01   1.000  2.976E-02  8.027E-03  5.833E-03   1.01   0.00   0.17  -2.15   0.48   0.13  -0.19   0.00   0.00   0.12
  2.500E-01  8.000E+03  2.144E-01   1.000  3.883E-02  2.324E-02  1.308E-03   1.01   0.00   0.51  -1.62  -0.92  -0.13   0.10   0.00   0.00 -10.60
  2.500E-01  1.200E+04  2.138E-01   1.000  5.541E-02  8.786E-03  7.953E-03   1.01   0.00   0.11  -0.57   0.43  -0.29  -0.07   0.00   0.00   1.18
  2.500E-01  2.000E+04  2.928E-01   1.000  1.037E-01  1.526E-02  1.417E-02   1.01   0.00   0.72  -1.47  -0.04   0.13   0.04   0.00   0.00  -0.09
  4.000E-01  6.500E+02  1.512E-01   1.000  1.443E-02  2.193E-02  1.149E-03   1.01   0.00   1.10  -5.62  -3.87  -1.30  -1.28   0.00   0.00 -12.55
  4.000E-01  8.000E+02  1.137E-01   1.000  1.292E-02  1.537E-02  2.478E-03   1.01   0.00   0.76  -5.27  -3.11  -0.76  -0.76   0.00   0.00 -11.74
  4.000E-01  1.200E+03  1.479E-01   1.000  1.203E-02  1.528E-02  4.260E-03   1.01   0.00   0.32  -3.13  -2.45  -0.74  -0.15   0.00   0.00  -9.00
  4.000E-01  1.500E+03  1.448E-01   1.000  1.831E-02  1.981E-02  2.795E-03   1.01   0.00   0.42  -3.94  -1.73  -0.86  -0.18   0.00   0.00 -12.76
  4.000E-01  2.000E+03  1.685E-01   1.000  2.325E-02  1.705E-02  3.438E-03   1.01   0.00  -0.15  -4.00  -2.54  -0.48  -0.18   0.00   0.00  -8.64
  4.000E-01  3.000E+03  8.776E-02   1.000  1.903E-02  7.986E-03  5.854E-03   1.01   0.00   0.48  -4.26  -1.25  -0.56   0.37   0.00   0.00   4.11
  4.000E-01  5.000E+03  1.249E-01   1.000  2.291E-02  6.796E-03  1.999E-03   1.01   0.00  -0.26  -2.89  -1.63  -0.34   0.27   0.00   0.00  -3.84
  4.000E-01  8.000E+03  1.207E-01   1.000  2.869E-02  8.228E-03  1.001E-03   1.01   0.00  -0.20  -4.08  -1.62  -0.37  -0.24   0.00   0.00   5.03
  4.000E-01  1.200E+04  9.165E-02   1.000  3.479E-02  3.015E-03  7.241E-04   1.01   0.00   0.48  -2.69  -1.20   0.02  -0.07   0.00   0.00   0.54
  4.000E-01  2.000E+04  1.124E-01   1.000  7.141E-02  1.563E-02  1.417E-02   1.01   0.00  -0.46  -4.67  -1.37  -0.48  -0.10   0.00   0.00  -3.03
  4.000E-01  3.000E+04  8.557E-02   1.000  1.338E-01  5.836E-03  3.928E-03   1.01   0.00   0.47  -4.86  -0.40   0.18   0.04   0.00   0.00  -0.57
  6.500E-01  1.200E+03  2.055E-02   1.000  7.308E-03  5.162E-03  3.604E-03   1.01   0.00  -0.86 -13.32  -5.26  -1.55  -2.22   0.00   0.00 -10.45
  6.500E-01  1.500E+03  1.220E-02   1.000  3.766E-03  2.317E-03  1.079E-03   1.01   0.00   0.84  -7.60  -6.00  -1.04  -0.42   0.00   0.00  13.63
  6.500E-01  3.000E+03  1.554E-02   1.000  5.269E-03  2.374E-03  1.260E-03   1.01   0.00  -0.07 -10.76  -7.01  -0.68  -0.19   0.00   0.00   1.06
  6.500E-01  8.000E+03  3.526E-02   1.000  1.078E-02  4.992E-03  2.020E-03   1.01   0.00  -0.62  -8.08  -4.15  -0.24   0.06   0.00   0.00  -9.15
