# gamma != 1 F2(D/N) calculation from CJ15 (with WBAREL: [default]) with new AV18 (from KP)


     X        Q2         W2       THEORY        error         DATA           ERROR        chi^2     _w    ITYPE
.1000E-03    10.000  0.100E+06   0.99974E+00   0.00000E+00   0.10000E+00    0.10000E+01    0.81         test_SK   
.1274E-03    10.000  0.785E+05   0.99974E+00   0.00000E+00   0.10000E+00    0.10000E+01    0.81         test_SK   
.1624E-03    10.000  0.616E+05   0.99974E+00   0.00000E+00   0.10000E+00    0.10000E+01    0.81         test_SK   
.2069E-03    10.000  0.483E+05   0.99974E+00   0.00000E+00   0.10000E+00    0.10000E+01    0.81         test_SK   
.2637E-03    10.000  0.379E+05   0.99974E+00   0.00000E+00   0.10000E+00    0.10000E+01    0.81         test_SK   
.3360E-03    10.000  0.298E+05   0.99973E+00   0.00000E+00   0.10000E+00    0.10000E+01    0.81         test_SK   
.4281E-03    10.000  0.233E+05   0.99973E+00   0.00000E+00   0.10000E+00    0.10000E+01    0.81         test_SK   
.5456E-03    10.000  0.183E+05   0.99973E+00   0.00000E+00   0.10000E+00    0.10000E+01    0.81         test_SK   
.6952E-03    10.000  0.144E+05   0.99970E+00   0.00000E+00   0.10000E+00    0.10000E+01    0.81         test_SK   
.8859E-03    10.000  0.113E+05   0.99968E+00   0.00000E+00   0.10000E+00    0.10000E+01    0.81         test_SK   
.1129E-02    10.000  0.885E+04   0.99964E+00   0.00000E+00   0.10000E+00    0.10000E+01    0.81         test_SK   
.1438E-02    10.000  0.694E+04   0.99960E+00   0.00000E+00   0.10000E+00    0.10000E+01    0.81         test_SK   
.1833E-02    10.000  0.545E+04   0.99957E+00   0.00000E+00   0.10000E+00    0.10000E+01    0.81         test_SK   
.2336E-02    10.000  0.427E+04   0.99955E+00   0.00000E+00   0.10000E+00    0.10000E+01    0.81         test_SK   
.2976E-02    10.000  0.335E+04   0.99959E+00   0.00000E+00   0.10000E+00    0.10000E+01    0.81         test_SK   
.3793E-02    10.000  0.263E+04   0.99965E+00   0.00000E+00   0.10000E+00    0.10000E+01    0.81         test_SK   
.4833E-02    10.000  0.206E+04   0.99958E+00   0.00000E+00   0.10000E+00    0.10000E+01    0.81         test_SK   
.6158E-02    10.000  0.161E+04   0.99946E+00   0.00000E+00   0.10000E+00    0.10000E+01    0.81         test_SK   
.7848E-02    10.000  0.127E+04   0.99956E+00   0.00000E+00   0.10000E+00    0.10000E+01    0.81         test_SK   
.1000E-01    10.000  0.991E+03   0.99937E+00   0.00000E+00   0.10000E+00    0.10000E+01    0.81         test_SK   
.2237E-01    10.000  0.438E+03   0.99921E+00   0.00000E+00   0.10000E+00    0.10000E+01    0.81         test_SK   
.3475E-01    10.000  0.279E+03   0.99863E+00   0.00000E+00   0.10000E+00    0.10000E+01    0.81         test_SK   
.4713E-01    10.000  0.203E+03   0.99816E+00   0.00000E+00   0.10000E+00    0.10000E+01    0.81         test_SK   
.5950E-01    10.000  0.159E+03   0.99754E+00   0.00000E+00   0.10000E+00    0.10000E+01    0.81         test_SK   
.7187E-01    10.000  0.130E+03   0.99711E+00   0.00000E+00   0.10000E+00    0.10000E+01    0.80         test_SK   
.8425E-01    10.000  0.110E+03   0.99693E+00   0.00000E+00   0.10000E+00    0.10000E+01    0.80         test_SK   
.9663E-01    10.000  0.944E+02   0.99644E+00   0.00000E+00   0.10000E+00    0.10000E+01    0.80         test_SK   
.1090E+00    10.000  0.826E+02   0.99588E+00   0.00000E+00   0.10000E+00    0.10000E+01    0.80         test_SK   
.1214E+00    10.000  0.733E+02   0.99534E+00   0.00000E+00   0.10000E+00    0.10000E+01    0.80         test_SK   
.1338E+00    10.000  0.656E+02   0.99504E+00   0.00000E+00   0.10000E+00    0.10000E+01    0.80         test_SK   
.1461E+00    10.000  0.593E+02   0.99469E+00   0.00000E+00   0.10000E+00    0.10000E+01    0.80         test_SK   
.1585E+00    10.000  0.540E+02   0.99436E+00   0.00000E+00   0.10000E+00    0.10000E+01    0.80         test_SK   
.1709E+00    10.000  0.494E+02   0.99377E+00   0.00000E+00   0.10000E+00    0.10000E+01    0.80         test_SK   
.1832E+00    10.000  0.455E+02   0.99359E+00   0.00000E+00   0.10000E+00    0.10000E+01    0.80         test_SK   
.1956E+00    10.000  0.420E+02   0.99329E+00   0.00000E+00   0.10000E+00    0.10000E+01    0.80         test_SK   
.2080E+00    10.000  0.390E+02   0.99297E+00   0.00000E+00   0.10000E+00    0.10000E+01    0.80         test_SK   
.2204E+00    10.000  0.363E+02   0.99242E+00   0.00000E+00   0.10000E+00    0.10000E+01    0.80         test_SK   
.2328E+00    10.000  0.338E+02   0.99220E+00   0.00000E+00   0.10000E+00    0.10000E+01    0.80         test_SK   
.2451E+00    10.000  0.317E+02   0.99185E+00   0.00000E+00   0.10000E+00    0.10000E+01    0.80         test_SK   
.2575E+00    10.000  0.297E+02   0.99157E+00   0.00000E+00   0.10000E+00    0.10000E+01    0.79         test_SK   
.2699E+00    10.000  0.279E+02   0.99114E+00   0.00000E+00   0.10000E+00    0.10000E+01    0.79         test_SK   
.2823E+00    10.000  0.263E+02   0.99105E+00   0.00000E+00   0.10000E+00    0.10000E+01    0.79         test_SK   
.2946E+00    10.000  0.248E+02   0.99071E+00   0.00000E+00   0.10000E+00    0.10000E+01    0.79         test_SK   
.3070E+00    10.000  0.235E+02   0.99046E+00   0.00000E+00   0.10000E+00    0.10000E+01    0.79         test_SK   
.3194E+00    10.000  0.222E+02   0.99016E+00   0.00000E+00   0.10000E+00    0.10000E+01    0.79         test_SK   
.3317E+00    10.000  0.210E+02   0.99000E+00   0.00000E+00   0.10000E+00    0.10000E+01    0.79         test_SK   
.3441E+00    10.000  0.199E+02   0.98991E+00   0.00000E+00   0.10000E+00    0.10000E+01    0.79         test_SK   
.3565E+00    10.000  0.189E+02   0.98968E+00   0.00000E+00   0.10000E+00    0.10000E+01    0.79         test_SK   
.3689E+00    10.000  0.180E+02   0.98958E+00   0.00000E+00   0.10000E+00    0.10000E+01    0.79         test_SK   
.3812E+00    10.000  0.171E+02   0.98950E+00   0.00000E+00   0.10000E+00    0.10000E+01    0.79         test_SK   
.3936E+00    10.000  0.163E+02   0.98940E+00   0.00000E+00   0.10000E+00    0.10000E+01    0.79         test_SK   
.4060E+00    10.000  0.155E+02   0.98940E+00   0.00000E+00   0.10000E+00    0.10000E+01    0.79         test_SK   
.4184E+00    10.000  0.148E+02   0.98952E+00   0.00000E+00   0.10000E+00    0.10000E+01    0.79         test_SK   
.4308E+00    10.000  0.141E+02   0.98963E+00   0.00000E+00   0.10000E+00    0.10000E+01    0.79         test_SK   
.4431E+00    10.000  0.134E+02   0.98975E+00   0.00000E+00   0.10000E+00    0.10000E+01    0.79         test_SK   
.4555E+00    10.000  0.128E+02   0.99001E+00   0.00000E+00   0.10000E+00    0.10000E+01    0.79         test_SK   
.4679E+00    10.000  0.123E+02   0.99034E+00   0.00000E+00   0.10000E+00    0.10000E+01    0.79         test_SK   
.4803E+00    10.000  0.117E+02   0.99073E+00   0.00000E+00   0.10000E+00    0.10000E+01    0.79         test_SK   
.4926E+00    10.000  0.112E+02   0.99119E+00   0.00000E+00   0.10000E+00    0.10000E+01    0.79         test_SK   
.5050E+00    10.000  0.107E+02   0.99192E+00   0.00000E+00   0.10000E+00    0.10000E+01    0.80         test_SK   
.5174E+00    10.000  0.102E+02   0.99261E+00   0.00000E+00   0.10000E+00    0.10000E+01    0.80         test_SK   
.5298E+00    10.000  0.976E+01   0.99362E+00   0.00000E+00   0.10000E+00    0.10000E+01    0.80         test_SK   
.5421E+00    10.000  0.933E+01   0.99451E+00   0.00000E+00   0.10000E+00    0.10000E+01    0.80         test_SK   
.5545E+00    10.000  0.892E+01   0.99571E+00   0.00000E+00   0.10000E+00    0.10000E+01    0.80         test_SK   
.5669E+00    10.000  0.852E+01   0.99721E+00   0.00000E+00   0.10000E+00    0.10000E+01    0.80         test_SK   
.5793E+00    10.000  0.815E+01   0.99880E+00   0.00000E+00   0.10000E+00    0.10000E+01    0.81         test_SK   
.5916E+00    10.000  0.778E+01   0.10009E+01   0.00000E+00   0.10000E+00    0.10000E+01    0.81         test_SK   
.6040E+00    10.000  0.744E+01   0.10030E+01   0.00000E+00   0.10000E+00    0.10000E+01    0.82         test_SK   
.6164E+00    10.000  0.711E+01   0.10057E+01   0.00000E+00   0.10000E+00    0.10000E+01    0.82         test_SK   
.6288E+00    10.000  0.679E+01   0.10087E+01   0.00000E+00   0.10000E+00    0.10000E+01    0.83         test_SK   
.6411E+00    10.000  0.648E+01   0.10122E+01   0.00000E+00   0.10000E+00    0.10000E+01    0.83         test_SK   
.6535E+00    10.000  0.618E+01   0.10163E+01   0.00000E+00   0.10000E+00    0.10000E+01    0.84         test_SK   
.6659E+00    10.000  0.590E+01   0.10210E+01   0.00000E+00   0.10000E+00    0.10000E+01    0.85         test_SK   
.6783E+00    10.000  0.563E+01   0.10264E+01   0.00000E+00   0.10000E+00    0.10000E+01    0.86         test_SK   
.6906E+00    10.000  0.536E+01   0.10330E+01   0.00000E+00   0.10000E+00    0.10000E+01    0.87         test_SK   
.7030E+00    10.000  0.511E+01   0.10404E+01   0.00000E+00   0.10000E+00    0.10000E+01    0.88         test_SK   
.7154E+00    10.000  0.486E+01   0.10492E+01   0.00000E+00   0.10000E+00    0.10000E+01    0.90         test_SK   
.7278E+00    10.000  0.462E+01   0.10596E+01   0.00000E+00   0.10000E+00    0.10000E+01    0.92         test_SK   
.7401E+00    10.000  0.439E+01   0.10717E+01   0.00000E+00   0.10000E+00    0.10000E+01    0.94         test_SK   
.7525E+00    10.000  0.417E+01   0.10864E+01   0.00000E+00   0.10000E+00    0.10000E+01    0.97         test_SK   
.7649E+00    10.000  0.396E+01   0.11036E+01   0.00000E+00   0.10000E+00    0.10000E+01    1.01         test_SK   
.7772E+00    10.000  0.375E+01   0.11245E+01   0.00000E+00   0.10000E+00    0.10000E+01    1.05         test_SK   
.7896E+00    10.000  0.355E+01   0.11498E+01   0.00000E+00   0.10000E+00    0.10000E+01    1.10         test_SK   
.8020E+00    10.000  0.335E+01   0.11806E+01   0.00000E+00   0.10000E+00    0.10000E+01    1.17         test_SK   
.8144E+00    10.000  0.316E+01   0.12190E+01   0.00000E+00   0.10000E+00    0.10000E+01    1.25         test_SK   
.8267E+00    10.000  0.298E+01   0.12669E+01   0.00000E+00   0.10000E+00    0.10000E+01    1.36         test_SK   
.8391E+00    10.000  0.280E+01   0.13277E+01   0.00000E+00   0.10000E+00    0.10000E+01    1.51         test_SK   
.8515E+00    10.000  0.263E+01   0.14062E+01   0.00000E+00   0.10000E+00    0.10000E+01    1.71         test_SK   
.8639E+00    10.000  0.246E+01   0.15098E+01   0.00000E+00   0.10000E+00    0.10000E+01    1.99         test_SK   
.8762E+00    10.000  0.229E+01   0.16499E+01   0.00000E+00   0.10000E+00    0.10000E+01    2.40         test_SK   
.8886E+00    10.000  0.214E+01   0.18453E+01   0.00000E+00   0.10000E+00    0.10000E+01    3.05         test_SK   
.9010E+00    10.000  0.198E+01   0.21282E+01   0.00000E+00   0.10000E+00    0.10000E+01    4.11         test_SK   
.9134E+00    10.000  0.183E+01   0.25592E+01   0.00000E+00   0.10000E+00    0.10000E+01    6.05         test_SK   
.9257E+00    10.000  0.168E+01   0.32604E+01   0.00000E+00   0.10000E+00    0.10000E+01    9.99         test_SK   
.9381E+00    10.000  0.154E+01   0.45105E+01   0.00000E+00   0.10000E+00    0.10000E+01   19.45         test_SK   
.9505E+00    10.000  0.140E+01   0.70547E+01   0.00000E+00   0.10000E+00    0.10000E+01   48.37         test_SK   
.9629E+00    10.000  0.127E+01   0.13433E+02   0.00000E+00   0.10000E+00    0.10000E+01  177.76         test_SK   
.9752E+00    10.000  0.114E+01   0.36625E+02   0.00000E+00   0.10000E+00    0.10000E+01 1334.04         test_SK   
.9876E+00    10.000  0.101E+01   0.23861E+03   0.00000E+00   0.10000E+00    0.10000E+01 *******         test_SK   
.1000E-03  1000.000  0.100E+08   0.99974E+00   0.00000E+00   0.10000E+00    0.10000E+01    0.81         test_SK   
.1274E-03  1000.000  0.785E+07   0.99974E+00   0.00000E+00   0.10000E+00    0.10000E+01    0.81         test_SK   
.1624E-03  1000.000  0.616E+07   0.99974E+00   0.00000E+00   0.10000E+00    0.10000E+01    0.81         test_SK   
.2069E-03  1000.000  0.483E+07   0.99974E+00   0.00000E+00   0.10000E+00    0.10000E+01    0.81         test_SK   
.2637E-03  1000.000  0.379E+07   0.99974E+00   0.00000E+00   0.10000E+00    0.10000E+01    0.81         test_SK   
.3360E-03  1000.000  0.298E+07   0.99973E+00   0.00000E+00   0.10000E+00    0.10000E+01    0.81         test_SK   
.4281E-03  1000.000  0.233E+07   0.99973E+00   0.00000E+00   0.10000E+00    0.10000E+01    0.81         test_SK   
.5456E-03  1000.000  0.183E+07   0.99973E+00   0.00000E+00   0.10000E+00    0.10000E+01    0.81         test_SK   
.6952E-03  1000.000  0.144E+07   0.99970E+00   0.00000E+00   0.10000E+00    0.10000E+01    0.81         test_SK   
.8859E-03  1000.000  0.113E+07   0.99968E+00   0.00000E+00   0.10000E+00    0.10000E+01    0.81         test_SK   
.1129E-02  1000.000  0.885E+06   0.99964E+00   0.00000E+00   0.10000E+00    0.10000E+01    0.81         test_SK   
.1438E-02  1000.000  0.694E+06   0.99960E+00   0.00000E+00   0.10000E+00    0.10000E+01    0.81         test_SK   
.1833E-02  1000.000  0.545E+06   0.99957E+00   0.00000E+00   0.10000E+00    0.10000E+01    0.81         test_SK   
.2336E-02  1000.000  0.427E+06   0.99955E+00   0.00000E+00   0.10000E+00    0.10000E+01    0.81         test_SK   
.2976E-02  1000.000  0.335E+06   0.99959E+00   0.00000E+00   0.10000E+00    0.10000E+01    0.81         test_SK   
.3793E-02  1000.000  0.263E+06   0.99964E+00   0.00000E+00   0.10000E+00    0.10000E+01    0.81         test_SK   
.4833E-02  1000.000  0.206E+06   0.99958E+00   0.00000E+00   0.10000E+00    0.10000E+01    0.81         test_SK   
.6158E-02  1000.000  0.161E+06   0.99946E+00   0.00000E+00   0.10000E+00    0.10000E+01    0.81         test_SK   
.7848E-02  1000.000  0.126E+06   0.99956E+00   0.00000E+00   0.10000E+00    0.10000E+01    0.81         test_SK   
.1000E-01  1000.000  0.990E+05   0.99937E+00   0.00000E+00   0.10000E+00    0.10000E+01    0.81         test_SK   
.2237E-01  1000.000  0.437E+05   0.99920E+00   0.00000E+00   0.10000E+00    0.10000E+01    0.81         test_SK   
.3475E-01  1000.000  0.278E+05   0.99863E+00   0.00000E+00   0.10000E+00    0.10000E+01    0.81         test_SK   
.4713E-01  1000.000  0.202E+05   0.99815E+00   0.00000E+00   0.10000E+00    0.10000E+01    0.81         test_SK   
.5950E-01  1000.000  0.158E+05   0.99753E+00   0.00000E+00   0.10000E+00    0.10000E+01    0.81         test_SK   
.7187E-01  1000.000  0.129E+05   0.99709E+00   0.00000E+00   0.10000E+00    0.10000E+01    0.80         test_SK   
.8425E-01  1000.000  0.109E+05   0.99690E+00   0.00000E+00   0.10000E+00    0.10000E+01    0.80         test_SK   
.9663E-01  1000.000  0.935E+04   0.99641E+00   0.00000E+00   0.10000E+00    0.10000E+01    0.80         test_SK   
.1090E+00  1000.000  0.818E+04   0.99585E+00   0.00000E+00   0.10000E+00    0.10000E+01    0.80         test_SK   
.1214E+00  1000.000  0.724E+04   0.99530E+00   0.00000E+00   0.10000E+00    0.10000E+01    0.80         test_SK   
.1338E+00  1000.000  0.648E+04   0.99499E+00   0.00000E+00   0.10000E+00    0.10000E+01    0.80         test_SK   
.1461E+00  1000.000  0.584E+04   0.99464E+00   0.00000E+00   0.10000E+00    0.10000E+01    0.80         test_SK   
.1585E+00  1000.000  0.531E+04   0.99430E+00   0.00000E+00   0.10000E+00    0.10000E+01    0.80         test_SK   
.1709E+00  1000.000  0.485E+04   0.99371E+00   0.00000E+00   0.10000E+00    0.10000E+01    0.80         test_SK   
.1832E+00  1000.000  0.446E+04   0.99354E+00   0.00000E+00   0.10000E+00    0.10000E+01    0.80         test_SK   
.1956E+00  1000.000  0.411E+04   0.99324E+00   0.00000E+00   0.10000E+00    0.10000E+01    0.80         test_SK   
.2080E+00  1000.000  0.381E+04   0.99291E+00   0.00000E+00   0.10000E+00    0.10000E+01    0.80         test_SK   
.2204E+00  1000.000  0.354E+04   0.99235E+00   0.00000E+00   0.10000E+00    0.10000E+01    0.80         test_SK   
.2328E+00  1000.000  0.330E+04   0.99214E+00   0.00000E+00   0.10000E+00    0.10000E+01    0.80         test_SK   
.2451E+00  1000.000  0.308E+04   0.99179E+00   0.00000E+00   0.10000E+00    0.10000E+01    0.80         test_SK   
.2575E+00  1000.000  0.288E+04   0.99151E+00   0.00000E+00   0.10000E+00    0.10000E+01    0.79         test_SK   
.2699E+00  1000.000  0.271E+04   0.99107E+00   0.00000E+00   0.10000E+00    0.10000E+01    0.79         test_SK   
.2823E+00  1000.000  0.254E+04   0.99101E+00   0.00000E+00   0.10000E+00    0.10000E+01    0.79         test_SK   
.2946E+00  1000.000  0.240E+04   0.99063E+00   0.00000E+00   0.10000E+00    0.10000E+01    0.79         test_SK   
.3070E+00  1000.000  0.226E+04   0.99040E+00   0.00000E+00   0.10000E+00    0.10000E+01    0.79         test_SK   
.3194E+00  1000.000  0.213E+04   0.99009E+00   0.00000E+00   0.10000E+00    0.10000E+01    0.79         test_SK   
.3317E+00  1000.000  0.202E+04   0.98995E+00   0.00000E+00   0.10000E+00    0.10000E+01    0.79         test_SK   
.3441E+00  1000.000  0.191E+04   0.98983E+00   0.00000E+00   0.10000E+00    0.10000E+01    0.79         test_SK   
.3565E+00  1000.000  0.181E+04   0.98961E+00   0.00000E+00   0.10000E+00    0.10000E+01    0.79         test_SK   
.3689E+00  1000.000  0.171E+04   0.98952E+00   0.00000E+00   0.10000E+00    0.10000E+01    0.79         test_SK   
.3812E+00  1000.000  0.162E+04   0.98940E+00   0.00000E+00   0.10000E+00    0.10000E+01    0.79         test_SK   
.3936E+00  1000.000  0.154E+04   0.98928E+00   0.00000E+00   0.10000E+00    0.10000E+01    0.79         test_SK   
.4060E+00  1000.000  0.146E+04   0.98927E+00   0.00000E+00   0.10000E+00    0.10000E+01    0.79         test_SK   
.4184E+00  1000.000  0.139E+04   0.98938E+00   0.00000E+00   0.10000E+00    0.10000E+01    0.79         test_SK   
.4308E+00  1000.000  0.132E+04   0.98948E+00   0.00000E+00   0.10000E+00    0.10000E+01    0.79         test_SK   
.4431E+00  1000.000  0.126E+04   0.98953E+00   0.00000E+00   0.10000E+00    0.10000E+01    0.79         test_SK   
.4555E+00  1000.000  0.120E+04   0.98978E+00   0.00000E+00   0.10000E+00    0.10000E+01    0.79         test_SK   
.4679E+00  1000.000  0.114E+04   0.99006E+00   0.00000E+00   0.10000E+00    0.10000E+01    0.79         test_SK   
.4803E+00  1000.000  0.108E+04   0.99038E+00   0.00000E+00   0.10000E+00    0.10000E+01    0.79         test_SK   
.4926E+00  1000.000  0.103E+04   0.99081E+00   0.00000E+00   0.10000E+00    0.10000E+01    0.79         test_SK   
.5050E+00  1000.000  0.981E+03   0.99142E+00   0.00000E+00   0.10000E+00    0.10000E+01    0.79         test_SK   
.5174E+00  1000.000  0.934E+03   0.99204E+00   0.00000E+00   0.10000E+00    0.10000E+01    0.80         test_SK   
.5298E+00  1000.000  0.889E+03   0.99295E+00   0.00000E+00   0.10000E+00    0.10000E+01    0.80         test_SK   
.5421E+00  1000.000  0.845E+03   0.99364E+00   0.00000E+00   0.10000E+00    0.10000E+01    0.80         test_SK   
.5545E+00  1000.000  0.804E+03   0.99461E+00   0.00000E+00   0.10000E+00    0.10000E+01    0.80         test_SK   
.5669E+00  1000.000  0.765E+03   0.99592E+00   0.00000E+00   0.10000E+00    0.10000E+01    0.80         test_SK   
.5793E+00  1000.000  0.727E+03   0.99734E+00   0.00000E+00   0.10000E+00    0.10000E+01    0.81         test_SK   
.5916E+00  1000.000  0.691E+03   0.99911E+00   0.00000E+00   0.10000E+00    0.10000E+01    0.81         test_SK   
.6040E+00  1000.000  0.657E+03   0.10009E+01   0.00000E+00   0.10000E+00    0.10000E+01    0.81         test_SK   
.6164E+00  1000.000  0.623E+03   0.10032E+01   0.00000E+00   0.10000E+00    0.10000E+01    0.82         test_SK   
.6288E+00  1000.000  0.591E+03   0.10056E+01   0.00000E+00   0.10000E+00    0.10000E+01    0.82         test_SK   
.6411E+00  1000.000  0.561E+03   0.10085E+01   0.00000E+00   0.10000E+00    0.10000E+01    0.83         test_SK   
.6535E+00  1000.000  0.531E+03   0.10119E+01   0.00000E+00   0.10000E+00    0.10000E+01    0.83         test_SK   
.6659E+00  1000.000  0.503E+03   0.10159E+01   0.00000E+00   0.10000E+00    0.10000E+01    0.84         test_SK   
.6783E+00  1000.000  0.475E+03   0.10204E+01   0.00000E+00   0.10000E+00    0.10000E+01    0.85         test_SK   
.6906E+00  1000.000  0.449E+03   0.10257E+01   0.00000E+00   0.10000E+00    0.10000E+01    0.86         test_SK   
.7030E+00  1000.000  0.423E+03   0.10319E+01   0.00000E+00   0.10000E+00    0.10000E+01    0.87         test_SK   
.7154E+00  1000.000  0.399E+03   0.10390E+01   0.00000E+00   0.10000E+00    0.10000E+01    0.88         test_SK   
.7278E+00  1000.000  0.375E+03   0.10474E+01   0.00000E+00   0.10000E+00    0.10000E+01    0.90         test_SK   
.7401E+00  1000.000  0.352E+03   0.10574E+01   0.00000E+00   0.10000E+00    0.10000E+01    0.92         test_SK   
.7525E+00  1000.000  0.330E+03   0.10692E+01   0.00000E+00   0.10000E+00    0.10000E+01    0.94         test_SK   
.7649E+00  1000.000  0.308E+03   0.10831E+01   0.00000E+00   0.10000E+00    0.10000E+01    0.97         test_SK   
.7772E+00  1000.000  0.287E+03   0.10999E+01   0.00000E+00   0.10000E+00    0.10000E+01    1.00         test_SK   
.7896E+00  1000.000  0.267E+03   0.11200E+01   0.00000E+00   0.10000E+00    0.10000E+01    1.04         test_SK   
.8020E+00  1000.000  0.248E+03   0.11447E+01   0.00000E+00   0.10000E+00    0.10000E+01    1.09         test_SK   
.8144E+00  1000.000  0.229E+03   0.11750E+01   0.00000E+00   0.10000E+00    0.10000E+01    1.16         test_SK   
.8267E+00  1000.000  0.210E+03   0.12128E+01   0.00000E+00   0.10000E+00    0.10000E+01    1.24         test_SK   
.8391E+00  1000.000  0.193E+03   0.12606E+01   0.00000E+00   0.10000E+00    0.10000E+01    1.35         test_SK   
.8515E+00  1000.000  0.175E+03   0.13220E+01   0.00000E+00   0.10000E+00    0.10000E+01    1.49         test_SK   
.8639E+00  1000.000  0.158E+03   0.14024E+01   0.00000E+00   0.10000E+00    0.10000E+01    1.70         test_SK   
.8762E+00  1000.000  0.142E+03   0.15105E+01   0.00000E+00   0.10000E+00    0.10000E+01    1.99         test_SK   
.8886E+00  1000.000  0.126E+03   0.16602E+01   0.00000E+00   0.10000E+00    0.10000E+01    2.43         test_SK   
.9010E+00  1000.000  0.111E+03   0.18755E+01   0.00000E+00   0.10000E+00    0.10000E+01    3.15         test_SK   
.9134E+00  1000.000  0.957E+02   0.22001E+01   0.00000E+00   0.10000E+00    0.10000E+01    4.41         test_SK   
.9257E+00  1000.000  0.811E+02   0.27229E+01   0.00000E+00   0.10000E+00    0.10000E+01    6.88         test_SK   
.9381E+00  1000.000  0.668E+02   0.36424E+01   0.00000E+00   0.10000E+00    0.10000E+01   12.55         test_SK   
.9505E+00  1000.000  0.530E+02   0.54845E+01   0.00000E+00   0.10000E+00    0.10000E+01   28.99         test_SK   
.9629E+00  1000.000  0.394E+02   0.10016E+02   0.00000E+00   0.10000E+00    0.10000E+01   98.32         test_SK   
.9752E+00  1000.000  0.263E+02   0.26120E+02   0.00000E+00   0.10000E+00    0.10000E+01  677.02         test_SK   
.9876E+00  1000.000  0.134E+02   0.16254E+03   0.00000E+00   0.10000E+00    0.10000E+01 *******         test_SK   

