BoNuS F2N/F2D Measured data --- submitted by P.Monaghan <peter@jlab.org> 10 Sep 2014
Data normalized to new Christy fit at x=0.3 - 4.2 GeV beam set (norm. factor 0.901) - 5.3 GeV (norm. factor 1.000))
S.Tkachenko et al. [BONUS], Phys.Rev. C89 (2014) 045206 

0.045    :  normalization uncertainty

      x		Q^2    f2N/f2D	    i	   stat	     sys     E_beam [GeV]   dummy
   0.07900   0.42300   0.00500	   1.0	 0.00500   0.00000	4.2	  1.00000
   0.11300   0.50500   0.21100	   2.0	 0.25500   0.00100	4.2	  1.00000
   0.11100   0.50800   0.09700	   3.0	 0.16600   0.00000	4.2	  1.00000
   0.10400   0.51300   0.33600	   4.0	 0.37300   0.00100	4.2	  1.00000
   0.10200   0.51300   0.65200	   5.0	 0.32600   0.00300	4.2	  1.00000
   0.25700   0.61100   0.53100	   6.0	 0.86200   0.00400	4.2	  1.00000
   0.21800   0.62900   0.71400	   7.0	 0.39300   0.00500	4.2	  1.00000
   0.21200   0.62800   0.38400	   8.0	 0.27000   0.00300	4.2	  1.00000
   0.20400   0.62400   0.72700	   9.0	 0.32500   0.00500	4.2	  1.00000
   0.19700   0.62700   0.66900	  10.0	 0.28800   0.00400	4.2	  1.00000
   0.19100   0.62400   0.34000	  11.0	 0.18100   0.00200	4.2	  1.00000
   0.18800   0.62600   0.32800	  12.0	 0.17000   0.00200	4.2	  1.00000
   0.18500   0.62500   0.24000	  13.0	 0.13000   0.00100	4.2	  1.00000
   0.17900   0.62600   0.32300	  14.0	 0.12900   0.00200	4.2	  1.00000
   0.17700   0.62500   0.24000	  15.0	 0.10800   0.00100	4.2	  1.00000
   0.17100   0.62600   0.42900	  16.0	 0.13100   0.00200	4.2	  1.00000
   0.16700   0.62500   0.23500	  17.0	 0.08900   0.00100	4.2	  1.00000
   0.16400   0.62500   0.27900	  18.0	 0.08600   0.00200	4.2	  1.00000
   0.16200   0.62500   0.44400	  19.0	 0.09900   0.00200	4.2	  1.00000
   0.15900   0.62400   0.28600	  20.0	 0.07400   0.00200	4.2	  1.00000
   0.15400   0.62400   0.38700	  21.0	 0.07800   0.00200	4.2	  1.00000
   0.15000   0.62300   0.38200	  22.0	 0.07200   0.00200	4.2	  1.00000
   0.14700   0.62300   0.48800	  23.0	 0.07100   0.00200	4.2	  1.00000
   0.14400   0.62200   0.28300	  24.0	 0.05600   0.00100	4.2	  1.00000
   0.14200   0.62100   0.37500	  25.0	 0.05700   0.00200	4.2	  1.00000
   0.13800   0.62000   0.38800	  26.0	 0.05300   0.00200	4.2	  1.00000
   0.13600   0.61900   0.43100	  27.0	 0.05200   0.00200	4.2	  1.00000
   0.13300   0.61800   0.43400	  28.0	 0.05000   0.00200	4.2	  1.00000
   0.13000   0.61700   0.40900	  29.0	 0.04600   0.00200	4.2	  1.00000
   0.12700   0.61600   0.39500	  30.0	 0.04200   0.00200	4.2	  1.00000
   0.12500   0.61500   0.37100	  31.0	 0.04000   0.00200	4.2	  1.00000
   0.12200   0.61400   0.36500	  32.0	 0.03800   0.00200	4.2	  1.00000
   0.62500   0.75500   0.21400	  33.0	 0.29200   0.01000	4.2	  1.00000
   0.59900   0.75300   0.44100	  34.0	 0.26300   0.01900	4.2	  1.00000
   0.58500   0.75200   0.20700	  35.0	 0.20400   0.00800	4.2	  1.00000
   0.55600   0.75100   1.03300	  36.0	 0.28100   0.03600	4.2	  1.00000
   0.53700   0.75200   0.52000	  37.0	 0.18900   0.01700	4.2	  1.00000
   0.51900   0.75100   0.70800	  38.0	 0.19000   0.02100	4.2	  1.00000
   0.49800   0.75000   0.63200	  39.0	 0.18000   0.01700	4.2	  1.00000
   0.48800   0.75000   0.38000	  40.0	 0.13400   0.00900	4.2	  1.00000
   0.46700   0.75000   0.16600	  41.0	 0.09400   0.00400	4.2	  1.00000
   0.45100   0.74900   0.20600	  42.0	 0.10500   0.00400	4.2	  1.00000
   0.44000   0.74900   0.34500	  43.0	 0.11200   0.00700	4.2	  1.00000
   0.42800   0.74800   0.29600	  44.0	 0.10600   0.00600	4.2	  1.00000
   0.41200   0.74700   0.32400	  45.0	 0.10800   0.00600	4.2	  1.00000
   0.39600   0.74800   0.19100	  46.0	 0.08300   0.00300	4.2	  1.00000
   0.38800   0.74700   0.46800	  47.0	 0.09800   0.00700	4.2	  1.00000
   0.37600   0.74600   0.34000	  48.0	 0.08500   0.00500	4.2	  1.00000
   0.36500   0.74600   0.36700	  49.0	 0.08000   0.00500	4.2	  1.00000
   0.35500   0.74500   0.47200	  50.0	 0.08200   0.00600	4.2	  1.00000
   0.34500   0.74400   0.39200	  51.0	 0.07100   0.00500	4.2	  1.00000
   0.33600   0.74300   0.35200	  52.0	 0.06500   0.00400	4.2	  1.00000
   0.32600   0.74200   0.33200	  53.0	 0.05900   0.00400	4.2	  1.00000
   0.31700   0.74200   0.54100	  54.0	 0.07000   0.00600	4.2	  1.00000
   0.30800   0.74100   0.36800	  55.0	 0.05800   0.00400	4.2	  1.00000
   0.30000   0.73900   0.46400	  56.0	 0.06000   0.00500	4.2	  1.00000
   0.29100   0.73800   0.39700	  57.0	 0.05400   0.00400	4.2	  1.00000
   0.28400   0.73800   0.34200	  58.0	 0.05000   0.00300	4.2	  1.00000
   0.27700   0.73700   0.36700	  59.0	 0.04900   0.00300	4.2	  1.00000
   0.26900   0.73600   0.42900	  60.0	 0.04800   0.00400	4.2	  1.00000
   0.26200   0.73500   0.42900	  61.0	 0.04700   0.00400	4.2	  1.00000
   0.25600   0.73400   0.44400	  62.0	 0.04500   0.00400	4.2	  1.00000
   0.24900   0.73300   0.47200	  63.0	 0.04400   0.00400	4.2	  1.00000
   0.24400   0.73200   0.35300	  64.0	 0.03800   0.00300	4.2	  1.00000
   0.23800   0.73100   0.39700	  65.0	 0.03900   0.00300	4.2	  1.00000
   0.23100   0.73000   0.37700	  66.0	 0.03600   0.00300	4.2	  1.00000
   0.22600   0.72900   0.34800	  67.0	 0.03500   0.00300	4.2	  1.00000
   0.22100   0.72800   0.38500	  68.0	 0.03500   0.00300	4.2	  1.00000
   0.21600   0.72700   0.45500	  69.0	 0.03700   0.00300	4.2	  1.00000
   0.21000   0.72600   0.46400	  70.0	 0.03600   0.00300	4.2	  1.00000
   0.20600   0.72500   0.42000	  71.0	 0.03400   0.00300	4.2	  1.00000
   0.20200   0.72300   0.45200	  72.0	 0.03400   0.00300	4.2	  1.00000
   0.19600   0.72200   0.44200	  73.0	 0.03300   0.00300	4.2	  1.00000
   0.19200   0.72100   0.45600	  74.0	 0.03300   0.00300	4.2	  1.00000
   0.18800   0.71900   0.43400	  75.0	 0.03200   0.00300	4.2	  1.00000
   0.18300   0.71800   0.41100	  76.0	 0.03100   0.00200	4.2	  1.00000
   0.18000   0.71700   0.43300	  77.0	 0.03100   0.00200	4.2	  1.00000
   0.17600   0.71600   0.43700	  78.0	 0.03000   0.00200	4.2	  1.00000
   0.17300   0.71400   0.39400	  79.0	 0.02900   0.00200	4.2	  1.00000
   0.16900   0.71300   0.44900	  80.0	 0.03000   0.00200	4.2	  1.00000
   0.16500   0.71200   0.43000	  81.0	 0.02900   0.00200	4.2	  1.00000
   0.16300   0.71200   0.44700	  82.0	 0.02900   0.00200	4.2	  1.00000
   0.15900   0.71100   0.46800	  83.0	 0.02900   0.00200	4.2	  1.00000
   0.15600   0.71200   0.45000	  84.0	 0.02800   0.00200	4.2	  1.00000
   0.15300   0.71100   0.43700	  85.0	 0.02800   0.00200	4.2	  1.00000
   0.15000   0.71100   0.37500	  86.0	 0.02600   0.00200	4.2	  1.00000
   0.14700   0.71000   0.41000	  87.0	 0.02700   0.00200	4.2	  1.00000
   0.14500   0.70900   0.43200	  88.0	 0.02700   0.00200	4.2	  1.00000
   0.14200   0.70900   0.47100	  89.0	 0.02800   0.00200	4.2	  1.00000
   0.13900   0.70800   0.48100	  90.0	 0.02900   0.00200	4.2	  1.00000
   0.70000   0.86500   0.16000	  91.0	 0.04000   0.01100	4.2	  1.00000
   0.67600   0.86300   0.32300	  92.0	 0.06000   0.02000	4.2	  1.00000
   0.65200   0.86300   0.43200	  93.0	 0.06200   0.02400	4.2	  1.00000
   0.62900   0.86200   0.63200	  94.0	 0.06200   0.03100	4.2	  1.00000
   0.60900   0.86100   0.65300	  95.0	 0.05600   0.03000	4.2	  1.00000
   0.59000   0.86100   0.73600	  96.0	 0.05400   0.03000	4.2	  1.00000
   0.57100   0.85900   0.74900	  97.0	 0.05100   0.02800	4.2	  1.00000
   0.55200   0.85900   0.60900	  98.0	 0.04400   0.02100	4.2	  1.00000
   0.53400   0.85800   0.49800	  99.0	 0.03900   0.01600	4.2	  1.00000
   0.51800   0.85800   0.47700	 100.0	 0.03800   0.01400	4.2	  1.00000
   0.50100   0.85700   0.45200	 101.0	 0.03700   0.01200	4.2	  1.00000
   0.48600   0.85700   0.47200	 102.0	 0.03800   0.01200	4.2	  1.00000
   0.47300   0.85600   0.42400	 103.0	 0.03700   0.01000	4.2	  1.00000
   0.45700   0.85500   0.36500	 104.0	 0.03500   0.00800	4.2	  1.00000
   0.44400   0.85400   0.40000	 105.0	 0.03700   0.00800	4.2	  1.00000
   0.43100   0.85300   0.37700	 106.0	 0.03500   0.00700	4.2	  1.00000
   0.41900   0.85300   0.40500	 107.0	 0.03600   0.00700	4.2	  1.00000
   0.40800   0.85200   0.43600	 108.0	 0.03500   0.00800	4.2	  1.00000
   0.39600   0.85100   0.37500	 109.0	 0.03200   0.00600	4.2	  1.00000
   0.38400   0.85000   0.46600	 110.0	 0.03400   0.00700	4.2	  1.00000
   0.37400   0.84900   0.44500	 111.0	 0.03100   0.00700	4.2	  1.00000
   0.36500   0.84900   0.44700	 112.0	 0.03100   0.00600	4.2	  1.00000
   0.35600   0.84800   0.40600	 113.0	 0.03000   0.00500	4.2	  1.00000
   0.34500   0.84700   0.38300	 114.0	 0.02800   0.00500	4.2	  1.00000
   0.33800   0.84700   0.39800	 115.0	 0.02900   0.00500	4.2	  1.00000
   0.32900   0.84600   0.40200	 116.0	 0.02900   0.00500	4.2	  1.00000
   0.32100   0.84600   0.41800	 117.0	 0.02900   0.00500	4.2	  1.00000
   0.31300   0.84500   0.44100	 118.0	 0.02900   0.00500	4.2	  1.00000
   0.30400   0.84500   0.45900	 119.0	 0.02900   0.00500	4.2	  1.00000
   0.29800   0.84500   0.43500	 120.0	 0.02800   0.00400	4.2	  1.00000
   0.29300   0.84500   0.47300	 121.0	 0.02900   0.00500	4.2	  1.00000
   0.28400   0.84500   0.42100	 122.0	 0.02700   0.00400	4.2	  1.00000
   0.27700   0.84500   0.38000	 123.0	 0.02500   0.00400	4.2	  1.00000
   0.27200   0.84500   0.41800	 124.0	 0.02600   0.00400	4.2	  1.00000
   0.26600   0.84500   0.37100	 125.0	 0.02500   0.00300	4.2	  1.00000
   0.25900   0.84500   0.38300	 126.0	 0.02500   0.00300	4.2	  1.00000
   0.25400   0.84500   0.39100	 127.0	 0.02500   0.00300	4.2	  1.00000
   0.24800   0.84500   0.40500	 128.0	 0.02600   0.00300	4.2	  1.00000
   0.24300   0.84500   0.44400	 129.0	 0.02700   0.00300	4.2	  1.00000
   0.23700   0.84500   0.39700	 130.0	 0.02600   0.00300	4.2	  1.00000
   0.23200   0.84400   0.42700	 131.0	 0.02600   0.00300	4.2	  1.00000
   0.22700   0.84400   0.45800	 132.0	 0.02700   0.00300	4.2	  1.00000
   0.22300   0.84300   0.42900	 133.0	 0.02700   0.00300	4.2	  1.00000
   0.21800   0.84300   0.43800	 134.0	 0.02600   0.00300	4.2	  1.00000
   0.21400   0.84200   0.42200	 135.0	 0.02600   0.00300	4.2	  1.00000
   0.21000   0.84200   0.43600	 136.0	 0.02600   0.00300	4.2	  1.00000
   0.20500   0.84200   0.43800	 137.0	 0.02600   0.00300	4.2	  1.00000
   0.20200   0.84200   0.37900	 138.0	 0.02500   0.00200	4.2	  1.00000
   0.19800   0.84200   0.42000	 139.0	 0.02600   0.00300	4.2	  1.00000
   0.19300   0.84200   0.47800	 140.0	 0.02700   0.00300	4.2	  1.00000
   0.19000   0.84300   0.45100	 141.0	 0.02600   0.00300	4.2	  1.00000
   0.18700   0.84200   0.40400	 142.0	 0.02500   0.00200	4.2	  1.00000
   0.18300   0.84300   0.41400	 143.0	 0.02600   0.00200	4.2	  1.00000
   0.18000   0.84300   0.44300	 144.0	 0.02700   0.00300	4.2	  1.00000
   0.17700   0.84300   0.47400	 145.0	 0.02700   0.00300	4.2	  1.00000
   0.17400   0.84300   0.42800	 146.0	 0.02600   0.00200	4.2	  1.00000
   0.17000   0.84200   0.44100	 147.0	 0.02700   0.00200	4.2	  1.00000
   0.16700   0.84200   0.44600	 148.0	 0.02700   0.00200	4.2	  1.00000
   0.73400   1.00700   0.17100	 149.0	 0.03200   0.01400	4.2	  1.00000
   0.71000   1.00700   0.28300	 150.0	 0.04500   0.02100	4.2	  1.00000
   0.68700   1.00600   0.52600	 151.0	 0.05200   0.03500	4.2	  1.00000
   0.66800   1.00600   0.64000	 152.0	 0.05200   0.03800	4.2	  1.00000
   0.64500   1.00600   0.72800	 153.0	 0.05000   0.03900	4.2	  1.00000
   0.62800   1.00500   0.71600	 154.0	 0.04500   0.03500	4.2	  1.00000
   0.60900   1.00600   0.76200	 155.0	 0.04400   0.03400	4.2	  1.00000
   0.59100   1.00600   0.58000	 156.0	 0.03800   0.02400	4.2	  1.00000
   0.57500   1.00600   0.53900	 157.0	 0.03600   0.02100	4.2	  1.00000
   0.55800   1.00600   0.45200	 158.0	 0.03300   0.01600	4.2	  1.00000
   0.54300   1.00700   0.46600	 159.0	 0.03500   0.01500	4.2	  1.00000
   0.52700   1.00600   0.44000	 160.0	 0.03400   0.01300	4.2	  1.00000
   0.51300   1.00600   0.40500	 161.0	 0.03400   0.01200	4.2	  1.00000
   0.49800   1.00600   0.40400	 162.0	 0.03400   0.01100	4.2	  1.00000
   0.48500   1.00600   0.43700	 163.0	 0.03500   0.01100	4.2	  1.00000
   0.47000   1.00600   0.34800	 164.0	 0.03200   0.00800	4.2	  1.00000
   0.45900   1.00500   0.40100	 165.0	 0.03200   0.00900	4.2	  1.00000
   0.44700   1.00500   0.36000	 166.0	 0.03100   0.00800	4.2	  1.00000
   0.43600   1.00500   0.42600	 167.0	 0.03200   0.00800	4.2	  1.00000
   0.42500   1.00400   0.43200	 168.0	 0.03100   0.00800	4.2	  1.00000
   0.41500   1.00300   0.41200	 169.0	 0.02900   0.00700	4.2	  1.00000
   0.40600   1.00300   0.43100	 170.0	 0.02900   0.00700	4.2	  1.00000
   0.39500   1.00200   0.46800	 171.0	 0.02900   0.00800	4.2	  1.00000
   0.38600   1.00300   0.36100	 172.0	 0.02700   0.00600	4.2	  1.00000
   0.37700   1.00300   0.43300	 173.0	 0.02900   0.00600	4.2	  1.00000
   0.36800   1.00300   0.42300	 174.0	 0.02800   0.00600	4.2	  1.00000
   0.36000   1.00300   0.41900	 175.0	 0.02800   0.00600	4.2	  1.00000
   0.35100   1.00400   0.48100	 176.0	 0.02900   0.00600	4.2	  1.00000
   0.34400   1.00300   0.39500	 177.0	 0.02700   0.00500	4.2	  1.00000
   0.33600   1.00400   0.44400	 178.0	 0.02800   0.00500	4.2	  1.00000
   0.32700   1.00500   0.42500	 179.0	 0.02700   0.00500	4.2	  1.00000
   0.32200   1.00600   0.37200	 180.0	 0.02500   0.00400	4.2	  1.00000
   0.31500   1.00600   0.39200	 181.0	 0.02600   0.00400	4.2	  1.00000
   0.30700   1.00600   0.37300	 182.0	 0.02500   0.00400	4.2	  1.00000
   0.30100   1.00700   0.40000	 183.0	 0.02600   0.00400	4.2	  1.00000
   0.29400   1.00700   0.31200	 184.0	 0.02300   0.00300	4.2	  1.00000
   0.28900   1.00700   0.41200	 185.0	 0.02600   0.00400	4.2	  1.00000
   0.28300   1.00700   0.38000	 186.0	 0.02500   0.00400	4.2	  1.00000
   0.27600   1.00700   0.37800	 187.0	 0.02500   0.00300	4.2	  1.00000
   0.27100   1.00700   0.41100	 188.0	 0.02600   0.00400	4.2	  1.00000
   0.26600   1.00700   0.43800	 189.0	 0.02600   0.00400	4.2	  1.00000
   0.26000   1.00700   0.46600	 190.0	 0.02700   0.00400	4.2	  1.00000
   0.25500   1.00600   0.46700	 191.0	 0.02700   0.00400	4.2	  1.00000
   0.24900   1.00500   0.43100	 192.0	 0.02600   0.00300	4.2	  1.00000
   0.24400   1.00500   0.39500	 193.0	 0.02600   0.00300	4.2	  1.00000
   0.24000   1.00400   0.40800	 194.0	 0.02600   0.00300	4.2	  1.00000
   0.23600   1.00400   0.48200	 195.0	 0.02800   0.00400	4.2	  1.00000
   0.23100   1.00300   0.37700	 196.0	 0.02500   0.00300	4.2	  1.00000
   0.22700   1.00300   0.43100	 197.0	 0.02700   0.00300	4.2	  1.00000
   0.22300   1.00300   0.42000	 198.0	 0.02700   0.00300	4.2	  1.00000
   0.21900   1.00300   0.45700	 199.0	 0.02800   0.00300	4.2	  1.00000
   0.21500   1.00400   0.43800	 200.0	 0.02700   0.00300	4.2	  1.00000
   0.21200   1.00400   0.43000	 201.0	 0.02700   0.00300	4.2	  1.00000
   0.20800   1.00500   0.42400	 202.0	 0.02700   0.00300	4.2	  1.00000
   0.20400   1.00600   0.45400	 203.0	 0.02700   0.00300	4.2	  1.00000
   0.76500   1.19800   0.15000	 204.0	 0.03200   0.01400	4.2	  1.00000
   0.74500   1.19900   0.38400	 205.0	 0.05400   0.03400	4.2	  1.00000
   0.72400   1.19900   0.36100	 206.0	 0.05300   0.02800	4.2	  1.00000
   0.70400   1.19800   0.56800	 207.0	 0.05800   0.04100	4.2	  1.00000
   0.68600   1.19800   0.73000	 208.0	 0.06000   0.04800	4.2	  1.00000
   0.66800   1.19800   0.66300	 209.0	 0.05200   0.04000	4.2	  1.00000
   0.65100   1.19800   0.59700	 210.0	 0.04600   0.03300	4.2	  1.00000
   0.63300   1.19900   0.66500	 211.0	 0.04700   0.03400	4.2	  1.00000
   0.61600   1.19900   0.47500	 212.0	 0.04000   0.02200	4.2	  1.00000
   0.60100   1.20000   0.41200	 213.0	 0.03700   0.01800	4.2	  1.00000
   0.58500   1.20000   0.44400	 214.0	 0.03900   0.01800	4.2	  1.00000
   0.57000   1.20000   0.39500	 215.0	 0.03800   0.01500	4.2	  1.00000
   0.55600   1.20000   0.38300	 216.0	 0.03700   0.01300	4.2	  1.00000
   0.54200   1.20000   0.43500	 217.0	 0.03900   0.01400	4.2	  1.00000
   0.52800   1.19900   0.42000	 218.0	 0.03700   0.01300	4.2	  1.00000
   0.51700   1.19900   0.44700	 219.0	 0.03800   0.01300	4.2	  1.00000
   0.50500   1.19900   0.45700	 220.0	 0.03700   0.01300	4.2	  1.00000
   0.49100   1.19800   0.41200	 221.0	 0.03500   0.01100	4.2	  1.00000
   0.48000   1.19800   0.39300	 222.0	 0.03400   0.01000	4.2	  1.00000
   0.47000   1.19800   0.44500	 223.0	 0.03400   0.01000	4.2	  1.00000
   0.45800   1.19800   0.46200	 224.0	 0.03400   0.01000	4.2	  1.00000
   0.44800   1.19700   0.42600	 225.0	 0.03200   0.00900	4.2	  1.00000
   0.43900   1.19700   0.41800	 226.0	 0.03100   0.00800	4.2	  1.00000
   0.42900   1.19800   0.40900	 227.0	 0.03000   0.00800	4.2	  1.00000
   0.41800   1.19800   0.42200	 228.0	 0.03100   0.00800	4.2	  1.00000
   0.40900   1.19800   0.36600	 229.0	 0.03000   0.00600	4.2	  1.00000
   0.40000   1.19800   0.42200	 230.0	 0.03000   0.00700	4.2	  1.00000
   0.39200   1.19800   0.40900	 231.0	 0.03000   0.00700	4.2	  1.00000
   0.38400   1.19800   0.42000	 232.0	 0.03000   0.00600	4.2	  1.00000
   0.37600   1.19900   0.42700	 233.0	 0.03100   0.00600	4.2	  1.00000
   0.36800   1.19800   0.44300	 234.0	 0.03000   0.00600	4.2	  1.00000
   0.36000   1.19900   0.41400	 235.0	 0.02900   0.00600	4.2	  1.00000
   0.35300   1.19800   0.39200	 236.0	 0.02800   0.00500	4.2	  1.00000
   0.34700   1.19800   0.39600	 237.0	 0.02800   0.00500	4.2	  1.00000
   0.33800   1.19800   0.39500	 238.0	 0.02800   0.00500	4.2	  1.00000
   0.33100   1.19800   0.42500	 239.0	 0.02900   0.00500	4.2	  1.00000
   0.32500   1.19800   0.45500	 240.0	 0.03000   0.00500	4.2	  1.00000
   0.31900   1.19800   0.42300	 241.0	 0.02900   0.00500	4.2	  1.00000
   0.31200   1.19800   0.38400	 242.0	 0.02800   0.00400	4.2	  1.00000
   0.30700   1.19700   0.44500	 243.0	 0.03000   0.00500	4.2	  1.00000
   0.30100   1.19700   0.44900	 244.0	 0.03000   0.00500	4.2	  1.00000
   0.29500   1.19800   0.48600	 245.0	 0.03100   0.00500	4.2	  1.00000
   0.29000   1.19800   0.44200	 246.0	 0.03000   0.00400	4.2	  1.00000
   0.28500   1.19900   0.46000	 247.0	 0.03000   0.00400	4.2	  1.00000
   0.28000   1.20000   0.42300	 248.0	 0.02900   0.00400	4.2	  1.00000
   0.27500   1.20100   0.39000	 249.0	 0.02700   0.00400	4.2	  1.00000
   0.27000   1.20200   0.43400	 250.0	 0.02900   0.00400	4.2	  1.00000
   0.26500   1.20300   0.39200	 251.0	 0.02700   0.00300	4.2	  1.00000
   0.26100   1.20300   0.42800	 252.0	 0.02700   0.00400	4.2	  1.00000
   0.25500   1.20200   0.44100	 253.0	 0.02800   0.00400	4.2	  1.00000
   0.25100   1.20300   0.42200	 254.0	 0.02700   0.00300	4.2	  1.00000
   0.24700   1.20300   0.40700	 255.0	 0.02600   0.00300	4.2	  1.00000
   0.79600   1.42500   0.13100	 256.0	 0.03500   0.01500	4.2	  1.00000
   0.77600   1.42400   0.37200	 257.0	 0.06000   0.03800	4.2	  1.00000
   0.75900   1.42400   0.38900	 258.0	 0.06400   0.03600	4.2	  1.00000
   0.73900   1.42300   0.53900	 259.0	 0.06700   0.04500	4.2	  1.00000
   0.72200   1.42300   0.78100	 260.0	 0.07000   0.06100	4.2	  1.00000
   0.70300   1.42300   0.67600	 261.0	 0.06300   0.04900	4.2	  1.00000
   0.68800   1.42200   0.62300	 262.0	 0.05600   0.04100	4.2	  1.00000
   0.67200   1.42300   0.55600	 263.0	 0.05100   0.03400	4.2	  1.00000
   0.65600   1.42300   0.50200	 264.0	 0.04700   0.02800	4.2	  1.00000
   0.64100   1.42500   0.45800	 265.0	 0.04500   0.02400	4.2	  1.00000
   0.62600   1.42400   0.53600	 266.0	 0.04800   0.02600	4.2	  1.00000
   0.61200   1.42300   0.41400	 267.0	 0.04400   0.01900	4.2	  1.00000
   0.59700   1.42400   0.41400	 268.0	 0.04400   0.01800	4.2	  1.00000
   0.58400   1.42400   0.39400	 269.0	 0.04200   0.01600	4.2	  1.00000
   0.57200   1.42400   0.39300	 270.0	 0.04200   0.01500	4.2	  1.00000
   0.55800   1.42400   0.36900	 271.0	 0.04000   0.01300	4.2	  1.00000
   0.54800   1.42400   0.37500	 272.0	 0.04000   0.01300	4.2	  1.00000
   0.53500   1.42400   0.41000	 273.0	 0.04000   0.01300	4.2	  1.00000
   0.52400   1.42400   0.41400	 274.0	 0.04000   0.01200	4.2	  1.00000
   0.51300   1.42400   0.45300	 275.0	 0.04000   0.01300	4.2	  1.00000
   0.50200   1.42500   0.48900	 276.0	 0.04000   0.01300	4.2	  1.00000
   0.49100   1.42500   0.46300	 277.0	 0.03800   0.01200	4.2	  1.00000
   0.48100   1.42600   0.43600	 278.0	 0.03700   0.01100	4.2	  1.00000
   0.47300   1.42500   0.45100	 279.0	 0.03700   0.01100	4.2	  1.00000
   0.46200   1.42500   0.40300	 280.0	 0.03500   0.00900	4.2	  1.00000
   0.45200   1.42500   0.36500	 281.0	 0.03300   0.00800	4.2	  1.00000
   0.44300   1.42500   0.38100	 282.0	 0.03400   0.00800	4.2	  1.00000
   0.43400   1.42500   0.40900	 283.0	 0.03400   0.00800	4.2	  1.00000
   0.42600   1.42400   0.43500	 284.0	 0.03500   0.00800	4.2	  1.00000
   0.41600   1.42500   0.39400	 285.0	 0.03400   0.00700	4.2	  1.00000
   0.40900   1.42500   0.41900	 286.0	 0.03400   0.00700	4.2	  1.00000
   0.40200   1.42600   0.35800	 287.0	 0.03100   0.00600	4.2	  1.00000
   0.39400   1.42600   0.40500	 288.0	 0.03200   0.00700	4.2	  1.00000
   0.38600   1.42500   0.36400	 289.0	 0.03000   0.00600	4.2	  1.00000
   0.38000   1.42700   0.36400	 290.0	 0.03000   0.00500	4.2	  1.00000
   0.37300   1.42600   0.35700	 291.0	 0.03000   0.00500	4.2	  1.00000
   0.36600   1.42800   0.38300	 292.0	 0.03000   0.00500	4.2	  1.00000
   0.35800   1.43000   0.35100	 293.0	 0.02900   0.00500	4.2	  1.00000
   0.35200   1.42900   0.40500	 294.0	 0.03000   0.00500	4.2	  1.00000
   0.34600   1.43000   0.41200	 295.0	 0.03000   0.00500	4.2	  1.00000
   0.34000   1.43000   0.39400	 296.0	 0.02900   0.00500	4.2	  1.00000
   0.33200   1.43000   0.38600	 297.0	 0.02900   0.00500	4.2	  1.00000
   0.32600   1.42900   0.41300	 298.0	 0.03000   0.00500	4.2	  1.00000
   0.32100   1.42800   0.42100	 299.0	 0.03000   0.00500	4.2	  1.00000
   0.31500   1.42800   0.41900	 300.0	 0.02900   0.00500	4.2	  1.00000
   0.31100   1.42800   0.43300	 301.0	 0.03000   0.00500	4.2	  1.00000
   0.30500   1.42800   0.46400	 302.0	 0.03000   0.00500	4.2	  1.00000
   0.29900   1.42800   0.35800	 303.0	 0.02700   0.00400	4.2	  1.00000
   0.82200   1.69900   0.15200	 304.0	 0.04100   0.01900	4.2	  1.00000
   0.80500   1.69600   0.31500	 305.0	 0.06600   0.03700	4.2	  1.00000
   0.78600   1.69700   0.39800	 306.0	 0.07400   0.04200	4.2	  1.00000
   0.76900   1.69600   0.50900	 307.0	 0.07800   0.05000	4.2	  1.00000
   0.75400   1.69400   0.54500	 308.0	 0.07800   0.05000	4.2	  1.00000
   0.74000   1.69500   0.79900	 309.0	 0.08300   0.06800	4.2	  1.00000
   0.72400   1.69500   0.58000	 310.0	 0.06900   0.04600	4.2	  1.00000
   0.71000   1.69500   0.48500	 311.0	 0.06000   0.03500	4.2	  1.00000
   0.69500   1.69600   0.53600	 312.0	 0.06200   0.03700	4.2	  1.00000
   0.67900   1.69500   0.42200	 313.0	 0.05400   0.02700	4.2	  1.00000
   0.66500   1.69800   0.41200	 314.0	 0.05300   0.02400	4.2	  1.00000
   0.65300   1.69700   0.39200	 315.0	 0.05300   0.02200	4.2	  1.00000
   0.63800   1.69700   0.37500	 316.0	 0.05100   0.02000	4.2	  1.00000
   0.62800   1.69900   0.38800	 317.0	 0.05000   0.01900	4.2	  1.00000
   0.61200   1.69800   0.35700	 318.0	 0.04900   0.01700	4.2	  1.00000
   0.60400   1.70000   0.41900	 319.0	 0.05100   0.01900	4.2	  1.00000
   0.59000   1.70000   0.44600	 320.0	 0.04900   0.01900	4.2	  1.00000
   0.58100   1.70100   0.29300	 321.0	 0.04300   0.01200	4.2	  1.00000
   0.56800   1.70200   0.34600	 322.0	 0.04300   0.01300	4.2	  1.00000
   0.55500   1.70300   0.45000	 323.0	 0.04700   0.01600	4.2	  1.00000
   0.54600   1.70300   0.45600	 324.0	 0.04600   0.01500	4.2	  1.00000
   0.53500   1.70300   0.41400	 325.0	 0.04200   0.01300	4.2	  1.00000
   0.52700   1.70400   0.39000	 326.0	 0.04000   0.01200	4.2	  1.00000
   0.51700   1.70400   0.38600	 327.0	 0.04000   0.01100	4.2	  1.00000
   0.50700   1.70500   0.39500	 328.0	 0.04000   0.01100	4.2	  1.00000
   0.49700   1.70500   0.38700	 329.0	 0.03900   0.01000	4.2	  1.00000
   0.48600   1.70400   0.37500	 330.0	 0.03700   0.01000	4.2	  1.00000
   0.47800   1.70400   0.35100	 331.0	 0.03600   0.00900	4.2	  1.00000
   0.47000   1.70400   0.43900	 332.0	 0.03800   0.01000	4.2	  1.00000
   0.46000   1.70400   0.45600	 333.0	 0.03900   0.01000	4.2	  1.00000
   0.45200   1.70400   0.42500	 334.0	 0.03700   0.00900	4.2	  1.00000
   0.44400   1.70200   0.38400	 335.0	 0.03400   0.00800	4.2	  1.00000
   0.43600   1.70400   0.41800	 336.0	 0.03500   0.00800	4.2	  1.00000
   0.42900   1.70400   0.38500	 337.0	 0.03300   0.00700	4.2	  1.00000
   0.42100   1.70400   0.33500	 338.0	 0.03100   0.00600	4.2	  1.00000
   0.41300   1.70300   0.35600	 339.0	 0.03200   0.00600	4.2	  1.00000
   0.40600   1.70400   0.39600	 340.0	 0.03300   0.00700	4.2	  1.00000
   0.40100   1.70400   0.34500	 341.0	 0.03100   0.00600	4.2	  1.00000
   0.39200   1.70300   0.38600	 342.0	 0.03200   0.00600	4.2	  1.00000
   0.38500   1.70400   0.39700	 343.0	 0.03300   0.00600	4.2	  1.00000
   0.37900   1.70400   0.39800	 344.0	 0.03200   0.00600	4.2	  1.00000
   0.37200   1.70200   0.39600	 345.0	 0.03200   0.00600	4.2	  1.00000
   0.36800   1.70100   0.46100	 346.0	 0.03500   0.00700	4.2	  1.00000
   0.84700   2.03000   0.10500	 347.0	 0.04800   0.01500	4.2	  1.00000
   0.83100   2.03500   0.18900	 348.0	 0.07100   0.02500	4.2	  1.00000
   0.81600   2.03400   0.30800	 349.0	 0.08900   0.03800	4.2	  1.00000
   0.80100   2.03500   0.51100	 350.0	 0.10200   0.05900	4.2	  1.00000
   0.78900   2.03200   0.62800	 351.0	 0.10700   0.06800	4.2	  1.00000
   0.77100   2.03000   0.54100	 352.0	 0.08900   0.05400	4.2	  1.00000
   0.75900   2.03200   0.66900	 353.0	 0.09400   0.06300	4.2	  1.00000
   0.74500   2.03400   0.61800	 354.0	 0.08400   0.05400	4.2	  1.00000
   0.73000   2.03100   0.61900	 355.0	 0.08300   0.05000	4.2	  1.00000
   0.72100   2.03200   0.44800	 356.0	 0.07000   0.03500	4.2	  1.00000
   0.70600   2.03100   0.36100	 357.0	 0.06000   0.02600	4.2	  1.00000
   0.69300   2.03000   0.38500	 358.0	 0.06300   0.02600	4.2	  1.00000
   0.67800   2.03200   0.29900	 359.0	 0.05600   0.01900	4.2	  1.00000
   0.66800   2.03200   0.29600	 360.0	 0.05500   0.01800	4.2	  1.00000
   0.65400   2.03000   0.34100	 361.0	 0.05600   0.01900	4.2	  1.00000
   0.64200   2.03500   0.29600	 362.0	 0.05400   0.01600	4.2	  1.00000
   0.63300   2.03100   0.35800	 363.0	 0.05700   0.01800	4.2	  1.00000
   0.62200   2.03000   0.42700	 364.0	 0.05900   0.02100	4.2	  1.00000
   0.61100   2.03100   0.35700	 365.0	 0.05400   0.01600	4.2	  1.00000
   0.60000   2.03200   0.49000	 366.0	 0.05800   0.02200	4.2	  1.00000
   0.58900   2.03200   0.39200	 367.0	 0.05300   0.01600	4.2	  1.00000
   0.58000   2.03300   0.48000	 368.0	 0.05400   0.01900	4.2	  1.00000
   0.57000   2.03400   0.38800	 369.0	 0.05000   0.01500	4.2	  1.00000
   0.55900   2.03400   0.41200	 370.0	 0.05000   0.01500	4.2	  1.00000
   0.54800   2.03100   0.42400	 371.0	 0.05000   0.01400	4.2	  1.00000
   0.53900   2.03400   0.40400	 372.0	 0.04800   0.01300	4.2	  1.00000
   0.53000   2.03300   0.31100	 373.0	 0.04200   0.01000	4.2	  1.00000
   0.52200   2.03300   0.43900	 374.0	 0.04700   0.01300	4.2	  1.00000
   0.51300   2.03100   0.47600	 375.0	 0.04800   0.01400	4.2	  1.00000
   0.50600   2.03000   0.40300	 376.0	 0.04500   0.01100	4.2	  1.00000
   0.49400   2.03000   0.46100	 377.0	 0.04600   0.01200	4.2	  1.00000
   0.48700   2.03000   0.39700	 378.0	 0.04300   0.01000	4.2	  1.00000
   0.47900   2.03000   0.31800	 379.0	 0.03900   0.00800	4.2	  1.00000
   0.47200   2.03100   0.36800	 380.0	 0.04100   0.00900	4.2	  1.00000
   0.46500   2.02900   0.41300	 381.0	 0.04200   0.01000	4.2	  1.00000
   0.45600   2.03100   0.40900	 382.0	 0.04200   0.00900	4.2	  1.00000
   0.44900   2.03000   0.39600	 383.0	 0.04100   0.00800	4.2	  1.00000
   0.86700   2.42000   0.09500	 384.0	 0.05200   0.01500	4.2	  1.00000
   0.86000   2.42100   0.07300	 385.0	 0.08200   0.01100	4.2	  1.00000
   0.84000   2.42000   0.42600	 386.0	 0.12400   0.06000	4.2	  1.00000
   0.82900   2.41700   0.58600	 387.0	 0.14000   0.07600	4.2	  1.00000
   0.81400   2.41700   0.58000	 388.0	 0.12900   0.07000	4.2	  1.00000
   0.80100   2.41400   0.85800	 389.0	 0.14800   0.09800	4.2	  1.00000
   0.79000   2.41900   0.56600	 390.0	 0.11500   0.06100	4.2	  1.00000
   0.77800   2.41700   0.58400	 391.0	 0.10800   0.06000	4.2	  1.00000
   0.76000   2.42000   0.58700	 392.0	 0.10300   0.05500	4.2	  1.00000
   0.75000   2.41600   0.35200	 393.0	 0.08400   0.03200	4.2	  1.00000
   0.73900   2.41500   0.42400	 394.0	 0.08600   0.03600	4.2	  1.00000
   0.72700   2.41800   0.47000	 395.0	 0.08900   0.03700	4.2	  1.00000
   0.71500   2.41600   0.35000	 396.0	 0.07500   0.02700	4.2	  1.00000
   0.70300   2.41900   0.24000	 397.0	 0.06500   0.01700	4.2	  1.00000
   0.69200   2.41900   0.29600	 398.0	 0.07200   0.02000	4.2	  1.00000
   0.68100   2.41600   0.37300	 399.0	 0.07600   0.02400	4.2	  1.00000
   0.67300   2.42000   0.34300	 400.0	 0.07100   0.02100	4.2	  1.00000
   0.66300   2.41900   0.43000	 401.0	 0.07500   0.02500	4.2	  1.00000
   0.65300   2.42100   0.35500	 402.0	 0.07000   0.02000	4.2	  1.00000
   0.64200   2.42000   0.37100	 403.0	 0.06800   0.02000	4.2	  1.00000
   0.63100   2.41800   0.50700	 404.0	 0.07600   0.02600	4.2	  1.00000
   0.62100   2.41900   0.34300	 405.0	 0.06300   0.01700	4.2	  1.00000
   0.61300   2.41900   0.33700	 406.0	 0.06100   0.01500	4.2	  1.00000
   0.60000   2.41800   0.29600	 407.0	 0.05600   0.01300	4.2	  1.00000
   0.59300   2.42000   0.28700	 408.0	 0.05600   0.01200	4.2	  1.00000
   0.58500   2.41800   0.37100	 409.0	 0.06100   0.01500	4.2	  1.00000
   0.57500   2.41700   0.49300	 410.0	 0.06700   0.01900	4.2	  1.00000
   0.56600   2.41500   0.41000	 411.0	 0.06200   0.01500	4.2	  1.00000
   0.55400   2.41200   0.45600	 412.0	 0.06400   0.01600	4.2	  1.00000
   0.88700   2.87700   0.30500	 413.0	 0.11300   0.05300	4.2	  1.00000
   0.87200   2.87500   0.30500	 414.0	 0.14200   0.04900	4.2	  1.00000
   0.86200   2.87500   0.40600	 415.0	 0.16800   0.06200	4.2	  1.00000
   0.85100   2.88000   0.78800	 416.0	 0.21200   0.11500	4.2	  1.00000
   0.83800   2.87500   0.45800	 417.0	 0.17500   0.06300	4.2	  1.00000
   0.82400   2.87000   0.40200	 418.0	 0.16000   0.05300	4.2	  1.00000
   0.81500   2.87300   0.53700	 419.0	 0.16000   0.06600	4.2	  1.00000
   0.80200   2.87000   0.50800	 420.0	 0.14600   0.05900	4.2	  1.00000
   0.79000   2.86700   0.65000	 421.0	 0.15000   0.07100	4.2	  1.00000
   0.77800   2.87300   0.24800	 422.0	 0.09700   0.02500	4.2	  1.00000
   0.76700   2.86300   0.26300	 423.0	 0.10400   0.02600	4.2	  1.00000
   0.75900   2.87400   0.24800	 424.0	 0.10000   0.02300	4.2	  1.00000
   0.75200   2.86700   0.34200	 425.0	 0.11600   0.03100	4.2	  1.00000
   0.74200   2.87400   0.35500	 426.0	 0.11700   0.03100	4.2	  1.00000
   0.72500   2.87000   0.39200	 427.0	 0.11400   0.03100	4.2	  1.00000
   0.71500   2.86400   0.43700	 428.0	 0.11600   0.03300	4.2	  1.00000
   0.70300   2.87000   0.37800	 429.0	 0.10700   0.02700	4.2	  1.00000
   0.70100   2.86300   0.24100	 430.0	 0.09400   0.01700	4.2	  1.00000
   0.89600   3.41800   0.11000	 431.0	 0.08900   0.02000	4.2	  1.00000
   0.87700   3.41400   0.08200	 432.0	 0.06400   0.01400	4.2	  1.00000
   0.09000   0.60200   0.23100	   1.0	 0.31000   0.00100	5.3	  1.00000
   0.14700   0.73200   0.37600	   2.0	 0.20500   0.00200	5.3	  1.00000
   0.14600   0.73600   0.10000	   3.0	 0.17100   0.00000	5.3	  1.00000
   0.14200   0.73700   0.21000	   4.0	 0.14700   0.00100	5.3	  1.00000
   0.13900   0.74100   0.42000	   5.0	 0.16500   0.00200	5.3	  1.00000
   0.13500   0.74300   0.23800	   6.0	 0.12000   0.00100	5.3	  1.00000
   0.13400   0.74200   0.31200	   7.0	 0.11900   0.00100	5.3	  1.00000
   0.13200   0.74300   0.32900	   8.0	 0.11100   0.00100	5.3	  1.00000
   0.11900   0.74500   0.19400	   9.0	 0.07300   0.00100	5.3	  1.00000
   0.11000   0.74200   0.24000	  10.0	 0.05600   0.00100	5.3	  1.00000
   0.10500   0.73900   0.33200	  11.0	 0.04900   0.00100	5.3	  1.00000
   0.29800   0.88700   1.00700	  12.0	 0.53800   0.00900	5.3	  1.00000
   0.29300   0.89200   0.54100	  13.0	 0.31000   0.00500	5.3	  1.00000
   0.28700   0.89600   1.01700	  14.0	 0.42600   0.00900	5.3	  1.00000
   0.27000   0.89200   0.47200	  15.0	 0.24200   0.00400	5.3	  1.00000
   0.26400   0.89600   0.07500	  16.0	 0.14000   0.00100	5.3	  1.00000
   0.26000   0.89700   0.22300	  17.0	 0.12800   0.00200	5.3	  1.00000
   0.25100   0.89700   0.46200	  18.0	 0.16600   0.00300	5.3	  1.00000
   0.24800   0.89500   0.66700	  19.0	 0.17100   0.00500	5.3	  1.00000
   0.24500   0.89500   0.37400	  20.0	 0.11200   0.00300	5.3	  1.00000
   0.23800   0.89400   0.50300	  21.0	 0.12600   0.00300	5.3	  1.00000
   0.23400   0.89400   0.49300	  22.0	 0.11300   0.00300	5.3	  1.00000
   0.22800   0.89400   0.45600	  23.0	 0.09900   0.00300	5.3	  1.00000
   0.22400   0.89300   0.42200	  24.0	 0.08400   0.00300	5.3	  1.00000
   0.22100   0.89300   0.48600	  25.0	 0.08600   0.00300	5.3	  1.00000
   0.21400   0.89300   0.46600	  26.0	 0.07500   0.00300	5.3	  1.00000
   0.21100   0.89200   0.42800	  27.0	 0.06700   0.00300	5.3	  1.00000
   0.20600   0.89200   0.38200	  28.0	 0.06100   0.00200	5.3	  1.00000
   0.20200   0.89100   0.43800	  29.0	 0.05900   0.00300	5.3	  1.00000
   0.19900   0.89000   0.43400	  30.0	 0.05600   0.00200	5.3	  1.00000
   0.19300   0.88900   0.42200	  31.0	 0.05000   0.00200	5.3	  1.00000
   0.19000   0.88800   0.47700	  32.0	 0.04900   0.00300	5.3	  1.00000
   0.18700   0.88700   0.39500	  33.0	 0.04400   0.00200	5.3	  1.00000
   0.18300   0.88500   0.46200	  34.0	 0.04300   0.00200	5.3	  1.00000
   0.18000   0.88300   0.49500	  35.0	 0.04200   0.00300	5.3	  1.00000
   0.17500   0.88100   0.41600	  36.0	 0.03700   0.00200	5.3	  1.00000
   0.17300   0.88000   0.44700	  37.0	 0.03600   0.00200	5.3	  1.00000
   0.16900   0.87900   0.38900	  38.0	 0.03200   0.00200	5.3	  1.00000
   0.16600   0.87700   0.45500	  39.0	 0.03200   0.00200	5.3	  1.00000
   0.16300   0.87600   0.40500	  40.0	 0.03000   0.00200	5.3	  1.00000
   0.16000   0.87400   0.41700	  41.0	 0.02900   0.00200	5.3	  1.00000
   0.15700   0.87300   0.42700	  42.0	 0.02800   0.00200	5.3	  1.00000
   0.15400   0.87100   0.40200	  43.0	 0.02600   0.00200	5.3	  1.00000
   0.15100   0.86900   0.46600	  44.0	 0.02600   0.00200	5.3	  1.00000
   0.14800   0.86800   0.39500	  45.0	 0.02300   0.00200	5.3	  1.00000
   0.14600   0.86600   0.43900	  46.0	 0.02400   0.00200	5.3	  1.00000
   0.14300   0.86400   0.40000	  47.0	 0.02300   0.00200	5.3	  1.00000
   0.14000   0.86100   0.45500	  48.0	 0.03300   0.00200	5.3	  1.00000
   0.12300   0.85000   0.05700	  49.0	 0.01000   0.00000	5.3	  1.00000
   0.74700   1.07600   0.33300	  50.0	 0.20500   0.02500	5.3	  1.00000
   0.72200   1.07700   0.28900	  51.0	 0.16200   0.02000	5.3	  1.00000
   0.70400   1.07500   0.46200	  52.0	 0.21100   0.03000	5.3	  1.00000
   0.68100   1.07500   0.48300	  53.0	 0.20300   0.02800	5.3	  1.00000
   0.65900   1.07600   0.63100	  54.0	 0.18600   0.03300	5.3	  1.00000
   0.64400   1.07500   0.60900	  55.0	 0.14200   0.02900	5.3	  1.00000
   0.62300   1.07400   0.58600	  56.0	 0.13600   0.02600	5.3	  1.00000
   0.60600   1.07400   0.72600	  57.0	 0.13900   0.02900	5.3	  1.00000
   0.58900   1.07200   0.30200	  58.0	 0.08800   0.01100	5.3	  1.00000
   0.57500   1.07200   0.32800	  59.0	 0.08800   0.01100	5.3	  1.00000
   0.55700   1.07100   0.37700	  60.0	 0.08900   0.01200	5.3	  1.00000
   0.54100   1.07000   0.37300	  61.0	 0.08700   0.01100	5.3	  1.00000
   0.53000   1.06900   0.47600	  62.0	 0.09100   0.01300	5.3	  1.00000
   0.51400   1.06700   0.39300	  63.0	 0.07900   0.01000	5.3	  1.00000
   0.49900   1.06700   0.41200	  64.0	 0.07900   0.01000	5.3	  1.00000
   0.48800   1.06700   0.28900	  65.0	 0.06600   0.00700	5.3	  1.00000
   0.47500   1.06500   0.34000	  66.0	 0.06500   0.00700	5.3	  1.00000
   0.46300   1.06400   0.37700	  67.0	 0.06200   0.00800	5.3	  1.00000
   0.45000   1.06300   0.41700	  68.0	 0.06300   0.00800	5.3	  1.00000
   0.43900   1.06100   0.44000	  69.0	 0.05800   0.00800	5.3	  1.00000
   0.42900   1.06000   0.49700	  70.0	 0.05600   0.00900	5.3	  1.00000
   0.41500   1.05900   0.34300	  71.0	 0.04800   0.00600	5.3	  1.00000
   0.40800   1.05800   0.44900	  72.0	 0.04900   0.00700	5.3	  1.00000
   0.39500   1.05600   0.37100	  73.0	 0.04400   0.00500	5.3	  1.00000
   0.38700   1.05500   0.29800	  74.0	 0.03900   0.00400	5.3	  1.00000
   0.37900   1.05400   0.36200	  75.0	 0.04100   0.00500	5.3	  1.00000
   0.36900   1.05300   0.47500	  76.0	 0.04300   0.00600	5.3	  1.00000
   0.36000   1.05100   0.39000	  77.0	 0.03800   0.00500	5.3	  1.00000
   0.35200   1.05000   0.43700	  78.0	 0.03800   0.00500	5.3	  1.00000
   0.34400   1.04900   0.42800	  79.0	 0.03600   0.00500	5.3	  1.00000
   0.33700   1.04700   0.45800	  80.0	 0.03500   0.00500	5.3	  1.00000
   0.32900   1.04600   0.42200	  81.0	 0.03300   0.00500	5.3	  1.00000
   0.32200   1.04500   0.37900	  82.0	 0.03000   0.00400	5.3	  1.00000
   0.31400   1.04400   0.37700	  83.0	 0.02900   0.00400	5.3	  1.00000
   0.30700   1.04200   0.36200	  84.0	 0.02700   0.00300	5.3	  1.00000
   0.30100   1.04100   0.44300	  85.0	 0.02900   0.00400	5.3	  1.00000
   0.29400   1.03900   0.42400	  86.0	 0.02800   0.00400	5.3	  1.00000
   0.28800   1.03800   0.43200	  87.0	 0.02700   0.00400	5.3	  1.00000
   0.28200   1.03600   0.38500	  88.0	 0.02500   0.00300	5.3	  1.00000
   0.27500   1.03500   0.40000	  89.0	 0.02500   0.00300	5.3	  1.00000
   0.27100   1.03300   0.44600	  90.0	 0.02600   0.00400	5.3	  1.00000
   0.26400   1.03200   0.43700	  91.0	 0.02500   0.00300	5.3	  1.00000
   0.25800   1.03100   0.39400	  92.0	 0.02300   0.00300	5.3	  1.00000
   0.25400   1.02900   0.40800	  93.0	 0.02300   0.00300	5.3	  1.00000
   0.24800   1.02700   0.43200	  94.0	 0.02300   0.00300	5.3	  1.00000
   0.24300   1.02600   0.39100	  95.0	 0.02200   0.00300	5.3	  1.00000
   0.23800   1.02500   0.40500	  96.0	 0.02200   0.00300	5.3	  1.00000
   0.23300   1.02300   0.42600	  97.0	 0.02200   0.00300	5.3	  1.00000
   0.22800   1.02200   0.41500	  98.0	 0.02100   0.00300	5.3	  1.00000
   0.22500   1.02000   0.42100	  99.0	 0.02100   0.00300	5.3	  1.00000
   0.22000   1.01900   0.43300	 100.0	 0.02100   0.00300	5.3	  1.00000
   0.21600   1.01700   0.44400	 101.0	 0.02100   0.00300	5.3	  1.00000
   0.21200   1.01600   0.41000	 102.0	 0.02000   0.00200	5.3	  1.00000
   0.20800   1.01500   0.42000	 103.0	 0.02000   0.00200	5.3	  1.00000
   0.20500   1.01400   0.42400	 104.0	 0.02000   0.00200	5.3	  1.00000
   0.20200   1.01300   0.41800	 105.0	 0.02000   0.00200	5.3	  1.00000
   0.19700   1.01300   0.41800	 106.0	 0.01900   0.00200	5.3	  1.00000
   0.19400   1.01200   0.44100	 107.0	 0.02000   0.00200	5.3	  1.00000
   0.19100   1.01200   0.43500	 108.0	 0.01900   0.00200	5.3	  1.00000
   0.18700   1.01200   0.42100	 109.0	 0.01900   0.00200	5.3	  1.00000
   0.18500   1.01100   0.41800	 110.0	 0.01900   0.00200	5.3	  1.00000
   0.18100   1.01100   0.40900	 111.0	 0.01900   0.00200	5.3	  1.00000
   0.17800   1.01100   0.44900	 112.0	 0.01900   0.00200	5.3	  1.00000
   0.17500   1.01100   0.42600	 113.0	 0.01800   0.00200	5.3	  1.00000
   0.17200   1.01000   0.41400	 114.0	 0.01800   0.00200	5.3	  1.00000
   0.16900   1.01000   0.44600	 115.0	 0.01900   0.00200	5.3	  1.00000
   0.16600   1.00900   0.45100	 116.0	 0.01900   0.00200	5.3	  1.00000
   0.16400   1.00800   0.43400	 117.0	 0.01800   0.00200	5.3	  1.00000
   0.16100   1.00800   0.43100	 118.0	 0.01800   0.00200	5.3	  1.00000
   0.15900   1.00800   0.41900	 119.0	 0.01800   0.00200	5.3	  1.00000
   0.15600   1.00800   0.43600	 120.0	 0.01800   0.00200	5.3	  1.00000
   0.15400   1.00800   0.43700	 121.0	 0.01800   0.00200	5.3	  1.00000
   0.15200   1.00800   0.43800	 122.0	 0.01800   0.00200	5.3	  1.00000
   0.14900   1.00800   0.44000	 123.0	 0.01800   0.00200	5.3	  1.00000
   0.14700   1.00700   0.45500	 124.0	 0.01800   0.00200	5.3	  1.00000
   0.14500   1.00700   0.45500	 125.0	 0.01900   0.00200	5.3	  1.00000
   0.14300   1.00700   0.44000	 126.0	 0.01800   0.00200	5.3	  1.00000
   0.76800   1.22100   0.22000	 127.0	 0.03700   0.01900	5.3	  1.00000
   0.74700   1.22200   0.43300	 128.0	 0.05600   0.03400	5.3	  1.00000
   0.72700   1.22000   0.52400	 129.0	 0.05800   0.03800	5.3	  1.00000
   0.70700   1.22100   0.66300	 130.0	 0.05800   0.04300	5.3	  1.00000
   0.68800   1.22000   0.69900	 131.0	 0.05300   0.04100	5.3	  1.00000
   0.67100   1.21800   0.75400	 132.0	 0.05100   0.04100	5.3	  1.00000
   0.65400   1.21800   0.68900	 133.0	 0.04500   0.03500	5.3	  1.00000
   0.63600   1.21700   0.60400	 134.0	 0.04000   0.02800	5.3	  1.00000
   0.61900   1.21700   0.53200	 135.0	 0.03700   0.02300	5.3	  1.00000
   0.60400   1.21700   0.45000	 136.0	 0.03400   0.01800	5.3	  1.00000
   0.58800   1.21600   0.43900	 137.0	 0.03300   0.01600	5.3	  1.00000
   0.57500   1.21600   0.37700	 138.0	 0.03200   0.01300	5.3	  1.00000
   0.55900   1.21500   0.38700	 139.0	 0.03200   0.01200	5.3	  1.00000
   0.54500   1.21400   0.43600	 140.0	 0.03300   0.01300	5.3	  1.00000
   0.53200   1.21400   0.37700	 141.0	 0.03100   0.01100	5.3	  1.00000
   0.51800   1.21300   0.43500	 142.0	 0.03200   0.01200	5.3	  1.00000
   0.50700   1.21200   0.35500	 143.0	 0.02800   0.00900	5.3	  1.00000
   0.49400   1.21200   0.35700	 144.0	 0.02800   0.00800	5.3	  1.00000
   0.48200   1.21100   0.45100	 145.0	 0.02900   0.01000	5.3	  1.00000
   0.47100   1.21000   0.42800	 146.0	 0.02700   0.00900	5.3	  1.00000
   0.45900   1.21000   0.45300	 147.0	 0.02700   0.00900	5.3	  1.00000
   0.45000   1.20800   0.40200	 148.0	 0.02500   0.00800	5.3	  1.00000
   0.43900   1.20800   0.42800	 149.0	 0.02500   0.00800	5.3	  1.00000
   0.43000   1.20700   0.39900	 150.0	 0.02400   0.00700	5.3	  1.00000
   0.42100   1.20700   0.41100	 151.0	 0.02400   0.00700	5.3	  1.00000
   0.41000   1.20600   0.35000	 152.0	 0.02200   0.00500	5.3	  1.00000
   0.40100   1.20600   0.40600	 153.0	 0.02300   0.00600	5.3	  1.00000
   0.39300   1.20500   0.38600	 154.0	 0.02200   0.00600	5.3	  1.00000
   0.38500   1.20500   0.36800	 155.0	 0.02200   0.00500	5.3	  1.00000
   0.37700   1.20500   0.40500	 156.0	 0.02200   0.00500	5.3	  1.00000
   0.36900   1.20400   0.43300	 157.0	 0.02200   0.00600	5.3	  1.00000
   0.36100   1.20400   0.40300	 158.0	 0.02100   0.00500	5.3	  1.00000
   0.35400   1.20400   0.40400	 159.0	 0.02000   0.00500	5.3	  1.00000
   0.34800   1.20400   0.38700	 160.0	 0.02000   0.00500	5.3	  1.00000
   0.34000   1.20400   0.42400	 161.0	 0.02100   0.00500	5.3	  1.00000
   0.33300   1.20400   0.42800	 162.0	 0.02100   0.00500	5.3	  1.00000
   0.32600   1.20400   0.37700	 163.0	 0.01900   0.00400	5.3	  1.00000
   0.31900   1.20400   0.35900	 164.0	 0.01900   0.00400	5.3	  1.00000
   0.31400   1.20400   0.42800	 165.0	 0.02000   0.00400	5.3	  1.00000
   0.30800   1.20400   0.40700	 166.0	 0.02000   0.00400	5.3	  1.00000
   0.30200   1.20400   0.42700	 167.0	 0.02000   0.00400	5.3	  1.00000
   0.29500   1.20500   0.45900	 168.0	 0.02100   0.00400	5.3	  1.00000
   0.29100   1.20500   0.44200	 169.0	 0.02000   0.00400	5.3	  1.00000
   0.28500   1.20400   0.43200	 170.0	 0.02000   0.00400	5.3	  1.00000
   0.28000   1.20400   0.43400	 171.0	 0.02000   0.00400	5.3	  1.00000
   0.27400   1.20300   0.44300	 172.0	 0.02000   0.00400	5.3	  1.00000
   0.26900   1.20300   0.41100	 173.0	 0.01900   0.00300	5.3	  1.00000
   0.26400   1.20200   0.43800	 174.0	 0.02000   0.00300	5.3	  1.00000
   0.25900   1.20100   0.42600	 175.0	 0.02000   0.00300	5.3	  1.00000
   0.25500   1.20100   0.38200	 176.0	 0.01900   0.00300	5.3	  1.00000
   0.25000   1.20000   0.40400	 177.0	 0.01900   0.00300	5.3	  1.00000
   0.24600   1.19900   0.41300	 178.0	 0.01900   0.00300	5.3	  1.00000
   0.24200   1.19900   0.44000	 179.0	 0.01900   0.00300	5.3	  1.00000
   0.23800   1.19900   0.42200	 180.0	 0.01900   0.00300	5.3	  1.00000
   0.23400   1.19900   0.40700	 181.0	 0.01900   0.00300	5.3	  1.00000
   0.23000   1.20100   0.41900	 182.0	 0.01900   0.00300	5.3	  1.00000
   0.22700   1.20100   0.44600	 183.0	 0.01900   0.00300	5.3	  1.00000
   0.22300   1.20100   0.45600	 184.0	 0.01900   0.00300	5.3	  1.00000
   0.21900   1.20200   0.39100	 185.0	 0.01800   0.00200	5.3	  1.00000
   0.21500   1.20200   0.41100	 186.0	 0.01900   0.00300	5.3	  1.00000
   0.21200   1.20300   0.44100	 187.0	 0.01900   0.00300	5.3	  1.00000
   0.20800   1.20400   0.40000	 188.0	 0.01800   0.00200	5.3	  1.00000
   0.20500   1.20300   0.41500	 189.0	 0.01800   0.00200	5.3	  1.00000
   0.20200   1.20400   0.46000	 190.0	 0.01900   0.00300	5.3	  1.00000
   0.19800   1.20300   0.42600	 191.0	 0.01800   0.00200	5.3	  1.00000
   0.19500   1.20200   0.41500	 192.0	 0.01800   0.00200	5.3	  1.00000
   0.19200   1.20100   0.42900	 193.0	 0.01900   0.00200	5.3	  1.00000
   0.18900   1.20000   0.37400	 194.0	 0.01800   0.00200	5.3	  1.00000
   0.18600   1.19900   0.42700	 195.0	 0.01900   0.00200	5.3	  1.00000
   0.18400   1.19800   0.41700	 196.0	 0.01800   0.00200	5.3	  1.00000
   0.18100   1.19800   0.45100	 197.0	 0.01900   0.00200	5.3	  1.00000
   0.17900   1.19900   0.41700	 198.0	 0.01800   0.00200	5.3	  1.00000
   0.17600   1.20000   0.40900	 199.0	 0.01800   0.00200	5.3	  1.00000
   0.17400   1.20100   0.41800	 200.0	 0.01800   0.00200	5.3	  1.00000
   0.17100   1.20200   0.42000	 201.0	 0.01700   0.00200	5.3	  1.00000
   0.79400   1.43000   0.20100	 202.0	 0.03000   0.02000	5.3	  1.00000
   0.77500   1.43000   0.30100	 203.0	 0.04200   0.02800	5.3	  1.00000
   0.75700   1.43100   0.43100	 204.0	 0.04800   0.03600	5.3	  1.00000
   0.73900   1.43000   0.53800	 205.0	 0.04800   0.04100	5.3	  1.00000
   0.72200   1.42800   0.64100	 206.0	 0.04700   0.04500	5.3	  1.00000
   0.70500   1.42900   0.70500	 207.0	 0.04500   0.04600	5.3	  1.00000
   0.68800   1.42900   0.62800	 208.0	 0.04000   0.03800	5.3	  1.00000
   0.67200   1.42900   0.56500	 209.0	 0.03600   0.03100	5.3	  1.00000
   0.65600   1.43000   0.53200	 210.0	 0.03500   0.02700	5.3	  1.00000
   0.64100   1.42800   0.41700	 211.0	 0.03100   0.02000	5.3	  1.00000
   0.62600   1.43000   0.38300	 212.0	 0.03000   0.01700	5.3	  1.00000
   0.61100   1.42900   0.35700	 213.0	 0.02900   0.01500	5.3	  1.00000
   0.59800   1.42900   0.36900	 214.0	 0.02900   0.01400	5.3	  1.00000
   0.58500   1.42900   0.39400	 215.0	 0.03000   0.01400	5.3	  1.00000
   0.57300   1.42800   0.38300	 216.0	 0.02900   0.01300	5.3	  1.00000
   0.55900   1.42900   0.40200	 217.0	 0.02900   0.01300	5.3	  1.00000
   0.54700   1.42800   0.39900	 218.0	 0.02900   0.01200	5.3	  1.00000
   0.53500   1.42900   0.42300	 219.0	 0.02900   0.01200	5.3	  1.00000
   0.52400   1.42800   0.43900	 220.0	 0.02800   0.01200	5.3	  1.00000
   0.51200   1.42800   0.38200	 221.0	 0.02600   0.01000	5.3	  1.00000
   0.50100   1.42600   0.45800	 222.0	 0.02700   0.01100	5.3	  1.00000
   0.49000   1.42500   0.39300	 223.0	 0.02500   0.00900	5.3	  1.00000
   0.48100   1.42500   0.41300	 224.0	 0.02400   0.00900	5.3	  1.00000
   0.47100   1.42500   0.37000	 225.0	 0.02300   0.00800	5.3	  1.00000
   0.46100   1.42400   0.37300	 226.0	 0.02300   0.00700	5.3	  1.00000
   0.45300   1.42400   0.40100	 227.0	 0.02400   0.00800	5.3	  1.00000
   0.44300   1.42400   0.37400	 228.0	 0.02300   0.00700	5.3	  1.00000
   0.43400   1.42400   0.40100	 229.0	 0.02300   0.00700	5.3	  1.00000
   0.42600   1.42400   0.41600	 230.0	 0.02300   0.00700	5.3	  1.00000
   0.41700   1.42400   0.43800	 231.0	 0.02300   0.00700	5.3	  1.00000
   0.41000   1.42500   0.40500	 232.0	 0.02200   0.00600	5.3	  1.00000
   0.40100   1.42500   0.41800	 233.0	 0.02200   0.00600	5.3	  1.00000
   0.39400   1.42500   0.40000	 234.0	 0.02100   0.00600	5.3	  1.00000
   0.38600   1.42600   0.35100	 235.0	 0.02000   0.00500	5.3	  1.00000
   0.37900   1.42700   0.38500	 236.0	 0.02100   0.00500	5.3	  1.00000
   0.37200   1.42700   0.36700	 237.0	 0.02000   0.00500	5.3	  1.00000
   0.36500   1.42800   0.38800	 238.0	 0.02100   0.00500	5.3	  1.00000
   0.35900   1.42900   0.41000	 239.0	 0.02100   0.00500	5.3	  1.00000
   0.35200   1.43000   0.38100	 240.0	 0.02000   0.00500	5.3	  1.00000
   0.34500   1.43100   0.42400	 241.0	 0.02100   0.00500	5.3	  1.00000
   0.34000   1.43100   0.41900	 242.0	 0.02100   0.00500	5.3	  1.00000
   0.33400   1.43200   0.44700	 243.0	 0.02100   0.00500	5.3	  1.00000
   0.32700   1.43100   0.38700	 244.0	 0.02000   0.00400	5.3	  1.00000
   0.32200   1.43200   0.45700	 245.0	 0.02100   0.00500	5.3	  1.00000
   0.31600   1.43100   0.45500	 246.0	 0.02100   0.00500	5.3	  1.00000
   0.31000   1.43100   0.39700	 247.0	 0.02000   0.00400	5.3	  1.00000
   0.30500   1.43000   0.40400	 248.0	 0.02000   0.00400	5.3	  1.00000
   0.30000   1.43100   0.43100	 249.0	 0.02000   0.00400	5.3	  1.00000
   0.29400   1.42900   0.39700	 250.0	 0.01900   0.00400	5.3	  1.00000
   0.28900   1.42900   0.37700	 251.0	 0.01900   0.00300	5.3	  1.00000
   0.28500   1.42900   0.44200	 252.0	 0.02000   0.00400	5.3	  1.00000
   0.28000   1.42900   0.39100	 253.0	 0.01900   0.00300	5.3	  1.00000
   0.27600   1.42800   0.40000	 254.0	 0.01900   0.00300	5.3	  1.00000
   0.27100   1.42800   0.39900	 255.0	 0.02000   0.00300	5.3	  1.00000
   0.26700   1.42900   0.42300	 256.0	 0.02000   0.00300	5.3	  1.00000
   0.26200   1.42800   0.41000	 257.0	 0.02000   0.00300	5.3	  1.00000
   0.25800   1.42800   0.40500	 258.0	 0.01900   0.00300	5.3	  1.00000
   0.25400   1.42700   0.39200	 259.0	 0.01900   0.00300	5.3	  1.00000
   0.25000   1.42700   0.45000	 260.0	 0.02000   0.00300	5.3	  1.00000
   0.24500   1.42800   0.41900	 261.0	 0.02000   0.00300	5.3	  1.00000
   0.24100   1.42700   0.38700	 262.0	 0.01900   0.00300	5.3	  1.00000
   0.23800   1.42700   0.40900	 263.0	 0.01900   0.00300	5.3	  1.00000
   0.23400   1.42700   0.42100	 264.0	 0.02000   0.00300	5.3	  1.00000
   0.23100   1.42700   0.45500	 265.0	 0.02000   0.00300	5.3	  1.00000
   0.22900   1.42800   0.39000	 266.0	 0.01900   0.00300	5.3	  1.00000
   0.22500   1.42900   0.40600	 267.0	 0.01900   0.00300	5.3	  1.00000
   0.22200   1.43100   0.42400	 268.0	 0.01900   0.00300	5.3	  1.00000
   0.21800   1.43300   0.43100	 269.0	 0.01900   0.00300	5.3	  1.00000
   0.21500   1.43400   0.43800	 270.0	 0.01800   0.00300	5.3	  1.00000
   0.21100   1.43500   0.44000	 271.0	 0.01800   0.00300	5.3	  1.00000
   0.20800   1.43500   0.44900	 272.0	 0.01800   0.00300	5.3	  1.00000
   0.20600   1.43500   0.42100	 273.0	 0.01700   0.00200	5.3	  1.00000
   0.20300   1.43300   0.44700	 274.0	 0.01800   0.00300	5.3	  1.00000
   0.82300   1.70000   0.18000	 275.0	 0.03100   0.02100	5.3	  1.00000
   0.80400   1.70100   0.29200	 276.0	 0.04700   0.03100	5.3	  1.00000
   0.78800   1.70100   0.38000	 277.0	 0.05200   0.03700	5.3	  1.00000
   0.77000   1.70000   0.54400	 278.0	 0.05700   0.04800	5.3	  1.00000
   0.75500   1.70200   0.60900	 279.0	 0.05500   0.05000	5.3	  1.00000
   0.74000   1.70200   0.60200	 280.0	 0.05100   0.04600	5.3	  1.00000
   0.72500   1.70400   0.68600	 281.0	 0.05000   0.04900	5.3	  1.00000
   0.71000   1.70300   0.59300	 282.0	 0.04400   0.03900	5.3	  1.00000
   0.69400   1.70400   0.52500	 283.0	 0.04000   0.03200	5.3	  1.00000
   0.68000   1.70400   0.39000	 284.0	 0.03600   0.02200	5.3	  1.00000
   0.66800   1.70500   0.38600	 285.0	 0.03500   0.02100	5.3	  1.00000
   0.65200   1.70500   0.39600	 286.0	 0.03500   0.02000	5.3	  1.00000
   0.63900   1.70600   0.41200	 287.0	 0.03500   0.01900	5.3	  1.00000
   0.62600   1.70700   0.39800	 288.0	 0.03400   0.01800	5.3	  1.00000
   0.61700   1.70500   0.37600	 289.0	 0.03300   0.01600	5.3	  1.00000
   0.60300   1.70500   0.39400	 290.0	 0.03300   0.01600	5.3	  1.00000
   0.59000   1.70500   0.37900	 291.0	 0.03200   0.01400	5.3	  1.00000
   0.57900   1.70500   0.37100	 292.0	 0.03000   0.01300	5.3	  1.00000
   0.56800   1.70400   0.38500	 293.0	 0.03000   0.01300	5.3	  1.00000
   0.55700   1.70400   0.42200	 294.0	 0.03000   0.01300	5.3	  1.00000
   0.54600   1.70400   0.43600	 295.0	 0.02900   0.01300	5.3	  1.00000
   0.53500   1.70400   0.44200	 296.0	 0.02900   0.01300	5.3	  1.00000
   0.52600   1.70400   0.44300	 297.0	 0.02800   0.01200	5.3	  1.00000
   0.51600   1.70400   0.38600	 298.0	 0.02700   0.01000	5.3	  1.00000
   0.50600   1.70400   0.36300	 299.0	 0.02500   0.00900	5.3	  1.00000
   0.49600   1.70400   0.39200	 300.0	 0.02600   0.00900	5.3	  1.00000
   0.48700   1.70300   0.38400	 301.0	 0.02500   0.00900	5.3	  1.00000
   0.47800   1.70400   0.36700	 302.0	 0.02400   0.00800	5.3	  1.00000
   0.46900   1.70300   0.36900	 303.0	 0.02400   0.00800	5.3	  1.00000
   0.46100   1.70300   0.41700	 304.0	 0.02500   0.00800	5.3	  1.00000
   0.45300   1.70400   0.45600	 305.0	 0.02500   0.00900	5.3	  1.00000
   0.44400   1.70400   0.36900	 306.0	 0.02300   0.00700	5.3	  1.00000
   0.43700   1.70400   0.37000	 307.0	 0.02200   0.00700	5.3	  1.00000
   0.42900   1.70400   0.37800	 308.0	 0.02200   0.00700	5.3	  1.00000
   0.42200   1.70300   0.37100	 309.0	 0.02200   0.00600	5.3	  1.00000
   0.41300   1.70400   0.38100	 310.0	 0.02200   0.00600	5.3	  1.00000
   0.40700   1.70400   0.33000	 311.0	 0.02100   0.00500	5.3	  1.00000
   0.40000   1.70400   0.43400	 312.0	 0.02300   0.00700	5.3	  1.00000
   0.39300   1.70400   0.38700	 313.0	 0.02200   0.00600	5.3	  1.00000
   0.38700   1.70400   0.37800	 314.0	 0.02200   0.00500	5.3	  1.00000
   0.38100   1.70500   0.40500	 315.0	 0.02200   0.00600	5.3	  1.00000
   0.37300   1.70400   0.43000	 316.0	 0.02200   0.00600	5.3	  1.00000
   0.36700   1.70400   0.41800	 317.0	 0.02200   0.00500	5.3	  1.00000
   0.36100   1.70400   0.36200	 318.0	 0.02100   0.00500	5.3	  1.00000
   0.35500   1.70400   0.40500	 319.0	 0.02200   0.00500	5.3	  1.00000
   0.34800   1.70300   0.43800	 320.0	 0.02200   0.00500	5.3	  1.00000
   0.34300   1.70200   0.40000	 321.0	 0.02200   0.00500	5.3	  1.00000
   0.33700   1.70300   0.42800	 322.0	 0.02200   0.00500	5.3	  1.00000
   0.33200   1.70400   0.39400	 323.0	 0.02100   0.00400	5.3	  1.00000
   0.32800   1.70400   0.41600	 324.0	 0.02200   0.00400	5.3	  1.00000
   0.32300   1.70400   0.42800	 325.0	 0.02200   0.00400	5.3	  1.00000
   0.31800   1.70400   0.43600	 326.0	 0.02200   0.00400	5.3	  1.00000
   0.31300   1.70500   0.44000	 327.0	 0.02200   0.00400	5.3	  1.00000
   0.30700   1.70500   0.43100	 328.0	 0.02100   0.00400	5.3	  1.00000
   0.30300   1.70700   0.40100	 329.0	 0.02100   0.00400	5.3	  1.00000
   0.29800   1.70700   0.41400	 330.0	 0.02100   0.00400	5.3	  1.00000
   0.29300   1.70700   0.44400	 331.0	 0.02100   0.00400	5.3	  1.00000
   0.29000   1.70800   0.41400	 332.0	 0.02000   0.00400	5.3	  1.00000
   0.28500   1.70900   0.40600	 333.0	 0.02000   0.00400	5.3	  1.00000
   0.28100   1.70900   0.41900	 334.0	 0.02000   0.00400	5.3	  1.00000
   0.27600   1.71000   0.39900	 335.0	 0.01900   0.00300	5.3	  1.00000
   0.27300   1.71000   0.42000	 336.0	 0.01900   0.00300	5.3	  1.00000
   0.26800   1.71000   0.40700	 337.0	 0.01900   0.00300	5.3	  1.00000
   0.26400   1.71000   0.45100	 338.0	 0.01900   0.00400	5.3	  1.00000
   0.26000   1.71000   0.39100	 339.0	 0.01800   0.00300	5.3	  1.00000
   0.25700   1.70900   0.42400	 340.0	 0.01900   0.00300	5.3	  1.00000
   0.25300   1.70800   0.43100	 341.0	 0.01900   0.00300	5.3	  1.00000
   0.25000   1.70800   0.45200	 342.0	 0.01900   0.00300	5.3	  1.00000
   0.24600   1.70800   0.42700	 343.0	 0.01800   0.00300	5.3	  1.00000
   0.24200   1.70800   0.41900	 344.0	 0.01800   0.00300	5.3	  1.00000
   0.23900   1.70700   0.44000	 345.0	 0.02600   0.00300	5.3	  1.00000
   0.84700   2.03200   0.14900	 346.0	 0.03500   0.01900	5.3	  1.00000
   0.82900   2.03200   0.29700	 347.0	 0.05600   0.03500	5.3	  1.00000
   0.81600   2.03200   0.44700	 348.0	 0.06700   0.04900	5.3	  1.00000
   0.80200   2.03200   0.50300	 349.0	 0.06800   0.05200	5.3	  1.00000
   0.78700   2.03100   0.53400	 350.0	 0.06500   0.05100	5.3	  1.00000
   0.77300   2.03200   0.49500	 351.0	 0.05900   0.04400	5.3	  1.00000
   0.75900   2.03100   0.56300	 352.0	 0.05600   0.04700	5.3	  1.00000
   0.74500   2.03200   0.61300	 353.0	 0.05400   0.04800	5.3	  1.00000
   0.73100   2.03100   0.52200	 354.0	 0.05000   0.03800	5.3	  1.00000
   0.71600   2.03200   0.47600	 355.0	 0.04600   0.03200	5.3	  1.00000
   0.70500   2.03300   0.35700	 356.0	 0.04000   0.02300	5.3	  1.00000
   0.69300   2.03100   0.38700	 357.0	 0.04200   0.02400	5.3	  1.00000
   0.67900   2.03500   0.33900	 358.0	 0.04000   0.01900	5.3	  1.00000
   0.66700   2.03300   0.36900	 359.0	 0.04000   0.02000	5.3	  1.00000
   0.65500   2.03300   0.41500	 360.0	 0.04100   0.02100	5.3	  1.00000
   0.64300   2.03400   0.33700	 361.0	 0.03700   0.01600	5.3	  1.00000
   0.63300   2.03500   0.38700	 362.0	 0.03900   0.01800	5.3	  1.00000
   0.62200   2.03300   0.31900	 363.0	 0.03400   0.01400	5.3	  1.00000
   0.61000   2.03300   0.40500	 364.0	 0.03600   0.01700	5.3	  1.00000
   0.60000   2.03300   0.43600	 365.0	 0.03600   0.01700	5.3	  1.00000
   0.59000   2.03200   0.40500	 366.0	 0.03500   0.01500	5.3	  1.00000
   0.58000   2.03400   0.45000	 367.0	 0.03400   0.01600	5.3	  1.00000
   0.57000   2.03400   0.37700	 368.0	 0.03200   0.01300	5.3	  1.00000
   0.55900   2.03200   0.33600	 369.0	 0.03000   0.01100	5.3	  1.00000
   0.55000   2.03400   0.36800	 370.0	 0.03100   0.01100	5.3	  1.00000
   0.54100   2.03300   0.38100	 371.0	 0.03100   0.01100	5.3	  1.00000
   0.53100   2.03300   0.38500	 372.0	 0.03000   0.01100	5.3	  1.00000
   0.52200   2.03300   0.44100	 373.0	 0.03100   0.01200	5.3	  1.00000
   0.51200   2.03400   0.39300	 374.0	 0.02900   0.01000	5.3	  1.00000
   0.50500   2.03500   0.38500	 375.0	 0.02900   0.01000	5.3	  1.00000
   0.49600   2.03300   0.42700	 376.0	 0.02900   0.01000	5.3	  1.00000
   0.48900   2.03300   0.34800	 377.0	 0.02600   0.00800	5.3	  1.00000
   0.48100   2.03300   0.38800	 378.0	 0.02700   0.00900	5.3	  1.00000
   0.47300   2.03300   0.41400	 379.0	 0.02700   0.00900	5.3	  1.00000
   0.46400   2.03300   0.37900	 380.0	 0.02600   0.00800	5.3	  1.00000
   0.45700   2.03300   0.38400	 381.0	 0.02600   0.00800	5.3	  1.00000
   0.45000   2.03300   0.39500	 382.0	 0.02600   0.00800	5.3	  1.00000
   0.44300   2.03400   0.36400	 383.0	 0.02500   0.00700	5.3	  1.00000
   0.43600   2.03300   0.39700	 384.0	 0.02600   0.00700	5.3	  1.00000
   0.42900   2.03300   0.40900	 385.0	 0.02600   0.00700	5.3	  1.00000
   0.42200   2.03400   0.40900	 386.0	 0.02600   0.00700	5.3	  1.00000
   0.41600   2.03400   0.43200	 387.0	 0.02600   0.00700	5.3	  1.00000
   0.41000   2.03500   0.43700	 388.0	 0.02600   0.00700	5.3	  1.00000
   0.40300   2.03700   0.37700	 389.0	 0.02400   0.00600	5.3	  1.00000
   0.39700   2.03800   0.38900	 390.0	 0.02400   0.00600	5.3	  1.00000
   0.39200   2.03900   0.37600	 391.0	 0.02400   0.00500	5.3	  1.00000
   0.38600   2.04000   0.44600	 392.0	 0.02500   0.00600	5.3	  1.00000
   0.37900   2.04100   0.41800	 393.0	 0.02400   0.00600	5.3	  1.00000
   0.37400   2.04100   0.35900	 394.0	 0.02300   0.00500	5.3	  1.00000
   0.36800   2.04100   0.43900	 395.0	 0.02400   0.00600	5.3	  1.00000
   0.36300   2.04200   0.38900	 396.0	 0.02300   0.00500	5.3	  1.00000
   0.35700   2.04100   0.41800	 397.0	 0.02300   0.00500	5.3	  1.00000
   0.35100   2.04000   0.38600	 398.0	 0.02300   0.00500	5.3	  1.00000
   0.34700   2.03900   0.38800	 399.0	 0.02200   0.00400	5.3	  1.00000
   0.34200   2.03900   0.40100	 400.0	 0.02200   0.00500	5.3	  1.00000
   0.33600   2.03900   0.41300	 401.0	 0.02200   0.00500	5.3	  1.00000
   0.33100   2.04000   0.38900	 402.0	 0.02200   0.00400	5.3	  1.00000
   0.32600   2.04000   0.39600	 403.0	 0.02200   0.00400	5.3	  1.00000
   0.32200   2.04000   0.37300	 404.0	 0.02100   0.00400	5.3	  1.00000
   0.31800   2.04000   0.40900	 405.0	 0.02200   0.00400	5.3	  1.00000
   0.31300   2.03900   0.40900	 406.0	 0.02200   0.00400	5.3	  1.00000
   0.30700   2.03700   0.40600	 407.0	 0.02200   0.00400	5.3	  1.00000
   0.30400   2.03600   0.41000	 408.0	 0.02200   0.00400	5.3	  1.00000
   0.30000   2.03600   0.45200	 409.0	 0.02200   0.00400	5.3	  1.00000
   0.29600   2.03400   0.42000	 410.0	 0.02200   0.00400	5.3	  1.00000
   0.29100   2.03400   0.46300	 411.0	 0.02300   0.00400	5.3	  1.00000
   0.28700   2.03300   0.42900	 412.0	 0.02300   0.00400	5.3	  1.00000
   0.28200   2.03400   0.38200	 413.0	 0.03200   0.00300	5.3	  1.00000
   0.86800   2.42000   0.22200	 414.0	 0.04800   0.03200	5.3	  1.00000
   0.85400   2.42100   0.23000	 415.0	 0.06300   0.03100	5.3	  1.00000
   0.84000   2.41900   0.37300	 416.0	 0.08000   0.04700	5.3	  1.00000
   0.83000   2.41700   0.53400	 417.0	 0.08900   0.06300	5.3	  1.00000
   0.81500   2.41500   0.52900	 418.0	 0.08000   0.05900	5.3	  1.00000
   0.80100   2.41700   0.77300	 419.0	 0.08900   0.08000	5.3	  1.00000
   0.78800   2.41600   0.53100	 420.0	 0.07200   0.05200	5.3	  1.00000
   0.77700   2.42000   0.52300	 421.0	 0.06600   0.04800	5.3	  1.00000
   0.76400   2.41600   0.49200	 422.0	 0.06300   0.04200	5.3	  1.00000
   0.75100   2.41600   0.38800	 423.0	 0.05500   0.03100	5.3	  1.00000
   0.73900   2.41700   0.36800	 424.0	 0.05100   0.02800	5.3	  1.00000
   0.72700   2.41800   0.34900	 425.0	 0.05100   0.02500	5.3	  1.00000
   0.71700   2.41900   0.27200	 426.0	 0.04700   0.01900	5.3	  1.00000
   0.70500   2.41700   0.34300	 427.0	 0.05000   0.02200	5.3	  1.00000
   0.69300   2.41800   0.30200	 428.0	 0.04700   0.01900	5.3	  1.00000
   0.68300   2.42200   0.33000	 429.0	 0.04600   0.01900	5.3	  1.00000
   0.67500   2.41700   0.29000	 430.0	 0.04500   0.01600	5.3	  1.00000
   0.66000   2.41900   0.31500	 431.0	 0.04400   0.01700	5.3	  1.00000
   0.65100   2.41900   0.39300	 432.0	 0.04600   0.02000	5.3	  1.00000
   0.64200   2.42100   0.44300	 433.0	 0.04700   0.02100	5.3	  1.00000
   0.63200   2.42200   0.48900	 434.0	 0.04700   0.02200	5.3	  1.00000
   0.62100   2.42100   0.35300	 435.0	 0.04000   0.01500	5.3	  1.00000
   0.61300   2.42400   0.42800	 436.0	 0.04100   0.01800	5.3	  1.00000
   0.60200   2.42200   0.39600	 437.0	 0.03900   0.01600	5.3	  1.00000
   0.59300   2.42300   0.34300	 438.0	 0.03800   0.01300	5.3	  1.00000
   0.58400   2.42400   0.35000	 439.0	 0.03600   0.01300	5.3	  1.00000
   0.57600   2.42600   0.33000	 440.0	 0.03500   0.01200	5.3	  1.00000
   0.56500   2.42700   0.39400	 441.0	 0.03700   0.01300	5.3	  1.00000
   0.55900   2.42700   0.39400	 442.0	 0.03600   0.01300	5.3	  1.00000
   0.54800   2.42800   0.35600	 443.0	 0.03400   0.01100	5.3	  1.00000
   0.54200   2.42800   0.38800	 444.0	 0.03300   0.01200	5.3	  1.00000
   0.53200   2.43000   0.41500	 445.0	 0.03300   0.01200	5.3	  1.00000
   0.52500   2.43000   0.40200	 446.0	 0.03200   0.01100	5.3	  1.00000
   0.51800   2.42900   0.38700	 447.0	 0.03100   0.01000	5.3	  1.00000
   0.50900   2.43000   0.39400	 448.0	 0.03100   0.01000	5.3	  1.00000
   0.50200   2.42900   0.38600	 449.0	 0.03000   0.00900	5.3	  1.00000
   0.49500   2.42800   0.38800	 450.0	 0.03000   0.00900	5.3	  1.00000
   0.48800   2.42800   0.39600	 451.0	 0.03000   0.00900	5.3	  1.00000
   0.48000   2.42900   0.34000	 452.0	 0.02800   0.00800	5.3	  1.00000
   0.47400   2.42700   0.35600	 453.0	 0.02900   0.00800	5.3	  1.00000
   0.46600   2.42800   0.42800	 454.0	 0.03000   0.00900	5.3	  1.00000
   0.45700   2.42700   0.41400	 455.0	 0.02900   0.00800	5.3	  1.00000
   0.45200   2.42800   0.40500	 456.0	 0.02900   0.00800	5.3	  1.00000
   0.44500   2.42800   0.39600	 457.0	 0.02800   0.00700	5.3	  1.00000
   0.43800   2.42700   0.43000	 458.0	 0.02900   0.00800	5.3	  1.00000
   0.43200   2.42900   0.39100	 459.0	 0.02700   0.00700	5.3	  1.00000
   0.42600   2.42800   0.42000	 460.0	 0.02800   0.00700	5.3	  1.00000
   0.42200   2.42900   0.40000	 461.0	 0.02700   0.00700	5.3	  1.00000
   0.41500   2.42800   0.47500	 462.0	 0.02900   0.00800	5.3	  1.00000
   0.40900   2.42700   0.44700	 463.0	 0.02800   0.00700	5.3	  1.00000
   0.40200   2.42700   0.37200	 464.0	 0.02600   0.00600	5.3	  1.00000
   0.39600   2.42600   0.39400	 465.0	 0.02600   0.00600	5.3	  1.00000
   0.39100   2.42500   0.41100	 466.0	 0.02600   0.00600	5.3	  1.00000
   0.38700   2.42200   0.41500	 467.0	 0.02700   0.00600	5.3	  1.00000
   0.38100   2.42300   0.43100	 468.0	 0.02700   0.00600	5.3	  1.00000
   0.37500   2.42300   0.37800	 469.0	 0.02600   0.00500	5.3	  1.00000
   0.37100   2.42400   0.39200	 470.0	 0.02600   0.00500	5.3	  1.00000
   0.36600   2.42400   0.41000	 471.0	 0.02700   0.00500	5.3	  1.00000
   0.36000   2.42300   0.40000	 472.0	 0.02700   0.00500	5.3	  1.00000
   0.35500   2.42300   0.44400	 473.0	 0.02800   0.00500	5.3	  1.00000
   0.35000   2.42200   0.43400	 474.0	 0.02800   0.00500	5.3	  1.00000
   0.34400   2.41900   0.46100	 475.0	 0.02900   0.00500	5.3	  1.00000
   0.33900   2.41700   0.42700	 476.0	 0.03000   0.00500	5.3	  1.00000
   0.33500   2.41500   0.39700	 477.0	 0.03100   0.00400	5.3	  1.00000
   0.88600   2.88900   0.15100	 478.0	 0.05400   0.02400	5.3	  1.00000
   0.87700   2.88900   0.27900	 479.0	 0.08400   0.04200	5.3	  1.00000
   0.86300   2.89100   0.41700	 480.0	 0.10700   0.05800	5.3	  1.00000
   0.85300   2.88600   0.38300	 481.0	 0.10100   0.05200	5.3	  1.00000
   0.84100   2.88900   0.50800	 482.0	 0.10700   0.06300	5.3	  1.00000
   0.82700   2.88800   0.54500	 483.0	 0.10300   0.06300	5.3	  1.00000
   0.81800   2.89000   0.61500	 484.0	 0.09900   0.06900	5.3	  1.00000
   0.80700   2.88600   0.52700	 485.0	 0.09100   0.05600	5.3	  1.00000
   0.79400   2.88900   0.48900	 486.0	 0.08100   0.04900	5.3	  1.00000
   0.78300   2.88700   0.39600	 487.0	 0.07100   0.03800	5.3	  1.00000
   0.77100   2.88800   0.34700	 488.0	 0.06400   0.03100	5.3	  1.00000
   0.76000   2.88700   0.54100	 489.0	 0.07700   0.04700	5.3	  1.00000
   0.75200   2.88800   0.30900	 490.0	 0.06200   0.02500	5.3	  1.00000
   0.73900   2.88800   0.30100	 491.0	 0.05900   0.02300	5.3	  1.00000
   0.73000   2.89000   0.41100	 492.0	 0.06400   0.03000	5.3	  1.00000
   0.72000   2.88800   0.23000	 493.0	 0.05100   0.01600	5.3	  1.00000
   0.71200   2.88900   0.34400	 494.0	 0.05700   0.02300	5.3	  1.00000
   0.70100   2.88800   0.47100	 495.0	 0.06100   0.03000	5.3	  1.00000
   0.69000   2.88700   0.28600	 496.0	 0.05000   0.01700	5.3	  1.00000
   0.68000   2.88800   0.41300	 497.0	 0.05500   0.02400	5.3	  1.00000
   0.66800   2.88600   0.47300	 498.0	 0.05600   0.02600	5.3	  1.00000
   0.66200   2.88700   0.40800	 499.0	 0.05300   0.02200	5.3	  1.00000
   0.65400   2.88600   0.36400	 500.0	 0.04700   0.01900	5.3	  1.00000
   0.64300   2.88800   0.37100	 501.0	 0.04700   0.01800	5.3	  1.00000
   0.63700   2.88900   0.41400	 502.0	 0.04800   0.02000	5.3	  1.00000
   0.62600   2.89100   0.38600	 503.0	 0.04600   0.01700	5.3	  1.00000
   0.61500   2.89100   0.47600	 504.0	 0.04900   0.02000	5.3	  1.00000
   0.60900   2.88800   0.36200	 505.0	 0.04500   0.01500	5.3	  1.00000
   0.60100   2.88800   0.38600	 506.0	 0.04300   0.01500	5.3	  1.00000
   0.59100   2.89000   0.41300	 507.0	 0.04400   0.01500	5.3	  1.00000
   0.58600   2.89000   0.34800	 508.0	 0.03900   0.01300	5.3	  1.00000
   0.57600   2.89100   0.34700	 509.0	 0.03800   0.01200	5.3	  1.00000
   0.56700   2.88800   0.31400	 510.0	 0.03600   0.01100	5.3	  1.00000
   0.56100   2.89100   0.39600	 511.0	 0.03800   0.01300	5.3	  1.00000
   0.55000   2.89000   0.35000	 512.0	 0.03500   0.01100	5.3	  1.00000
   0.54500   2.88900   0.33100	 513.0	 0.03400   0.01000	5.3	  1.00000
   0.53800   2.88900   0.40700	 514.0	 0.03700   0.01200	5.3	  1.00000
   0.53000   2.88700   0.36900	 515.0	 0.03600   0.01000	5.3	  1.00000
   0.52200   2.88700   0.36900	 516.0	 0.03600   0.01000	5.3	  1.00000
   0.51600   2.88700   0.43100	 517.0	 0.03700   0.01100	5.3	  1.00000
   0.51000   2.88600   0.37900	 518.0	 0.03500   0.01000	5.3	  1.00000
   0.50200   2.88700   0.41500	 519.0	 0.03600   0.01000	5.3	  1.00000
   0.49500   2.88800   0.44200	 520.0	 0.03700   0.01100	5.3	  1.00000
   0.48900   2.89000   0.35300	 521.0	 0.03400   0.00800	5.3	  1.00000
   0.48400   2.88800   0.36400	 522.0	 0.03400   0.00800	5.3	  1.00000
   0.47500   2.88700   0.37200	 523.0	 0.03400   0.00800	5.3	  1.00000
   0.46800   2.88600   0.41700	 524.0	 0.03500   0.00900	5.3	  1.00000
   0.46300   2.88500   0.42000	 525.0	 0.03600   0.00900	5.3	  1.00000
   0.45600   2.88500   0.35100	 526.0	 0.03400   0.00700	5.3	  1.00000
   0.45100   2.88000   0.37500	 527.0	 0.03500   0.00700	5.3	  1.00000
   0.44400   2.87700   0.43200	 528.0	 0.03700   0.00800	5.3	  1.00000
   0.43900   2.87900   0.37500	 529.0	 0.03600   0.00700	5.3	  1.00000
   0.43200   2.87400   0.40700	 530.0	 0.03700   0.00700	5.3	  1.00000
   0.42700   2.87200   0.39800	 531.0	 0.03700   0.00700	5.3	  1.00000
   0.42200   2.87000   0.40700	 532.0	 0.03900   0.00700	5.3	  1.00000
   0.41600   2.87000   0.40700	 533.0	 0.03900   0.00700	5.3	  1.00000
   0.41000   2.87100   0.37200	 534.0	 0.03900   0.00600	5.3	  1.00000
   0.40600   2.87300   0.36700	 535.0	 0.04100   0.00600	5.3	  1.00000
   0.39900   2.87300   0.30200	 536.0	 0.04000   0.00500	5.3	  1.00000
   0.89500   3.44600   0.41300	 537.0	 0.12800   0.06700	5.3	  1.00000
   0.88100   3.43400   0.46700	 538.0	 0.14300   0.07100	5.3	  1.00000
   0.87400   3.43900   0.43700	 539.0	 0.13900   0.06500	5.3	  1.00000
   0.86300   3.43300   0.57700	 540.0	 0.14600   0.08100	5.3	  1.00000
   0.85300   3.44400   0.60200	 541.0	 0.13600   0.08000	5.3	  1.00000
   0.84400   3.44200   0.45200	 542.0	 0.12000   0.05700	5.3	  1.00000
   0.83100   3.43800   0.55200	 543.0	 0.11900   0.06600	5.3	  1.00000
   0.82300   3.44900   0.48600	 544.0	 0.10100   0.05700	5.3	  1.00000
   0.81400   3.43400   0.22700	 545.0	 0.07500   0.02500	5.3	  1.00000
   0.80300   3.44400   0.33800	 546.0	 0.08400   0.03500	5.3	  1.00000
   0.78900   3.44300   0.43100	 547.0	 0.08900   0.04200	5.3	  1.00000
   0.78100   3.44400   0.20200	 548.0	 0.07800   0.01900	5.3	  1.00000
   0.77200   3.43800   0.29900	 549.0	 0.07800   0.02700	5.3	  1.00000
   0.76400   3.44300   0.46400	 550.0	 0.08800   0.04000	5.3	  1.00000
   0.75600   3.44300   0.33500	 551.0	 0.07300   0.02800	5.3	  1.00000
   0.74400   3.43800   0.38400	 552.0	 0.07700   0.03000	5.3	  1.00000
   0.73500   3.44200   0.22500	 553.0	 0.06000   0.01700	5.3	  1.00000
   0.72500   3.43900   0.29000	 554.0	 0.06900   0.02100	5.3	  1.00000
   0.71500   3.44200   0.46700	 555.0	 0.07800   0.03200	5.3	  1.00000
   0.70900   3.44100   0.41300	 556.0	 0.07000   0.02700	5.3	  1.00000
   0.69900   3.44100   0.32900	 557.0	 0.06600   0.02100	5.3	  1.00000
   0.69100   3.44800   0.38900	 558.0	 0.06300   0.02400	5.3	  1.00000
   0.68300   3.44000   0.34600	 559.0	 0.06000   0.02000	5.3	  1.00000
   0.67200   3.44200   0.30200	 560.0	 0.05700   0.01700	5.3	  1.00000
   0.66300   3.44400   0.46700	 561.0	 0.06400   0.02500	5.3	  1.00000
   0.65800   3.44000   0.44600	 562.0	 0.06200   0.02300	5.3	  1.00000
   0.65000   3.44100   0.32700	 563.0	 0.05400   0.01600	5.3	  1.00000
   0.63900   3.43700   0.29900	 564.0	 0.05200   0.01400	5.3	  1.00000
   0.63200   3.43800   0.43800	 565.0	 0.05900   0.02000	5.3	  1.00000
   0.62500   3.43600   0.48300	 566.0	 0.05900   0.02200	5.3	  1.00000
   0.61600   3.43300   0.38300	 567.0	 0.05200   0.01600	5.3	  1.00000
   0.60800   3.43300   0.28500	 568.0	 0.04700   0.01200	5.3	  1.00000
   0.60200   3.43400   0.37100	 569.0	 0.04900   0.01500	5.3	  1.00000
   0.59400   3.43000   0.32500	 570.0	 0.04800   0.01200	5.3	  1.00000
   0.58700   3.42700   0.40800	 571.0	 0.05200   0.01500	5.3	  1.00000
   0.57900   3.42500   0.26200	 572.0	 0.04400   0.00900	5.3	  1.00000
   0.57500   3.42400   0.41300	 573.0	 0.05300   0.01400	5.3	  1.00000
   0.56600   3.42600   0.30700	 574.0	 0.04800   0.01000	5.3	  1.00000
   0.55800   3.42300   0.43700	 575.0	 0.05400   0.01400	5.3	  1.00000
   0.55000   3.42000   0.43800	 576.0	 0.05600   0.01400	5.3	  1.00000
   0.54400   3.42500   0.37600	 577.0	 0.05000   0.01100	5.3	  1.00000
   0.53700   3.42200   0.32200	 578.0	 0.04900   0.00900	5.3	  1.00000
   0.53200   3.42200   0.51200	 579.0	 0.06000   0.01400	5.3	  1.00000
   0.52500   3.42500   0.39300	 580.0	 0.05200   0.01100	5.3	  1.00000
   0.51800   3.42500   0.40600	 581.0	 0.05400   0.01100	5.3	  1.00000
   0.51100   3.42100   0.36200	 582.0	 0.05400   0.00900	5.3	  1.00000
   0.50500   3.42200   0.35100	 583.0	 0.05400   0.00900	5.3	  1.00000
   0.49800   3.42500   0.40200	 584.0	 0.05600   0.01000	5.3	  1.00000
   0.49100   3.42200   0.38000	 585.0	 0.05800   0.00900	5.3	  1.00000
   0.48300   3.41800   0.33000	 586.0	 0.05600   0.00700	5.3	  1.00000
   0.47400   3.41800   0.35700	 587.0	 0.06800   0.00800	5.3	  1.00000
   0.47100   3.41100   0.30800	 588.0	 0.07100   0.00700	5.3	  1.00000
   0.46300   3.40300   0.17300	 589.0	 0.07900   0.00400	5.3	  1.00000
   0.92000   4.10700   0.23200	 590.0	 0.11700   0.04300	5.3	  1.00000
   0.89900   4.09900   0.16700	 591.0	 0.16000   0.02800	5.3	  1.00000
   0.89100   4.08800   0.11700	 592.0	 0.17100   0.01900	5.3	  1.00000
   0.87900   4.08900   0.77100	 593.0	 0.23500   0.11600	5.3	  1.00000
   0.87200   4.09500   0.53200	 594.0	 0.18900   0.07700	5.3	  1.00000
   0.86300   4.08700   0.56300	 595.0	 0.18800   0.07800	5.3	  1.00000
   0.85200   4.08400   0.60800	 596.0	 0.18000   0.08100	5.3	  1.00000
   0.84500   4.09200   0.33100	 597.0	 0.14600   0.04200	5.3	  1.00000
   0.83700   4.09200   0.28000	 598.0	 0.12700   0.03400	5.3	  1.00000
   0.82400   4.09400   0.23000	 599.0	 0.11400   0.02700	5.3	  1.00000
   0.81700   4.08800   0.52600	 600.0	 0.13800   0.05900	5.3	  1.00000
   0.81200   4.08600   0.37800	 601.0	 0.12100   0.04100	5.3	  1.00000
   0.80200   4.09800   0.44200	 602.0	 0.12700   0.04600	5.3	  1.00000
   0.78900   4.09200   0.48200	 603.0	 0.13000   0.04800	5.3	  1.00000
   0.78500   4.09500   0.21400	 604.0	 0.09100   0.02100	5.3	  1.00000
   0.77000   4.08800   0.22000	 605.0	 0.09700   0.02000	5.3	  1.00000
   0.76800   4.08000   0.37300	 606.0	 0.10300   0.03400	5.3	  1.00000
   0.75900   4.07700   0.15100	 607.0	 0.09100   0.01200	5.3	  1.00000
   0.75100   4.07500   0.37900	 608.0	 0.11700   0.03100	5.3	  1.00000
   0.73900   4.07800   0.32800	 609.0	 0.10300   0.02500	5.3	  1.00000
   0.73400   4.08500   0.30400	 610.0	 0.09700   0.02300	5.3	  1.00000
   0.72700   4.08800   0.26400	 611.0	 0.09000   0.01900	5.3	  1.00000
   0.71900   4.08800   0.40600	 612.0	 0.09900   0.02900	5.3	  1.00000
   0.70800   4.08400   0.38700	 613.0	 0.09600   0.02600	5.3	  1.00000
   0.70300   4.08000   0.26000	 614.0	 0.08400   0.01700	5.3	  1.00000
   0.69500   4.08500   0.25400	 615.0	 0.08400   0.01600	5.3	  1.00000
   0.68800   4.08400   0.44100	 616.0	 0.10100   0.02600	5.3	  1.00000
   0.68000   4.08200   0.42800	 617.0	 0.09700   0.02500	5.3	  1.00000
   0.67200   4.08400   0.33000	 618.0	 0.08700   0.01800	5.3	  1.00000
   0.66400   4.08200   0.44800	 619.0	 0.10000   0.02400	5.3	  1.00000
   0.66100   4.08200   0.43000	 620.0	 0.09700   0.02300	5.3	  1.00000
   0.64700   4.07800   0.49300	 621.0	 0.09800   0.02400	5.3	  1.00000
   0.64100   4.08000   0.58500	 622.0	 0.10400   0.02800	5.3	  1.00000
   0.63100   4.08100   0.26500	 623.0	 0.07700   0.01200	5.3	  1.00000
   0.62400   4.08400   0.31200	 624.0	 0.08400   0.01400	5.3	  1.00000
   0.62000   4.07900   0.22100	 625.0	 0.07600   0.00900	5.3	  1.00000
   0.61100   4.06900   0.33200	 626.0	 0.09400   0.01400	5.3	  1.00000
   0.60400   4.06700   0.23400	 627.0	 0.08800   0.00900	5.3	  1.00000
   0.59500   4.05100   0.07400	 628.0	 0.06400   0.00300	5.3	  1.00000
   0.58900   4.03600   0.41600	 629.0	 0.12900   0.01600	5.3	  1.00000
   0.58100   4.02800   0.33600	 630.0	 0.10500   0.01200	5.3	  1.00000
   0.57100   4.01300   0.35100	 631.0	 0.13300   0.01200	5.3	  1.00000
   0.56300   3.99800   0.29800	 632.0	 0.14400   0.01000	5.3	  1.00000
   0.92300   4.86800   0.44300	 633.0	 0.29900   0.08100	5.3	  1.00000
   0.90500   4.87300   0.38900	 634.0	 0.29600   0.06600	5.3	  1.00000
   0.90400   4.87000   0.16300	 635.0	 0.18400   0.02700	5.3	  1.00000
   0.88800   4.85600   0.26700	 636.0	 0.26300   0.04200	5.3	  1.00000
   0.88700   4.86500   0.40700	 637.0	 0.29700   0.06500	5.3	  1.00000
   0.86900   4.87200   0.47700	 638.0	 0.30300   0.06700	5.3	  1.00000
   0.86600   4.86500   0.13100	 639.0	 0.13300   0.01900	5.3	  1.00000
   0.85600   4.86500   0.37600	 640.0	 0.23200   0.05100	5.3	  1.00000
   0.82900   4.86400   0.19900	 641.0	 0.20500   0.02400	5.3	  1.00000
   0.81300   4.86400   0.46500	 642.0	 0.21300   0.05100	5.3	  1.00000
   0.80700   4.85000   0.28600	 643.0	 0.18500   0.03000	5.3	  1.00000
   0.79900   4.84600   0.18300	 644.0	 0.20200   0.01900	5.3	  1.00000
   0.79800   4.83900   0.31500	 645.0	 0.21700   0.03200	5.3	  1.00000
   0.77300   4.79200   0.21100	 646.0	 0.16400   0.01900	5.3	  1.00000
   0.76100   4.78800   0.53200	 647.0	 0.30000   0.04600	5.3	  1.00000
   0.75200   4.77600   0.39100	 648.0	 0.24800   0.03200	5.3	  1.00000
   0.73900   4.76400   0.13200	 649.0	 0.17200   0.01000	5.3	  1.00000
   0.73100   4.75400   0.56700	 650.0	 0.26600   0.04200	5.3	  1.00000
   0.71900   4.74200   0.34000	 651.0	 0.22100   0.02400	5.3	  1.00000
   0.71800   4.72100   0.36100	 652.0	 0.23200   0.02500	5.3	  1.00000
