# gamma != 1 F2(D/N) calculation from CJ15 (with WBA)


     X        Q2         W2       THEORY        error         DATA           ERROR        chi^2     _w    ITYPE
.1000E-03    10.000  0.100E+06   0.10000E+01   0.00000E+00   0.10000E+00    0.10000E+01    0.81         test_SK   
.1274E-03    10.000  0.785E+05   0.10000E+01   0.00000E+00   0.10000E+00    0.10000E+01    0.81         test_SK   
.1624E-03    10.000  0.616E+05   0.10000E+01   0.00000E+00   0.10000E+00    0.10000E+01    0.81         test_SK   
.2069E-03    10.000  0.483E+05   0.10000E+01   0.00000E+00   0.10000E+00    0.10000E+01    0.81         test_SK   
.2637E-03    10.000  0.379E+05   0.10000E+01   0.00000E+00   0.10000E+00    0.10000E+01    0.81         test_SK   
.3360E-03    10.000  0.298E+05   0.10000E+01   0.00000E+00   0.10000E+00    0.10000E+01    0.81         test_SK   
.4281E-03    10.000  0.233E+05   0.10000E+01   0.00000E+00   0.10000E+00    0.10000E+01    0.81         test_SK   
.5456E-03    10.000  0.183E+05   0.10000E+01   0.00000E+00   0.10000E+00    0.10000E+01    0.81         test_SK   
.6952E-03    10.000  0.144E+05   0.99998E+00   0.00000E+00   0.10000E+00    0.10000E+01    0.81         test_SK   
.8859E-03    10.000  0.113E+05   0.99994E+00   0.00000E+00   0.10000E+00    0.10000E+01    0.81         test_SK   
.1129E-02    10.000  0.885E+04   0.99989E+00   0.00000E+00   0.10000E+00    0.10000E+01    0.81         test_SK   
.1438E-02    10.000  0.694E+04   0.99983E+00   0.00000E+00   0.10000E+00    0.10000E+01    0.81         test_SK   
.1833E-02    10.000  0.545E+04   0.99979E+00   0.00000E+00   0.10000E+00    0.10000E+01    0.81         test_SK   
.2336E-02    10.000  0.427E+04   0.99976E+00   0.00000E+00   0.10000E+00    0.10000E+01    0.81         test_SK   
.2976E-02    10.000  0.335E+04   0.99977E+00   0.00000E+00   0.10000E+00    0.10000E+01    0.81         test_SK   
.3793E-02    10.000  0.263E+04   0.99980E+00   0.00000E+00   0.10000E+00    0.10000E+01    0.81         test_SK   
.4833E-02    10.000  0.206E+04   0.99974E+00   0.00000E+00   0.10000E+00    0.10000E+01    0.81         test_SK   
.6158E-02    10.000  0.161E+04   0.99961E+00   0.00000E+00   0.10000E+00    0.10000E+01    0.81         test_SK   
.7848E-02    10.000  0.127E+04   0.99971E+00   0.00000E+00   0.10000E+00    0.10000E+01    0.81         test_SK   
.1000E-01    10.000  0.991E+03   0.99951E+00   0.00000E+00   0.10000E+00    0.10000E+01    0.81         test_SK   
.2237E-01    10.000  0.438E+03   0.99873E+00   0.00000E+00   0.10000E+00    0.10000E+01    0.81         test_SK   
.3475E-01    10.000  0.279E+03   0.99812E+00   0.00000E+00   0.10000E+00    0.10000E+01    0.81         test_SK   
.4713E-01    10.000  0.203E+03   0.99812E+00   0.00000E+00   0.10000E+00    0.10000E+01    0.81         test_SK   
.5950E-01    10.000  0.159E+03   0.99747E+00   0.00000E+00   0.10000E+00    0.10000E+01    0.81         test_SK   
.7187E-01    10.000  0.130E+03   0.99699E+00   0.00000E+00   0.10000E+00    0.10000E+01    0.80         test_SK   
.8425E-01    10.000  0.110E+03   0.99616E+00   0.00000E+00   0.10000E+00    0.10000E+01    0.80         test_SK   
.9663E-01    10.000  0.944E+02   0.99583E+00   0.00000E+00   0.10000E+00    0.10000E+01    0.80         test_SK   
.1090E+00    10.000  0.826E+02   0.99572E+00   0.00000E+00   0.10000E+00    0.10000E+01    0.80         test_SK   
.1214E+00    10.000  0.733E+02   0.99514E+00   0.00000E+00   0.10000E+00    0.10000E+01    0.80         test_SK   
.1338E+00    10.000  0.656E+02   0.99469E+00   0.00000E+00   0.10000E+00    0.10000E+01    0.80         test_SK   
.1461E+00    10.000  0.593E+02   0.99393E+00   0.00000E+00   0.10000E+00    0.10000E+01    0.80         test_SK   
.1585E+00    10.000  0.540E+02   0.99371E+00   0.00000E+00   0.10000E+00    0.10000E+01    0.80         test_SK   
.1709E+00    10.000  0.494E+02   0.99344E+00   0.00000E+00   0.10000E+00    0.10000E+01    0.80         test_SK   
.1832E+00    10.000  0.455E+02   0.99305E+00   0.00000E+00   0.10000E+00    0.10000E+01    0.80         test_SK   
.1956E+00    10.000  0.420E+02   0.99229E+00   0.00000E+00   0.10000E+00    0.10000E+01    0.80         test_SK   
.2080E+00    10.000  0.390E+02   0.99197E+00   0.00000E+00   0.10000E+00    0.10000E+01    0.80         test_SK   
.2204E+00    10.000  0.363E+02   0.99183E+00   0.00000E+00   0.10000E+00    0.10000E+01    0.80         test_SK   
.2328E+00    10.000  0.338E+02   0.99153E+00   0.00000E+00   0.10000E+00    0.10000E+01    0.79         test_SK   
.2451E+00    10.000  0.317E+02   0.99087E+00   0.00000E+00   0.10000E+00    0.10000E+01    0.79         test_SK   
.2575E+00    10.000  0.297E+02   0.99035E+00   0.00000E+00   0.10000E+00    0.10000E+01    0.79         test_SK   
.2699E+00    10.000  0.279E+02   0.99038E+00   0.00000E+00   0.10000E+00    0.10000E+01    0.79         test_SK   
.2823E+00    10.000  0.263E+02   0.99016E+00   0.00000E+00   0.10000E+00    0.10000E+01    0.79         test_SK   
.2946E+00    10.000  0.248E+02   0.98941E+00   0.00000E+00   0.10000E+00    0.10000E+01    0.79         test_SK   
.3070E+00    10.000  0.235E+02   0.98916E+00   0.00000E+00   0.10000E+00    0.10000E+01    0.79         test_SK   
.3194E+00    10.000  0.222E+02   0.98926E+00   0.00000E+00   0.10000E+00    0.10000E+01    0.79         test_SK   
.3317E+00    10.000  0.210E+02   0.98873E+00   0.00000E+00   0.10000E+00    0.10000E+01    0.79         test_SK   
.3441E+00    10.000  0.199E+02   0.98835E+00   0.00000E+00   0.10000E+00    0.10000E+01    0.79         test_SK   
.3565E+00    10.000  0.189E+02   0.98841E+00   0.00000E+00   0.10000E+00    0.10000E+01    0.79         test_SK   
.3689E+00    10.000  0.180E+02   0.98822E+00   0.00000E+00   0.10000E+00    0.10000E+01    0.79         test_SK   
.3812E+00    10.000  0.171E+02   0.98777E+00   0.00000E+00   0.10000E+00    0.10000E+01    0.79         test_SK   
.3936E+00    10.000  0.163E+02   0.98771E+00   0.00000E+00   0.10000E+00    0.10000E+01    0.79         test_SK   
.4060E+00    10.000  0.155E+02   0.98800E+00   0.00000E+00   0.10000E+00    0.10000E+01    0.79         test_SK   
.4184E+00    10.000  0.148E+02   0.98767E+00   0.00000E+00   0.10000E+00    0.10000E+01    0.79         test_SK   
.4308E+00    10.000  0.141E+02   0.98752E+00   0.00000E+00   0.10000E+00    0.10000E+01    0.79         test_SK   
.4431E+00    10.000  0.134E+02   0.98794E+00   0.00000E+00   0.10000E+00    0.10000E+01    0.79         test_SK   
.4555E+00    10.000  0.128E+02   0.98792E+00   0.00000E+00   0.10000E+00    0.10000E+01    0.79         test_SK   
.4679E+00    10.000  0.123E+02   0.98796E+00   0.00000E+00   0.10000E+00    0.10000E+01    0.79         test_SK   
.4803E+00    10.000  0.117E+02   0.98860E+00   0.00000E+00   0.10000E+00    0.10000E+01    0.79         test_SK   
.4926E+00    10.000  0.112E+02   0.98875E+00   0.00000E+00   0.10000E+00    0.10000E+01    0.79         test_SK   
.5050E+00    10.000  0.107E+02   0.98918E+00   0.00000E+00   0.10000E+00    0.10000E+01    0.79         test_SK   
.5174E+00    10.000  0.102E+02   0.99015E+00   0.00000E+00   0.10000E+00    0.10000E+01    0.79         test_SK   
.5298E+00    10.000  0.976E+01   0.99055E+00   0.00000E+00   0.10000E+00    0.10000E+01    0.79         test_SK   
.5421E+00    10.000  0.933E+01   0.99147E+00   0.00000E+00   0.10000E+00    0.10000E+01    0.79         test_SK   
.5545E+00    10.000  0.892E+01   0.99255E+00   0.00000E+00   0.10000E+00    0.10000E+01    0.80         test_SK   
.5669E+00    10.000  0.852E+01   0.99364E+00   0.00000E+00   0.10000E+00    0.10000E+01    0.80         test_SK   
.5793E+00    10.000  0.815E+01   0.99537E+00   0.00000E+00   0.10000E+00    0.10000E+01    0.80         test_SK   
.5916E+00    10.000  0.778E+01   0.99690E+00   0.00000E+00   0.10000E+00    0.10000E+01    0.80         test_SK   
.6040E+00    10.000  0.744E+01   0.99894E+00   0.00000E+00   0.10000E+00    0.10000E+01    0.81         test_SK   
.6164E+00    10.000  0.711E+01   0.10013E+01   0.00000E+00   0.10000E+00    0.10000E+01    0.81         test_SK   
.6288E+00    10.000  0.679E+01   0.10039E+01   0.00000E+00   0.10000E+00    0.10000E+01    0.82         test_SK   
.6411E+00    10.000  0.648E+01   0.10073E+01   0.00000E+00   0.10000E+00    0.10000E+01    0.82         test_SK   
.6535E+00    10.000  0.618E+01   0.10107E+01   0.00000E+00   0.10000E+00    0.10000E+01    0.83         test_SK   
.6659E+00    10.000  0.590E+01   0.10153E+01   0.00000E+00   0.10000E+00    0.10000E+01    0.84         test_SK   
.6783E+00    10.000  0.563E+01   0.10201E+01   0.00000E+00   0.10000E+00    0.10000E+01    0.85         test_SK   
.6906E+00    10.000  0.536E+01   0.10262E+01   0.00000E+00   0.10000E+00    0.10000E+01    0.86         test_SK   
.7030E+00    10.000  0.511E+01   0.10329E+01   0.00000E+00   0.10000E+00    0.10000E+01    0.87         test_SK   
.7154E+00    10.000  0.486E+01   0.10411E+01   0.00000E+00   0.10000E+00    0.10000E+01    0.89         test_SK   
.7278E+00    10.000  0.462E+01   0.10506E+01   0.00000E+00   0.10000E+00    0.10000E+01    0.90         test_SK   
.7401E+00    10.000  0.439E+01   0.10618E+01   0.00000E+00   0.10000E+00    0.10000E+01    0.93         test_SK   
.7525E+00    10.000  0.417E+01   0.10754E+01   0.00000E+00   0.10000E+00    0.10000E+01    0.95         test_SK   
.7649E+00    10.000  0.396E+01   0.10912E+01   0.00000E+00   0.10000E+00    0.10000E+01    0.98         test_SK   
.7772E+00    10.000  0.375E+01   0.11107E+01   0.00000E+00   0.10000E+00    0.10000E+01    1.02         test_SK   
.7896E+00    10.000  0.355E+01   0.11342E+01   0.00000E+00   0.10000E+00    0.10000E+01    1.07         test_SK   
.8020E+00    10.000  0.335E+01   0.11627E+01   0.00000E+00   0.10000E+00    0.10000E+01    1.13         test_SK   
.8144E+00    10.000  0.316E+01   0.11982E+01   0.00000E+00   0.10000E+00    0.10000E+01    1.21         test_SK   
.8267E+00    10.000  0.298E+01   0.12426E+01   0.00000E+00   0.10000E+00    0.10000E+01    1.31         test_SK   
.8391E+00    10.000  0.280E+01   0.12990E+01   0.00000E+00   0.10000E+00    0.10000E+01    1.44         test_SK   
.8515E+00    10.000  0.263E+01   0.13715E+01   0.00000E+00   0.10000E+00    0.10000E+01    1.62         test_SK   
.8639E+00    10.000  0.246E+01   0.14672E+01   0.00000E+00   0.10000E+00    0.10000E+01    1.87         test_SK   
.8762E+00    10.000  0.229E+01   0.15964E+01   0.00000E+00   0.10000E+00    0.10000E+01    2.24         test_SK   
.8886E+00    10.000  0.214E+01   0.17759E+01   0.00000E+00   0.10000E+00    0.10000E+01    2.81         test_SK   
.9010E+00    10.000  0.198E+01   0.20353E+01   0.00000E+00   0.10000E+00    0.10000E+01    3.75         test_SK   
.9134E+00    10.000  0.183E+01   0.24288E+01   0.00000E+00   0.10000E+00    0.10000E+01    5.42         test_SK   
.9257E+00    10.000  0.168E+01   0.30663E+01   0.00000E+00   0.10000E+00    0.10000E+01    8.80         test_SK   
.9381E+00    10.000  0.154E+01   0.41966E+01   0.00000E+00   0.10000E+00    0.10000E+01   16.78         test_SK   
.9505E+00    10.000  0.140E+01   0.64822E+01   0.00000E+00   0.10000E+00    0.10000E+01   40.73         test_SK   
.9629E+00    10.000  0.127E+01   0.12165E+02   0.00000E+00   0.10000E+00    0.10000E+01  145.58         test_SK   
.9752E+00    10.000  0.114E+01   0.32639E+02   0.00000E+00   0.10000E+00    0.10000E+01 1058.79         test_SK   
.9876E+00    10.000  0.101E+01   0.20892E+03   0.00000E+00   0.10000E+00    0.10000E+01 *******         test_SK   
.1000E-03  1000.000  0.100E+08   0.10000E+01   0.00000E+00   0.10000E+00    0.10000E+01    0.81         test_SK   
.1274E-03  1000.000  0.785E+07   0.10000E+01   0.00000E+00   0.10000E+00    0.10000E+01    0.81         test_SK   
.1624E-03  1000.000  0.616E+07   0.10000E+01   0.00000E+00   0.10000E+00    0.10000E+01    0.81         test_SK   
.2069E-03  1000.000  0.483E+07   0.10000E+01   0.00000E+00   0.10000E+00    0.10000E+01    0.81         test_SK   
.2637E-03  1000.000  0.379E+07   0.10000E+01   0.00000E+00   0.10000E+00    0.10000E+01    0.81         test_SK   
.3360E-03  1000.000  0.298E+07   0.10000E+01   0.00000E+00   0.10000E+00    0.10000E+01    0.81         test_SK   
.4281E-03  1000.000  0.233E+07   0.10000E+01   0.00000E+00   0.10000E+00    0.10000E+01    0.81         test_SK   
.5456E-03  1000.000  0.183E+07   0.10000E+01   0.00000E+00   0.10000E+00    0.10000E+01    0.81         test_SK   
.6952E-03  1000.000  0.144E+07   0.99998E+00   0.00000E+00   0.10000E+00    0.10000E+01    0.81         test_SK   
.8859E-03  1000.000  0.113E+07   0.99994E+00   0.00000E+00   0.10000E+00    0.10000E+01    0.81         test_SK   
.1129E-02  1000.000  0.885E+06   0.99989E+00   0.00000E+00   0.10000E+00    0.10000E+01    0.81         test_SK   
.1438E-02  1000.000  0.694E+06   0.99983E+00   0.00000E+00   0.10000E+00    0.10000E+01    0.81         test_SK   
.1833E-02  1000.000  0.545E+06   0.99979E+00   0.00000E+00   0.10000E+00    0.10000E+01    0.81         test_SK   
.2336E-02  1000.000  0.427E+06   0.99976E+00   0.00000E+00   0.10000E+00    0.10000E+01    0.81         test_SK   
.2976E-02  1000.000  0.335E+06   0.99977E+00   0.00000E+00   0.10000E+00    0.10000E+01    0.81         test_SK   
.3793E-02  1000.000  0.263E+06   0.99980E+00   0.00000E+00   0.10000E+00    0.10000E+01    0.81         test_SK   
.4833E-02  1000.000  0.206E+06   0.99974E+00   0.00000E+00   0.10000E+00    0.10000E+01    0.81         test_SK   
.6158E-02  1000.000  0.161E+06   0.99961E+00   0.00000E+00   0.10000E+00    0.10000E+01    0.81         test_SK   
.7848E-02  1000.000  0.126E+06   0.99971E+00   0.00000E+00   0.10000E+00    0.10000E+01    0.81         test_SK   
.1000E-01  1000.000  0.990E+05   0.99951E+00   0.00000E+00   0.10000E+00    0.10000E+01    0.81         test_SK   
.2237E-01  1000.000  0.437E+05   0.99873E+00   0.00000E+00   0.10000E+00    0.10000E+01    0.81         test_SK   
.3475E-01  1000.000  0.278E+05   0.99812E+00   0.00000E+00   0.10000E+00    0.10000E+01    0.81         test_SK   
.4713E-01  1000.000  0.202E+05   0.99811E+00   0.00000E+00   0.10000E+00    0.10000E+01    0.81         test_SK   
.5950E-01  1000.000  0.158E+05   0.99745E+00   0.00000E+00   0.10000E+00    0.10000E+01    0.81         test_SK   
.7187E-01  1000.000  0.129E+05   0.99697E+00   0.00000E+00   0.10000E+00    0.10000E+01    0.80         test_SK   
.8425E-01  1000.000  0.109E+05   0.99614E+00   0.00000E+00   0.10000E+00    0.10000E+01    0.80         test_SK   
.9663E-01  1000.000  0.935E+04   0.99580E+00   0.00000E+00   0.10000E+00    0.10000E+01    0.80         test_SK   
.1090E+00  1000.000  0.818E+04   0.99569E+00   0.00000E+00   0.10000E+00    0.10000E+01    0.80         test_SK   
.1214E+00  1000.000  0.724E+04   0.99510E+00   0.00000E+00   0.10000E+00    0.10000E+01    0.80         test_SK   
.1338E+00  1000.000  0.648E+04   0.99464E+00   0.00000E+00   0.10000E+00    0.10000E+01    0.80         test_SK   
.1461E+00  1000.000  0.584E+04   0.99389E+00   0.00000E+00   0.10000E+00    0.10000E+01    0.80         test_SK   
.1585E+00  1000.000  0.531E+04   0.99365E+00   0.00000E+00   0.10000E+00    0.10000E+01    0.80         test_SK   
.1709E+00  1000.000  0.485E+04   0.99338E+00   0.00000E+00   0.10000E+00    0.10000E+01    0.80         test_SK   
.1832E+00  1000.000  0.446E+04   0.99298E+00   0.00000E+00   0.10000E+00    0.10000E+01    0.80         test_SK   
.1956E+00  1000.000  0.411E+04   0.99222E+00   0.00000E+00   0.10000E+00    0.10000E+01    0.80         test_SK   
.2080E+00  1000.000  0.381E+04   0.99191E+00   0.00000E+00   0.10000E+00    0.10000E+01    0.80         test_SK   
.2204E+00  1000.000  0.354E+04   0.99175E+00   0.00000E+00   0.10000E+00    0.10000E+01    0.80         test_SK   
.2328E+00  1000.000  0.330E+04   0.99145E+00   0.00000E+00   0.10000E+00    0.10000E+01    0.79         test_SK   
.2451E+00  1000.000  0.308E+04   0.99080E+00   0.00000E+00   0.10000E+00    0.10000E+01    0.79         test_SK   
.2575E+00  1000.000  0.288E+04   0.99027E+00   0.00000E+00   0.10000E+00    0.10000E+01    0.79         test_SK   
.2699E+00  1000.000  0.271E+04   0.99029E+00   0.00000E+00   0.10000E+00    0.10000E+01    0.79         test_SK   
.2823E+00  1000.000  0.254E+04   0.99007E+00   0.00000E+00   0.10000E+00    0.10000E+01    0.79         test_SK   
.2946E+00  1000.000  0.240E+04   0.98933E+00   0.00000E+00   0.10000E+00    0.10000E+01    0.79         test_SK   
.3070E+00  1000.000  0.226E+04   0.98906E+00   0.00000E+00   0.10000E+00    0.10000E+01    0.79         test_SK   
.3194E+00  1000.000  0.213E+04   0.98916E+00   0.00000E+00   0.10000E+00    0.10000E+01    0.79         test_SK   
.3317E+00  1000.000  0.202E+04   0.98863E+00   0.00000E+00   0.10000E+00    0.10000E+01    0.79         test_SK   
.3441E+00  1000.000  0.191E+04   0.98826E+00   0.00000E+00   0.10000E+00    0.10000E+01    0.79         test_SK   
.3565E+00  1000.000  0.181E+04   0.98835E+00   0.00000E+00   0.10000E+00    0.10000E+01    0.79         test_SK   
.3689E+00  1000.000  0.171E+04   0.98810E+00   0.00000E+00   0.10000E+00    0.10000E+01    0.79         test_SK   
.3812E+00  1000.000  0.162E+04   0.98764E+00   0.00000E+00   0.10000E+00    0.10000E+01    0.79         test_SK   
.3936E+00  1000.000  0.154E+04   0.98758E+00   0.00000E+00   0.10000E+00    0.10000E+01    0.79         test_SK   
.4060E+00  1000.000  0.146E+04   0.98784E+00   0.00000E+00   0.10000E+00    0.10000E+01    0.79         test_SK   
.4184E+00  1000.000  0.139E+04   0.98749E+00   0.00000E+00   0.10000E+00    0.10000E+01    0.79         test_SK   
.4308E+00  1000.000  0.132E+04   0.98732E+00   0.00000E+00   0.10000E+00    0.10000E+01    0.79         test_SK   
.4431E+00  1000.000  0.126E+04   0.98772E+00   0.00000E+00   0.10000E+00    0.10000E+01    0.79         test_SK   
.4555E+00  1000.000  0.120E+04   0.98766E+00   0.00000E+00   0.10000E+00    0.10000E+01    0.79         test_SK   
.4679E+00  1000.000  0.114E+04   0.98762E+00   0.00000E+00   0.10000E+00    0.10000E+01    0.79         test_SK   
.4803E+00  1000.000  0.108E+04   0.98823E+00   0.00000E+00   0.10000E+00    0.10000E+01    0.79         test_SK   
.4926E+00  1000.000  0.103E+04   0.98829E+00   0.00000E+00   0.10000E+00    0.10000E+01    0.79         test_SK   
.5050E+00  1000.000  0.981E+03   0.98865E+00   0.00000E+00   0.10000E+00    0.10000E+01    0.79         test_SK   
.5174E+00  1000.000  0.934E+03   0.98950E+00   0.00000E+00   0.10000E+00    0.10000E+01    0.79         test_SK   
.5298E+00  1000.000  0.889E+03   0.98972E+00   0.00000E+00   0.10000E+00    0.10000E+01    0.79         test_SK   
.5421E+00  1000.000  0.845E+03   0.99052E+00   0.00000E+00   0.10000E+00    0.10000E+01    0.79         test_SK   
.5545E+00  1000.000  0.804E+03   0.99144E+00   0.00000E+00   0.10000E+00    0.10000E+01    0.79         test_SK   
.5669E+00  1000.000  0.765E+03   0.99232E+00   0.00000E+00   0.10000E+00    0.10000E+01    0.80         test_SK   
.5793E+00  1000.000  0.727E+03   0.99377E+00   0.00000E+00   0.10000E+00    0.10000E+01    0.80         test_SK   
.5916E+00  1000.000  0.691E+03   0.99492E+00   0.00000E+00   0.10000E+00    0.10000E+01    0.80         test_SK   
.6040E+00  1000.000  0.657E+03   0.99672E+00   0.00000E+00   0.10000E+00    0.10000E+01    0.80         test_SK   
.6164E+00  1000.000  0.623E+03   0.99868E+00   0.00000E+00   0.10000E+00    0.10000E+01    0.81         test_SK   
.6288E+00  1000.000  0.591E+03   0.10008E+01   0.00000E+00   0.10000E+00    0.10000E+01    0.81         test_SK   
.6411E+00  1000.000  0.561E+03   0.10036E+01   0.00000E+00   0.10000E+00    0.10000E+01    0.82         test_SK   
.6535E+00  1000.000  0.531E+03   0.10063E+01   0.00000E+00   0.10000E+00    0.10000E+01    0.82         test_SK   
.6659E+00  1000.000  0.503E+03   0.10102E+01   0.00000E+00   0.10000E+00    0.10000E+01    0.83         test_SK   
.6783E+00  1000.000  0.475E+03   0.10139E+01   0.00000E+00   0.10000E+00    0.10000E+01    0.84         test_SK   
.6906E+00  1000.000  0.449E+03   0.10191E+01   0.00000E+00   0.10000E+00    0.10000E+01    0.84         test_SK   
.7030E+00  1000.000  0.423E+03   0.10244E+01   0.00000E+00   0.10000E+00    0.10000E+01    0.85         test_SK   
.7154E+00  1000.000  0.399E+03   0.10311E+01   0.00000E+00   0.10000E+00    0.10000E+01    0.87         test_SK   
.7278E+00  1000.000  0.375E+03   0.10386E+01   0.00000E+00   0.10000E+00    0.10000E+01    0.88         test_SK   
.7401E+00  1000.000  0.352E+03   0.10475E+01   0.00000E+00   0.10000E+00    0.10000E+01    0.90         test_SK   
.7525E+00  1000.000  0.330E+03   0.10586E+01   0.00000E+00   0.10000E+00    0.10000E+01    0.92         test_SK   
.7649E+00  1000.000  0.308E+03   0.10711E+01   0.00000E+00   0.10000E+00    0.10000E+01    0.94         test_SK   
.7772E+00  1000.000  0.287E+03   0.10866E+01   0.00000E+00   0.10000E+00    0.10000E+01    0.97         test_SK   
.7896E+00  1000.000  0.267E+03   0.11051E+01   0.00000E+00   0.10000E+00    0.10000E+01    1.01         test_SK   
.8020E+00  1000.000  0.248E+03   0.11275E+01   0.00000E+00   0.10000E+00    0.10000E+01    1.06         test_SK   
.8144E+00  1000.000  0.229E+03   0.11554E+01   0.00000E+00   0.10000E+00    0.10000E+01    1.11         test_SK   
.8267E+00  1000.000  0.210E+03   0.11902E+01   0.00000E+00   0.10000E+00    0.10000E+01    1.19         test_SK   
.8391E+00  1000.000  0.193E+03   0.12339E+01   0.00000E+00   0.10000E+00    0.10000E+01    1.29         test_SK   
.8515E+00  1000.000  0.175E+03   0.12901E+01   0.00000E+00   0.10000E+00    0.10000E+01    1.42         test_SK   
.8639E+00  1000.000  0.158E+03   0.13636E+01   0.00000E+00   0.10000E+00    0.10000E+01    1.60         test_SK   
.8762E+00  1000.000  0.142E+03   0.14624E+01   0.00000E+00   0.10000E+00    0.10000E+01    1.86         test_SK   
.8886E+00  1000.000  0.126E+03   0.15987E+01   0.00000E+00   0.10000E+00    0.10000E+01    2.25         test_SK   
.9010E+00  1000.000  0.111E+03   0.17941E+01   0.00000E+00   0.10000E+00    0.10000E+01    2.87         test_SK   
.9134E+00  1000.000  0.957E+02   0.20874E+01   0.00000E+00   0.10000E+00    0.10000E+01    3.95         test_SK   
.9257E+00  1000.000  0.811E+02   0.25575E+01   0.00000E+00   0.10000E+00    0.10000E+01    6.04         test_SK   
.9381E+00  1000.000  0.668E+02   0.33789E+01   0.00000E+00   0.10000E+00    0.10000E+01   10.75         test_SK   
.9505E+00  1000.000  0.530E+02   0.50120E+01   0.00000E+00   0.10000E+00    0.10000E+01   24.13         test_SK   
.9629E+00  1000.000  0.394E+02   0.89898E+01   0.00000E+00   0.10000E+00    0.10000E+01   79.03         test_SK   
.9752E+00  1000.000  0.263E+02   0.22957E+02   0.00000E+00   0.10000E+00    0.10000E+01  522.43         test_SK   
.9876E+00  1000.000  0.134E+02   0.13950E+03   0.00000E+00   0.10000E+00    0.10000E+01 *******         test_SK   
