# CJ15 AV18 final data choices
 LAMBDA      0.2268000000       0.000000000    
 a0uv         2.406555620       0.000000000    
 a1uv        0.6153600000       0.000000000    
 a2uv         3.543300000       0.000000000    
 a3uv         0.000000000       0.000000000    
 a4uv         3.461100000       0.000000000    
 a5uv         0.000000000       0.000000000    
 a0dv         24.68344469       0.000000000    
 a1dv         1.159500000       0.000000000    
 a2dv         6.551300000       0.000000000    
 a3dv        -3.503000000       0.000000000    
 a4dv         4.678700000       0.000000000    
 a5dv         0.000000000       0.000000000    
 a0ud        0.1465800000       0.000000000    
 a1ud       -0.2077500000       0.000000000    
 a2ud         8.328400000       0.000000000    
 a3ud         0.000000000       0.000000000    
 a4ud         14.60500000       0.000000000    
 a5ud         0.000000000       0.000000000    
 a0du         35712.00000       0.000000000    
 a1du         4.024900000       0.000000000    
 a2du         20.15100000       0.000000000    
 a3du         17.00000000       0.000000000    
 a4du         51.14600000       0.000000000    
 a0g          45.54310389       0.000000000    
 a1g         0.6030800000       0.000000000    
 a2g          6.481800000       0.000000000    
 a3g         -3.306400000       0.000000000    
 a4g          3.172200000       0.000000000    
 a5g          0.000000000       0.000000000    
 kappa       0.4000000000       0.000000000    
 a6dv       -0.3602100000E-02   0.000000000    
 a7dv         2.000000000       0.000000000    
 off1        -3.685700000       0.000000000    
 off2        0.5750000000E-01   0.000000000    
 ht1         -3.277464918      0.3020100000    
 ht2          1.921073536      0.1145800000    
 ht3         -2.286640882      0.3564600000E-01
 ht4          0.000000000       0.000000000    
 ht1n        -3.303088271      0.9653000000    
 ht2n         1.849238616      0.3049000000    
 ht3n        -2.042441203      0.5194300000E-01
 ht4n         0.000000000       0.000000000    
 dummy44      0.000000000       0.000000000    
 dummy45      0.000000000       0.000000000    
 dummy46      0.000000000       0.000000000    
 dummy47      0.000000000       0.000000000    
 dummy48      0.000000000       0.000000000    
 dummy49      0.000000000       0.000000000    
 bcdmsh2     0.9730800000       0.000000000    
 bcdmsd2     0.9931600000       0.000000000    
 ccfr         1.000000000       0.000000000    
 nutev        1.000000000       0.000000000    
 zeus        0.9799800000       0.000000000    
 h1           1.016200000       0.000000000    
 e605         1.031900000       0.000000000    
 NmcH2        1.009500000       0.000000000    
 ntv_nu       1.000000000       0.000000000    
 ntv_nubar    1.000000000       0.000000000    
 cdf_jet     0.9891000000       0.000000000    
 d0_jet      0.8350400000       0.000000000    
 slac_p       1.004900000       0.000000000    
 slac_d       1.004200000       0.000000000    
 e866pp      0.9658300000       0.000000000    
 e866pd      0.9637100000       0.000000000    
 d0_gamjet    1.038900000       0.000000000    
 h1b         0.9760800000       0.000000000    
 jlab_p      0.9944400000       0.000000000    
 jlab_d      0.9755400000       0.000000000    
 blank        1.000000000       0.000000000    
 d0run2      0.9408500000       0.000000000    
 cdfrun2     0.9264800000       0.000000000    
 HERA_el      1.000000000       0.000000000    
 HERA_ps      1.000000000       0.000000000    
 CDF_Z       0.9658200000       0.000000000    
 NmcRat       1.000000000       0.000000000    
 BNS_F2nd    0.9831500000       0.000000000    
 HERMES_F2p  0.9983300000       0.000000000    
 HERMES_F2d  0.9803900000       0.000000000    
 END 0. 0.
7,1,  'jl00106F2p', 68,    0, 1.691,500.,0.,1.,3.0,1000.,0.,1.,1,1,1
8,2,  'jl00106F2d', 69,10814, 1.691,500.,0.,1.,3.0,1000.,0.,1.,1,1,1
17,1, 'HerF2pCut',  78,    0, 1.691,500.,0.,1.,3.0,1000.,0.,1.,1,1,1
18,2, 'HerF2dCut',  79,10814, 1.691,500.,0.,1.,3.0,1000.,0.,1.,1,1,1
5,1,  'slac_p',     62,    0, 1.691,500. 0.,1.,3.0,1000.,0.,1.,1,1,1
6,2,  'slac_d',     63,10814, 1.691,500.,0.,1.,3.0,1000.,0.,1.,1,1,1
3,1,  'BcdF2pCor',  50,    0, 1.691,500.,0.,1.,3.0,1000.,0.,1.,2,1,1
4,2,  'BcdF2dCor',  51,10814, 1.691,500.,0.,1.,3.0,1000.,0.,1.,2,1,1
51,1, 'NmcF2pCor',  57,    0, 1.691,500.,0.,1.,3.0,1000.,0.,1.,2,1,1
53,9, 'NmcRatCor',  76,10814, 1.691,500.,0.,1.,3.0,1000.,0.,1.,2,1,1
80,1, 'H2_NC_em',  100,    0, 1.691,1.e5,0.,1.,3.0,1.0e7,0.,1.,2,1,1
93,1, 'H2_NC_ep_1',100,    0, 1.691,1.e5,0.,1.,3.0,1.0e7,0.,1.,2,1,1
94,1, 'H2_NC_ep_2',100,    0, 1.691,1.e5,0.,1.,3.0,1.0e7,0.,1.,2,1,1
95,1, 'H2_NC_ep_3',100,    0, 1.691,1.e5,0.,1.,3.0,1.0e7,0.,1.,2,1,1
96,1, 'H2_NC_ep_4',100,    0, 1.691,1.e5,0.,1.,3.0,1.0e7,0.,1.,2,1,1
82,1, 'H2_CC_em',  100,    0, 1.691,1.e5,0.,1.,3.0,1.0e7,0.,1.,2,1,1
83,1, 'H2_CC_ep',  100,    0, 1.691,1.e5,0.,1.,3.0,1.0e7,0.,1.,2,1,1
55,6, 'BNS_F2nd',   77,10814, 1.691,1.e5,0.,1.,3.0,1.0e7,0.,1.,1,1,1
108,1,'e866pp06xf', 64,    0,  36.,0.,0.,0.,0.,0.,0.,0.,       1,0,0
110,1,'e866pd06xf', 65,10814,  36.,0.,0.,0.,0.,0.,0.,0.,       1,0,0
128,5,'cdfLasy05', 100,    0,   0.,0.,0.,0.,0.,0.,0.,0.,       1,0,0
130,5,'d0Lasy_e15',100,    0,   0.,0.,0.,0.,0.,0.,0.,0.,       1,0,0
134,5,'d0Lasy13',  100,    0,   0.,0.,0.,0.,0.,0.,0.,0.,       1,0,0
131,5,'CDF_Wasy',  100,    0,   0.,0.,0.,0.,0.,0.,0.,0.,       1,0,0
132,5,'D0_Wasy',   100,    0,   0.,0.,0.,0.,0.,0.,0.,0.,       1,0,0
140,1,'CDF_Z',     75,     0,   0.,0.,0.,0.,0.,0.,0.,0.,       1,0,0
141,1,'D0_Z',      100,    0,   0.,0.,0.,0.,0.,0.,0.,0.,       1,0,0
203,1,'d0run2cone',71,     0,   0.,0.,0.,0.,0.,0.,0.,0.,       1,0,0
204,1,'CDFrun2jet',72,     0,   0.,0.,0.,0.,0.,0.,0.,0.,       1,0,0
301,1,'d0_gamjet1', 66,    0,   0.,0.,0.,0.,0.,0.,0.,0.,       1,0,0
302,1,'d0_gamjet2', 66,    0,   0.,0.,0.,0.,0.,0.,0.,0.,       1,0,0
303,1,'d0_gamjet3', 66,    0,   0.,0.,0.,0.,0.,0.,0.,0.,       1,0,0
304,1,'d0_gamjet4', 66,    0,   0.,0.,0.,0.,0.,0.,0.,0.,       1,0,0
999,0,'dummy',       0,    0,   0.,0.,0.,0.,0.,0.,0.,0.,       0,0,0
0,6,1,1.69,7,1
4.5,12
1
CJ15 AV18 final data choices
/EOF
