
**************************************************************************

   These are published data of the HERMES Collaboration.                  
   You are free to use these data in any publication. However, you must   
   make a reference to the following publication:                         

   A. Airapetian et al, JHEP 05 (2011) 126 

   Source: http://www-hermes.desy.de/notes/pub/publications.html
   
**************************************************************************

##################################################################################	
#                 F2D (DEUTERIUM TARGET)                                         #	
##################################################################################	
The additional overall normalization uncertainty of 7.5% is not included.	
xbin Q2bin <x>    <Q2> d2sigmap/dxdq2 F2p dstat   dmis   drad   dPID      dmodel
 1   1  0.0069   0.291  0.323E+05  0.164   1.41   5.36   0.36   0.69	   3.14
 2   1  0.0102   0.404  0.143E+05  0.193   1.30   3.95   0.47   0.87	   2.15
 3   1  0.0142   0.514  0.732E+04  0.217   0.84   4.36   0.40   0.61	   1.70
 4   1  0.0186   0.626  0.432E+04  0.242   0.95   3.89   0.30   0.36	   1.53
 5   1  0.0244   0.725  0.307E+04  0.274   0.81   4.66   0.27   0.10	   1.43
 6   1  0.0325   0.872  0.182E+04  0.291   0.87   3.78   0.22   0.01	   1.38
 7   1  0.0398   0.903  0.157E+04  0.306   1.32   3.92   0.10   0.05	   1.50
 8   1  0.0486   0.929  0.141E+04  0.323   2.26   6.43   0.29   0.07	   2.63
 9   1  0.0595   1.102  0.830E+03  0.323   2.60   3.17   0.70   0.05	   1.33
10   1  0.0724   1.127  0.764E+03  0.348   2.62   5.49   0.45   0.06	   1.14
11   1  0.0882   1.167  0.585E+03  0.338   2.53   3.45   1.18   0.07	   0.84
12   1  0.1078   1.205  0.498E+03  0.345   3.66   5.93   1.18   0.07	   0.75
13   1  0.1330   1.263  0.375E+03  0.329   3.06   2.56   0.94   0.07	   0.78
14   1  0.1657   1.337  0.287E+03  0.354   2.65   7.52   0.90   0.06	   1.02
15   1  0.2093   1.447  0.177E+03  0.298   2.21   2.99   0.52   0.06	   1.87
16   1  0.2642   1.749  0.997E+02  0.298   1.25   3.29   0.56   0.05	   2.65
17   1  0.3477   2.672  0.244E+02  0.217   1.37   7.62   0.21   0.05	   1.99
18   1  0.4605   4.224  0.475E+01  0.142   1.13   4.10   0.11   0.04	   1.70
19   1  0.6346   8.688  0.266E+00  0.047   2.80   1.17   0.02   0.08	   1.25
 1   2  0.0085   0.354  0.205E+05  0.189   1.29   3.75   0.81   0.93	   2.43
 2   2  0.0117   0.477  0.986E+04  0.226   0.77   2.07   0.69   1.22	   2.05
 3   2  0.0152   0.612  0.492E+04  0.241   0.61   1.03   0.36   1.50	   1.90
 4   2  0.0193   0.770  0.262E+04  0.258   0.64   0.79   0.40   1.80	   1.79
 5   2  0.0250   0.896  0.169E+04  0.272   0.52   0.56   0.12   1.07	   1.51
 6   2  0.0327   1.144  0.878E+03  0.291   0.68   0.64   0.30   0.92	   1.47
 7   2  0.0401   1.074  0.103E+04  0.308   1.06   2.61   0.17   0.01	   1.28
 8   2  0.0490   1.123  0.862E+03  0.318   1.05   2.47   0.24   0.03	   1.22
 9   2  0.0596   1.281  0.591E+03  0.337   2.05   2.26   0.36   0.06	   0.81
10   2  0.0725   1.359  0.466E+03  0.329   1.85   3.96   0.36   0.06	   0.58
11   2  0.0884   1.399  0.407E+03  0.349   1.96   3.58   0.05   0.06	   0.51
12   2  0.1082   1.554  0.280E+03  0.348   1.22   4.34   0.19   0.06	   0.47
13   2  0.1333   1.632  0.215E+03  0.339   1.85   1.84   0.34   0.06	   0.49
14   2  0.1661   1.811  0.144E+03  0.341   1.01   4.10   0.05   0.05	   0.50
15   2  0.2104   2.050  0.857E+02  0.314   1.53   2.80   0.09   0.05	   0.58
16   2  0.2722   2.471  0.432E+02  0.285   1.02   3.85   0.18   0.05	   0.78
17   2  0.3620   3.790  0.110E+02  0.218   0.86   2.21   0.04   0.04	   0.57
18   2  0.4900   6.026  0.180E+01  0.120   0.65   0.94   0.01   0.04	   0.62
19   2  0.6641  12.778  0.795E-01  0.036   2.32   0.86   0.01   0.05	   0.66
 5   3  0.0270   1.092  0.102E+04  0.292   0.68   1.06   0.25   2.39	   1.81
 6   3  0.0338   1.391  0.531E+03  0.309   0.99   0.28   0.43   2.98	   1.93
 7   3  0.0401   1.293  0.629E+03  0.309   0.80   2.71   0.15   0.38	   1.35
 8   3  0.0490   1.460  0.445E+03  0.316   0.70   1.29   0.12   0.17	   1.05
 9   3  0.0596   1.466  0.419E+03  0.323   1.09   1.73   0.24   0.01	   0.69
10   3  0.0726   1.627  0.305E+03  0.337   1.10   2.05   0.07   0.04	   0.48
11   3  0.0885   1.691  0.247E+03  0.337   1.11   1.43   0.02   0.05	   0.41
12   3  0.1082   2.013  0.151E+03  0.341   0.96   2.70   0.08   0.05	   0.37
13   3  0.1334   2.158  0.109E+03  0.335   1.09   2.17   0.05   0.05	   0.33
14   3  0.1662   2.458  0.703E+02  0.328   1.22   0.98   0.07   0.05	   0.30
15   3  0.2105   2.851  0.415E+02  0.310   0.75   2.40   0.07   0.04	   0.29
16   3  0.2724   3.479  0.195E+02  0.272   0.67   1.74   0.03   0.04	   0.28
17   3  0.3622   5.125  0.520E+01  0.205   0.62   1.84   0.04   0.04	   0.21
18   3  0.4957   8.280  0.821E+00  0.113   0.70   2.23   0.02   0.05	   0.22
 7   4  0.0408   1.615  0.349E+03  0.311   0.68   0.53   0.34   2.58	   1.76
 8   4  0.0496   1.927  0.210E+03  0.320   0.60   0.68   0.10   2.49	   1.49
 9   4  0.0596   1.675  0.297E+03  0.328   1.21   1.88   0.06   0.04	   0.69
10   4  0.0726   1.928  0.199E+03  0.339   1.46   2.13   0.01   0.01	   0.46
11   4  0.0885   2.080  0.150E+03  0.339   0.89   1.21   0.07   0.03	   0.37
12   4  0.1083   2.490  0.893E+02  0.336   1.01   1.50   0.18   0.04	   0.31
13   4  0.1334   2.795  0.614E+02  0.345   0.83   2.67   0.11   0.04	   0.26
14   4  0.1663   3.195  0.377E+02  0.326   0.90   1.91   0.01   0.04	   0.22
15   4  0.2106   3.709  0.219E+02  0.305   0.69   1.80   0.04   0.05	   0.19
16   4  0.2726   4.527  0.106E+02  0.266   0.88   2.14   0.04   0.05	   0.17
17   4  0.3624   6.797  0.263E+01  0.197   0.58   1.63   0.01   0.04	   0.12
18   4  0.5038  11.344  0.350E+00  0.103   1.03   1.61   0.02   0.07	   0.31
 9   5  0.0597   1.906  0.210E+03  0.321   0.90   0.78   0.08   0.30	   0.74
10   5  0.0726   2.276  0.128E+03  0.334   0.92   1.53   0.13   0.22	   0.53
11   5  0.0885   2.587  0.863E+02  0.335   0.68   1.33   0.11   0.09	   0.40
12   5  0.1083   3.071  0.519E+02  0.338   0.55   1.49   0.03   0.03	   0.32
13   5  0.1335   3.538  0.331E+02  0.330   0.82   0.91   0.04   0.02	   0.25
14   5  0.1664   4.051  0.210E+02  0.321   0.54   1.32   0.03   0.04	   0.19
15   5  0.2107   4.702  0.122E+02  0.298   0.57   1.02   0.05   0.05	   0.15
16   5  0.2726   5.685  0.603E+01  0.262   0.66   2.03   0.00   0.04	   0.12
17   5  0.3679   9.154  0.124E+01  0.189   0.69   1.40   0.02   0.05	   0.25
 9   6  0.0603   2.319  0.124E+03  0.324   0.73   0.77   0.06   2.40	   1.15
10   6  0.0734   2.806  0.726E+02  0.329   0.65   0.48   0.03   2.17	   0.87
11   6  0.0894   3.341  0.444E+02  0.331   0.65   0.66   0.07   1.58	   0.64
12   6  0.1094   3.946  0.267E+02  0.331   0.58   1.03   0.07   0.96	   0.51
13   6  0.1347   4.618  0.164E+02  0.322   0.55   0.56   0.06   0.41	   0.40
14   6  0.1679   5.344  0.102E+02  0.311   0.56   1.45   0.02   0.11	   0.30
15   6  0.2128   6.266  0.592E+01  0.292   0.63   2.05   0.02   0.02	   0.24
16   6  0.2759   7.501  0.299E+01  0.249   0.57   0.85   0.03   0.04	   0.22
