
**************************************************************************

   These are published data of the HERMES Collaboration.                  
   You are free to use these data in any publication. However, you must   
   make a reference to the following publication:                         

   A. Airapetian et al, JHEP 05 (2011) 126 

   Source: http://www-hermes.desy.de/notes/pub/publications.html
   
**************************************************************************

#################################################################################	
#                 F2P (HYDROGEN TARGET)                                         #	  
#################################################################################	
The additional overall normalization uncertainty of 7.6% is not included.	
xbin Q2bin <x>    <Q2> d2sigmap/dxdq2 F2p dstat   dmis   drad   dPID      dmodel
 1   1  0.0069   0.291  0.323E+05  0.162   1.60   5.36   1.75   0.69	   4.30
 2   1  0.0102   0.404  0.143E+05  0.200   1.35   3.95   0.48   0.87	   2.79
 3   1  0.0142   0.514  0.732E+04  0.219   0.91   4.36   0.08   0.61	   2.22
 4   1  0.0186   0.626  0.432E+04  0.241   0.99   3.89   0.10   0.36	   1.85
 5   1  0.0244   0.725  0.307E+04  0.277   0.83   4.66   0.24   0.10	   1.66
 6   1  0.0325   0.872  0.182E+04  0.299   0.88   3.78   0.39   0.01	   1.54
 7   1  0.0398   0.903  0.157E+04  0.310   1.32   3.92   0.71   0.05	   1.71
 8   1  0.0486   0.929  0.141E+04  0.334   2.15   6.43   0.27   0.07	   2.76
 9   1  0.0595   1.102  0.830E+03  0.334   2.44   3.17   0.60   0.05	   1.41
10   1  0.0724   1.127  0.764E+03  0.368   2.39   5.49   0.71   0.06	   1.20
11   1  0.0882   1.167  0.585E+03  0.351   2.25   3.45   0.67   0.07	   0.94
12   1  0.1078   1.205  0.498E+03  0.373   3.23   5.93   0.54   0.07	   0.85
13   1  0.1330   1.263  0.375E+03  0.369   2.58   2.56   0.83   0.07	   0.92
14   1  0.1657   1.337  0.287E+03  0.383   2.25   7.52   1.27   0.06	   1.15
15   1  0.2093   1.447  0.177E+03  0.341   1.75   2.99   0.62   0.06	   1.92
16   1  0.2642   1.749  0.997E+02  0.352   1.10   3.29   0.55   0.05	   2.87
17   1  0.3477   2.672  0.244E+02  0.269   1.22   7.62   0.15   0.05	   2.15
18   1  0.4605   4.224  0.475E+01  0.179   1.09   4.10   0.08   0.04	   1.83
19   1  0.6346   8.688  0.266E+00  0.064   2.62   1.17   0.06   0.08	   1.31
 1   2  0.0085   0.354  0.205E+05  0.191   1.45   3.75   1.35   0.93	   3.31
 2   2  0.0117   0.477  0.986E+04  0.228   0.85   2.07   1.44   1.22	   2.77
 3   2  0.0152   0.612  0.492E+04  0.243   0.68   1.03   0.76   1.50	   2.53
 4   2  0.0193   0.770  0.262E+04  0.261   0.70   0.79   0.51   1.80	   2.27
 5   2  0.0250   0.896  0.169E+04  0.272   0.56   0.56   0.41   1.07	   1.83
 6   2  0.0327   1.144  0.878E+03  0.295   0.71   0.64   0.15   0.92	   1.71
 7   2  0.0401   1.074  0.103E+04  0.315   1.09   2.61   0.15   0.01	   1.46
 8   2  0.0490   1.123  0.862E+03  0.326   1.06   2.47   0.23   0.03	   1.37
 9   2  0.0596   1.281  0.591E+03  0.343   2.00   2.26   0.56   0.06	   0.92
10   2  0.0725   1.359  0.466E+03  0.349   1.72   3.96   0.40   0.06	   0.65
11   2  0.0884   1.399  0.407E+03  0.371   1.78   3.58   0.14   0.06	   0.59
12   2  0.1082   1.554  0.280E+03  0.374   1.14   4.34   0.15   0.06	   0.53
13   2  0.1333   1.632  0.215E+03  0.372   1.67   1.84   0.35   0.06	   0.56
14   2  0.1661   1.811  0.144E+03  0.373   0.97   4.10   0.14   0.05	   0.57
15   2  0.2104   2.050  0.857E+02  0.352   1.38   2.80   0.26   0.05	   0.64
16   2  0.2722   2.471  0.432E+02  0.329   0.95   3.85   0.17   0.05	   0.85
17   2  0.3620   3.790  0.110E+02  0.268   0.81   2.21   0.06   0.04	   0.64
18   2  0.4900   6.026  0.180E+01  0.156   0.62   0.94   0.02   0.04	   0.69
19   2  0.6641  12.778  0.795E-01  0.047   2.19   0.86   0.10   0.05	   0.67
 5   3  0.0270   1.092  0.102E+04  0.289   0.76   1.06   0.18   2.39	   2.20
 6   3  0.0338   1.391  0.531E+03  0.307   1.08   0.28   0.29   2.98	   2.32
 7   3  0.0401   1.293  0.629E+03  0.313   0.83   2.71   0.17   0.38	   1.54
 8   3  0.0490   1.460  0.445E+03  0.327   0.70   1.29   0.12   0.17	   1.18
 9   3  0.0596   1.466  0.419E+03  0.339   1.10   1.73   0.45   0.01	   0.80
10   3  0.0726   1.627  0.305E+03  0.353   1.08   2.05   0.25   0.04	   0.56
11   3  0.0885   1.691  0.247E+03  0.351   1.09   1.43   0.06   0.05	   0.49
12   3  0.1082   2.013  0.151E+03  0.367   0.95   2.70   0.06   0.05	   0.41
13   3  0.1334   2.158  0.109E+03  0.359   1.04   2.17   0.15   0.05	   0.39
14   3  0.1662   2.458  0.703E+02  0.363   1.15   0.98   0.12   0.05	   0.35
15   3  0.2105   2.851  0.415E+02  0.355   0.73   2.40   0.06   0.04	   0.33
16   3  0.2724   3.479  0.195E+02  0.316   0.66   1.74   0.09   0.04	   0.31
17   3  0.3622   5.125  0.520E+01  0.250   0.60   1.84   0.02   0.04	   0.23
18   3  0.4957   8.280  0.821E+00  0.147   0.66   2.23   0.00   0.05	   0.23
 7   4  0.0408   1.615  0.349E+03  0.317   0.72   0.53   0.35   2.58	   2.08
 8   4  0.0496   1.927  0.210E+03  0.323   0.65   0.68   0.20   2.49	   1.74
 9   4  0.0596   1.675  0.297E+03  0.337   1.22   1.88   0.18   0.04	   0.79
10   4  0.0726   1.928  0.199E+03  0.352   1.42   2.13   0.16   0.01	   0.55
11   4  0.0885   2.080  0.150E+03  0.354   0.91   1.21   0.16   0.03	   0.47
12   4  0.1083   2.490  0.893E+02  0.364   0.99   1.50   0.13   0.04	   0.37
13   4  0.1334   2.795  0.614E+02  0.372   0.82   2.67   0.10   0.04	   0.31
14   4  0.1663   3.195  0.377E+02  0.358   0.88   1.91   0.08   0.04	   0.27
15   4  0.2106   3.709  0.219E+02  0.343   0.68   1.80   0.09   0.05	   0.22
16   4  0.2726   4.527  0.106E+02  0.315   0.84   2.14   0.02   0.05	   0.19
17   4  0.3624   6.797  0.263E+01  0.242   0.57   1.63   0.01   0.04	   0.13
18   4  0.5038  11.344  0.350E+00  0.132   0.98   1.61   0.01   0.07	   0.32
 9   5  0.0597   1.906  0.210E+03  0.333   0.93   0.78   0.17   0.30	   0.87
10   5  0.0726   2.276  0.128E+03  0.346   0.93   1.53   0.16   0.22	   0.62
11   5  0.0885   2.587  0.863E+02  0.351   0.70   1.33   0.03   0.09	   0.47
12   5  0.1083   3.071  0.519E+02  0.355   0.58   1.49   0.01   0.03	   0.37
13   5  0.1335   3.538  0.331E+02  0.356   0.82   0.91   0.01   0.02	   0.29
14   5  0.1664   4.051  0.210E+02  0.354   0.56   1.32   0.04   0.04	   0.23
15   5  0.2107   4.702  0.122E+02  0.336   0.58   1.02   0.05   0.05	   0.18
16   5  0.2726   5.685  0.603E+01  0.304   0.66   2.03   0.03   0.04	   0.14
17   5  0.3679   9.154  0.124E+01  0.234   0.68   1.40   0.01   0.05	   0.27
 9   6  0.0603   2.319  0.124E+03  0.330   0.76   0.77   0.13   2.40	   1.35
10   6  0.0734   2.806  0.726E+02  0.339   0.69   0.48   0.15   2.17	   1.01
11   6  0.0894   3.341  0.444E+02  0.349   0.68   0.66   0.11   1.58	   0.77
12   6  0.1094   3.946  0.267E+02  0.346   0.62   1.03   0.08   0.96	   0.60
13   6  0.1347   4.618  0.164E+02  0.346   0.58   0.56   0.03   0.41	   0.46
14   6  0.1679   5.344  0.102E+02  0.342   0.58   1.45   0.04   0.11	   0.34
15   6  0.2128   6.266  0.592E+01  0.330   0.63   2.05   0.02   0.02	   0.27
16   6  0.2759   7.501  0.299E+01  0.296   0.57   0.85   0.01   0.04	   0.24
